04:02:43,root.bursty0,0,0
04:02:43,root.bursty2,0,0
04:02:43,root.bursty1,0,0
04:02:43,root.default,0,0
04:02:43,root.batch6,0,0
04:02:43,root.batch7,0,0
04:02:43,root.batch0,0,0
04:02:43,root.batch1,0,0
04:02:43,root.batch4,0,0
04:02:43,root.batch5,0,0
04:02:43,root.batch2,0,0
04:02:43,root.batch3,0,0
04:02:44,root.bursty0,0,0
04:02:44,root.bursty2,0,0
04:02:44,root.bursty1,0,0
04:02:44,root.default,0,0
04:02:44,root.batch6,0,0
04:02:44,root.batch7,0,0
04:02:44,root.batch0,0,0
04:02:44,root.batch1,0,0
04:02:44,root.batch4,0,0
04:02:44,root.batch5,0,0
04:02:44,root.batch2,0,0
04:02:44,root.batch3,0,0
04:02:45,root.bursty0,0,0
04:02:45,root.bursty2,0,0
04:02:45,root.bursty1,0,0
04:02:45,root.default,0,0
04:02:45,root.batch6,0,0
04:02:45,root.batch7,0,0
04:02:45,root.batch0,0,0
04:02:45,root.batch1,0,0
04:02:45,root.batch4,0,0
04:02:45,root.batch5,0,0
04:02:45,root.batch2,0,0
04:02:45,root.batch3,0,0
04:02:47,root.bursty0,0,0
04:02:47,root.bursty2,0,0
04:02:47,root.bursty1,0,0
04:02:47,root.default,0,0
04:02:47,root.batch6,0,0
04:02:47,root.batch7,0,0
04:02:47,root.batch0,0,0
04:02:47,root.batch1,0,0
04:02:47,root.batch4,0,0
04:02:47,root.batch5,0,0
04:02:47,root.batch2,0,0
04:02:47,root.batch3,0,0
04:02:48,root.bursty0,0,0
04:02:48,root.bursty2,0,0
04:02:48,root.bursty1,0,0
04:02:48,root.default,0,0
04:02:48,root.batch6,0,0
04:02:48,root.batch7,0,0
04:02:48,root.batch0,0,0
04:02:48,root.batch1,0,0
04:02:48,root.batch4,0,0
04:02:48,root.batch5,0,0
04:02:48,root.batch2,0,0
04:02:48,root.batch3,0,0
04:02:49,root.bursty0,0,0
04:02:49,root.bursty2,0,0
04:02:49,root.bursty1,0,0
04:02:49,root.default,0,0
04:02:49,root.batch6,0,0
04:02:49,root.batch7,0,0
04:02:49,root.batch0,0,0
04:02:49,root.batch1,0,0
04:02:49,root.batch4,0,0
04:02:49,root.batch5,0,0
04:02:49,root.batch2,0,0
04:02:49,root.batch3,0,0
04:02:50,root.bursty0,0,0
04:02:50,root.bursty2,0,0
04:02:50,root.bursty1,0,0
04:02:50,root.default,0,0
04:02:50,root.batch6,0,0
04:02:50,root.batch7,0,0
04:02:50,root.batch0,0,0
04:02:50,root.batch1,0,0
04:02:50,root.batch4,0,0
04:02:50,root.batch5,0,0
04:02:50,root.batch2,0,0
04:02:50,root.batch3,0,0
04:02:51,root.bursty0,0,0
04:02:51,root.bursty2,0,0
04:02:51,root.bursty1,0,0
04:02:51,root.default,0,0
04:02:51,root.batch6,0,0
04:02:51,root.batch7,0,0
04:02:51,root.batch0,0,0
04:02:51,root.batch1,0,0
04:02:51,root.batch4,0,0
04:02:51,root.batch5,0,0
04:02:51,root.batch2,0,0
04:02:51,root.batch3,0,0
04:02:52,root.bursty0,0,0
04:02:52,root.bursty2,0,0
04:02:52,root.bursty1,0,0
04:02:52,root.default,0,0
04:02:52,root.batch6,0,0
04:02:52,root.batch7,0,0
04:02:52,root.batch0,0,0
04:02:52,root.batch1,0,0
04:02:52,root.batch4,0,0
04:02:52,root.batch5,0,0
04:02:52,root.batch2,0,0
04:02:52,root.batch3,0,0
04:02:53,root.bursty0,0,0
04:02:53,root.bursty2,0,0
04:02:53,root.bursty1,0,0
04:02:53,root.default,0,0
04:02:53,root.batch6,0,0
04:02:53,root.batch7,0,0
04:02:53,root.batch0,0,0
04:02:53,root.batch1,0,0
04:02:53,root.batch4,0,0
04:02:53,root.batch5,0,0
04:02:53,root.batch2,0,0
04:02:53,root.batch3,0,0
04:02:54,root.bursty0,0,0
04:02:54,root.bursty2,0,0
04:02:54,root.bursty1,0,0
04:02:54,root.default,0,0
04:02:54,root.batch6,0,0
04:02:54,root.batch7,0,0
04:02:54,root.batch0,0,0
04:02:54,root.batch1,0,0
04:02:54,root.batch4,0,0
04:02:54,root.batch5,0,0
04:02:54,root.batch2,0,0
04:02:54,root.batch3,0,0
04:02:55,root.bursty0,0,0
04:02:55,root.bursty2,0,0
04:02:55,root.bursty1,0,0
04:02:55,root.default,0,0
04:02:55,root.batch6,0,0
04:02:55,root.batch7,0,0
04:02:55,root.batch0,0,0
04:02:55,root.batch1,0,0
04:02:55,root.batch4,0,0
04:02:55,root.batch5,0,0
04:02:55,root.batch2,0,0
04:02:55,root.batch3,0,0
04:02:56,root.bursty0,0,0
04:02:56,root.bursty2,0,0
04:02:56,root.bursty1,0,0
04:02:56,root.default,0,0
04:02:56,root.batch6,0,0
04:02:56,root.batch7,0,0
04:02:56,root.batch0,0,0
04:02:56,root.batch1,0,0
04:02:56,root.batch4,0,0
04:02:56,root.batch5,0,0
04:02:56,root.batch2,0,0
04:02:56,root.batch3,0,0
04:02:57,root.bursty0,0,0
04:02:57,root.bursty2,0,0
04:02:57,root.bursty1,0,0
04:02:57,root.default,0,0
04:02:57,root.batch6,0,0
04:02:57,root.batch7,0,0
04:02:57,root.batch0,0,0
04:02:57,root.batch1,0,0
04:02:57,root.batch4,0,0
04:02:57,root.batch5,0,0
04:02:57,root.batch2,0,0
04:02:57,root.batch3,0,0
04:02:58,root.bursty0,0,0
04:02:58,root.bursty2,0,0
04:02:58,root.bursty1,0,0
04:02:58,root.default,0,0
04:02:58,root.batch6,0,0
04:02:58,root.batch7,0,0
04:02:58,root.batch0,0,0
04:02:58,root.batch1,0,0
04:02:58,root.batch4,0,0
04:02:58,root.batch5,0,0
04:02:58,root.batch2,0,0
04:02:58,root.batch3,0,0
04:02:59,root.bursty0,0,0
04:02:59,root.bursty2,0,0
04:02:59,root.bursty1,0,0
04:02:59,root.default,0,0
04:02:59,root.batch6,0,0
04:02:59,root.batch7,0,0
04:02:59,root.batch0,0,0
04:02:59,root.batch1,0,0
04:02:59,root.batch4,0,0
04:02:59,root.batch5,0,0
04:02:59,root.batch2,0,0
04:02:59,root.batch3,0,0
04:03:00,root.bursty0,0,0
04:03:00,root.bursty2,0,0
04:03:00,root.bursty1,0,0
04:03:00,root.default,0,0
04:03:00,root.batch6,0,0
04:03:00,root.batch7,0,0
04:03:00,root.batch0,0,0
04:03:00,root.batch1,0,0
04:03:00,root.batch4,0,0
04:03:00,root.batch5,0,0
04:03:00,root.batch2,0,0
04:03:00,root.batch3,0,0
04:03:01,root.bursty0,0,0
04:03:01,root.bursty2,0,0
04:03:01,root.bursty1,0,0
04:03:01,root.default,0,0
04:03:01,root.batch6,0,0
04:03:01,root.batch7,0,0
04:03:01,root.batch0,0,0
04:03:01,root.batch1,0,0
04:03:01,root.batch4,0,0
04:03:01,root.batch5,0,0
04:03:01,root.batch2,0,0
04:03:01,root.batch3,0,0
04:03:03,root.bursty0,0,0
04:03:03,root.bursty2,0,0
04:03:03,root.bursty1,0,0
04:03:03,root.default,0,0
04:03:03,root.batch6,0,0
04:03:03,root.batch7,0,0
04:03:03,root.batch0,0,0
04:03:03,root.batch1,0,0
04:03:03,root.batch4,0,0
04:03:03,root.batch5,0,0
04:03:03,root.batch2,0,0
04:03:03,root.batch3,0,0
04:03:04,root.bursty0,0,0
04:03:04,root.bursty2,0,0
04:03:04,root.bursty1,0,0
04:03:04,root.default,0,0
04:03:04,root.batch6,0,0
04:03:04,root.batch7,0,0
04:03:04,root.batch1,0,0
04:03:04,root.batch4,0,0
04:03:04,root.batch5,0,0
04:03:04,root.batch2,0,0
04:03:04,root.batch3,0,0
04:03:04,root.batch0,4,4096
04:03:05,root.bursty0,0,0
04:03:05,root.bursty2,0,0
04:03:05,root.bursty1,0,0
04:03:05,root.default,0,0
04:03:05,root.batch6,0,0
04:03:05,root.batch7,0,0
04:03:05,root.batch1,0,0
04:03:05,root.batch4,0,0
04:03:05,root.batch5,0,0
04:03:05,root.batch2,0,0
04:03:05,root.batch3,0,0
04:03:05,root.batch0,8,8192
04:03:06,root.bursty0,0,0
04:03:06,root.bursty2,0,0
04:03:06,root.bursty1,0,0
04:03:06,root.default,0,0
04:03:06,root.batch6,0,0
04:03:06,root.batch7,0,0
04:03:06,root.batch1,0,0
04:03:06,root.batch4,0,0
04:03:06,root.batch5,0,0
04:03:06,root.batch2,0,0
04:03:06,root.batch3,0,0
04:03:06,root.batch0,8,8192
04:03:07,root.bursty0,0,0
04:03:07,root.bursty2,0,0
04:03:07,root.bursty1,0,0
04:03:07,root.default,0,0
04:03:07,root.batch6,0,0
04:03:07,root.batch7,0,0
04:03:07,root.batch1,0,0
04:03:07,root.batch4,0,0
04:03:07,root.batch5,0,0
04:03:07,root.batch2,0,0
04:03:07,root.batch3,0,0
04:03:07,root.batch0,8,8192
04:03:08,root.bursty0,0,0
04:03:08,root.bursty2,0,0
04:03:08,root.bursty1,0,0
04:03:08,root.default,0,0
04:03:08,root.batch6,0,0
04:03:08,root.batch7,0,0
04:03:08,root.batch1,0,0
04:03:08,root.batch4,0,0
04:03:08,root.batch5,0,0
04:03:08,root.batch2,0,0
04:03:08,root.batch3,0,0
04:03:08,root.batch0,8,8192
04:03:09,root.bursty0,0,0
04:03:09,root.bursty2,0,0
04:03:09,root.bursty1,0,0
04:03:09,root.default,0,0
04:03:09,root.batch6,0,0
04:03:09,root.batch7,0,0
04:03:09,root.batch1,0,0
04:03:09,root.batch4,0,0
04:03:09,root.batch5,0,0
04:03:09,root.batch2,0,0
04:03:09,root.batch3,0,0
04:03:09,root.batch0,8,8192
04:03:10,root.bursty0,0,0
04:03:10,root.bursty2,0,0
04:03:10,root.bursty1,0,0
04:03:10,root.default,0,0
04:03:10,root.batch6,0,0
04:03:10,root.batch7,0,0
04:03:10,root.batch1,0,0
04:03:10,root.batch4,0,0
04:03:10,root.batch5,0,0
04:03:10,root.batch2,0,0
04:03:10,root.batch3,0,0
04:03:10,root.batch0,8,8192
04:03:11,root.bursty0,0,0
04:03:11,root.bursty2,0,0
04:03:11,root.bursty1,0,0
04:03:11,root.default,0,0
04:03:11,root.batch6,0,0
04:03:11,root.batch7,0,0
04:03:11,root.batch1,0,0
04:03:11,root.batch4,0,0
04:03:11,root.batch5,0,0
04:03:11,root.batch2,0,0
04:03:11,root.batch3,0,0
04:03:11,root.batch0,8,8192
04:03:12,root.bursty0,0,0
04:03:12,root.bursty2,0,0
04:03:12,root.bursty1,0,0
04:03:12,root.default,0,0
04:03:12,root.batch6,0,0
04:03:12,root.batch7,0,0
04:03:12,root.batch1,0,0
04:03:12,root.batch4,0,0
04:03:12,root.batch5,0,0
04:03:12,root.batch2,0,0
04:03:12,root.batch3,0,0
04:03:12,root.batch0,8,8192
04:03:13,root.bursty0,0,0
04:03:13,root.bursty2,0,0
04:03:13,root.bursty1,0,0
04:03:13,root.default,0,0
04:03:13,root.batch6,0,0
04:03:13,root.batch7,0,0
04:03:13,root.batch1,0,0
04:03:13,root.batch4,0,0
04:03:13,root.batch5,0,0
04:03:13,root.batch2,0,0
04:03:13,root.batch3,0,0
04:03:13,root.batch0,8,8192
04:03:14,root.bursty0,0,0
04:03:14,root.bursty2,0,0
04:03:14,root.bursty1,0,0
04:03:14,root.default,0,0
04:03:14,root.batch6,0,0
04:03:14,root.batch7,0,0
04:03:14,root.batch1,0,0
04:03:14,root.batch4,0,0
04:03:14,root.batch5,0,0
04:03:14,root.batch2,0,0
04:03:14,root.batch3,0,0
04:03:14,root.batch0,8,8192
04:03:15,root.bursty0,0,0
04:03:15,root.bursty2,0,0
04:03:15,root.bursty1,0,0
04:03:15,root.default,0,0
04:03:15,root.batch6,0,0
04:03:15,root.batch7,0,0
04:03:15,root.batch1,0,0
04:03:15,root.batch4,0,0
04:03:15,root.batch5,0,0
04:03:15,root.batch2,0,0
04:03:15,root.batch3,0,0
04:03:15,root.batch0,8,8192
04:03:16,root.bursty0,0,0
04:03:16,root.bursty2,0,0
04:03:16,root.bursty1,0,0
04:03:16,root.default,0,0
04:03:16,root.batch6,0,0
04:03:16,root.batch7,0,0
04:03:16,root.batch1,0,0
04:03:16,root.batch4,0,0
04:03:16,root.batch5,0,0
04:03:16,root.batch2,0,0
04:03:16,root.batch3,0,0
04:03:16,root.batch0,8,8192
04:03:17,root.bursty0,0,0
04:03:17,root.bursty2,0,0
04:03:17,root.bursty1,0,0
04:03:17,root.default,0,0
04:03:17,root.batch6,0,0
04:03:17,root.batch7,0,0
04:03:17,root.batch1,0,0
04:03:17,root.batch4,0,0
04:03:17,root.batch5,0,0
04:03:17,root.batch2,0,0
04:03:17,root.batch3,0,0
04:03:17,root.batch0,8,8192
04:03:18,root.bursty0,0,0
04:03:18,root.bursty2,0,0
04:03:18,root.bursty1,0,0
04:03:18,root.default,0,0
04:03:18,root.batch6,0,0
04:03:18,root.batch7,0,0
04:03:18,root.batch1,0,0
04:03:18,root.batch4,0,0
04:03:18,root.batch5,0,0
04:03:18,root.batch2,0,0
04:03:18,root.batch3,0,0
04:03:18,root.batch0,8,8192
04:03:19,root.bursty0,0,0
04:03:19,root.bursty2,0,0
04:03:19,root.bursty1,0,0
04:03:19,root.default,0,0
04:03:19,root.batch6,0,0
04:03:19,root.batch7,0,0
04:03:19,root.batch1,0,0
04:03:19,root.batch4,0,0
04:03:19,root.batch5,0,0
04:03:19,root.batch2,0,0
04:03:19,root.batch3,0,0
04:03:19,root.batch0,52,172032
04:03:20,root.bursty0,0,0
04:03:20,root.bursty2,0,0
04:03:20,root.bursty1,0,0
04:03:20,root.default,0,0
04:03:20,root.batch6,0,0
04:03:20,root.batch7,0,0
04:03:20,root.batch1,0,0
04:03:20,root.batch4,0,0
04:03:20,root.batch5,0,0
04:03:20,root.batch2,0,0
04:03:20,root.batch3,0,0
04:03:20,root.batch0,92,335872
04:03:21,root.bursty0,0,0
04:03:21,root.bursty2,0,0
04:03:21,root.bursty1,0,0
04:03:21,root.default,0,0
04:03:21,root.batch6,0,0
04:03:21,root.batch7,0,0
04:03:21,root.batch1,0,0
04:03:21,root.batch4,0,0
04:03:21,root.batch5,0,0
04:03:21,root.batch2,0,0
04:03:21,root.batch3,0,0
04:03:21,root.batch0,132,499712
04:03:22,root.bursty0,0,0
04:03:22,root.bursty2,0,0
04:03:22,root.bursty1,0,0
04:03:22,root.default,0,0
04:03:22,root.batch6,0,0
04:03:22,root.batch7,0,0
04:03:22,root.batch1,0,0
04:03:22,root.batch4,0,0
04:03:22,root.batch5,0,0
04:03:22,root.batch2,0,0
04:03:22,root.batch3,0,0
04:03:22,root.batch0,172,663552
04:03:23,root.bursty0,0,0
04:03:23,root.bursty2,0,0
04:03:23,root.bursty1,0,0
04:03:23,root.default,0,0
04:03:23,root.batch6,0,0
04:03:23,root.batch7,0,0
04:03:23,root.batch1,0,0
04:03:23,root.batch4,0,0
04:03:23,root.batch5,0,0
04:03:23,root.batch2,0,0
04:03:23,root.batch3,0,0
04:03:23,root.batch0,212,827392
04:03:24,root.bursty0,0,0
04:03:24,root.bursty2,0,0
04:03:24,root.bursty1,0,0
04:03:24,root.default,0,0
04:03:24,root.batch6,0,0
04:03:24,root.batch7,0,0
04:03:24,root.batch1,0,0
04:03:24,root.batch4,0,0
04:03:24,root.batch5,0,0
04:03:24,root.batch2,0,0
04:03:24,root.batch3,0,0
04:03:24,root.batch0,252,991232
04:03:25,root.bursty0,0,0
04:03:25,root.bursty2,0,0
04:03:25,root.bursty1,0,0
04:03:25,root.default,0,0
04:03:25,root.batch6,0,0
04:03:25,root.batch7,0,0
04:03:25,root.batch1,0,0
04:03:25,root.batch4,0,0
04:03:25,root.batch5,0,0
04:03:25,root.batch2,0,0
04:03:25,root.batch3,0,0
04:03:25,root.batch0,292,1155072
04:03:26,root.bursty0,0,0
04:03:26,root.bursty2,0,0
04:03:26,root.bursty1,0,0
04:03:26,root.default,0,0
04:03:26,root.batch6,0,0
04:03:26,root.batch7,0,0
04:03:26,root.batch1,0,0
04:03:26,root.batch4,0,0
04:03:26,root.batch5,0,0
04:03:26,root.batch2,0,0
04:03:26,root.batch3,0,0
04:03:26,root.batch0,332,1318912
04:03:27,root.bursty0,0,0
04:03:27,root.bursty2,0,0
04:03:27,root.bursty1,0,0
04:03:27,root.default,0,0
04:03:27,root.batch6,0,0
04:03:27,root.batch7,0,0
04:03:27,root.batch1,0,0
04:03:27,root.batch4,0,0
04:03:27,root.batch5,0,0
04:03:27,root.batch2,0,0
04:03:27,root.batch3,0,0
04:03:27,root.batch0,372,1482752
04:03:28,root.bursty0,0,0
04:03:28,root.bursty2,0,0
04:03:28,root.bursty1,0,0
04:03:28,root.default,0,0
04:03:28,root.batch6,0,0
04:03:28,root.batch7,0,0
04:03:28,root.batch1,0,0
04:03:28,root.batch4,0,0
04:03:28,root.batch5,0,0
04:03:28,root.batch2,0,0
04:03:28,root.batch3,0,0
04:03:28,root.batch0,412,1646592
04:03:29,root.bursty0,0,0
04:03:29,root.bursty2,0,0
04:03:29,root.bursty1,0,0
04:03:29,root.default,0,0
04:03:29,root.batch6,0,0
04:03:29,root.batch7,0,0
04:03:29,root.batch1,0,0
04:03:29,root.batch4,0,0
04:03:29,root.batch5,0,0
04:03:29,root.batch2,0,0
04:03:29,root.batch3,0,0
04:03:29,root.batch0,452,1810432
04:03:30,root.bursty0,0,0
04:03:30,root.bursty2,0,0
04:03:30,root.bursty1,0,0
04:03:30,root.default,0,0
04:03:30,root.batch6,0,0
04:03:30,root.batch7,0,0
04:03:30,root.batch1,0,0
04:03:30,root.batch4,0,0
04:03:30,root.batch5,0,0
04:03:30,root.batch2,0,0
04:03:30,root.batch3,0,0
04:03:30,root.batch0,492,1980416
04:03:31,root.bursty0,0,0
04:03:31,root.bursty2,0,0
04:03:31,root.bursty1,0,0
04:03:31,root.default,0,0
04:03:31,root.batch6,0,0
04:03:31,root.batch7,0,0
04:03:31,root.batch1,0,0
04:03:31,root.batch4,0,0
04:03:31,root.batch5,0,0
04:03:31,root.batch2,0,0
04:03:31,root.batch3,0,0
04:03:31,root.batch0,533,2068480
04:03:32,root.bursty0,0,0
04:03:32,root.bursty2,0,0
04:03:32,root.bursty1,0,0
04:03:32,root.default,0,0
04:03:32,root.batch6,0,0
04:03:32,root.batch7,0,0
04:03:32,root.batch1,0,0
04:03:32,root.batch4,0,0
04:03:32,root.batch5,0,0
04:03:32,root.batch2,0,0
04:03:32,root.batch3,0,0
04:03:32,root.batch0,596,2244608
04:03:33,root.bursty0,0,0
04:03:33,root.bursty2,0,0
04:03:33,root.bursty1,0,0
04:03:33,root.default,0,0
04:03:33,root.batch6,0,0
04:03:33,root.batch7,0,0
04:03:33,root.batch1,0,0
04:03:33,root.batch4,0,0
04:03:33,root.batch5,0,0
04:03:33,root.batch2,0,0
04:03:33,root.batch3,0,0
04:03:33,root.batch0,668,2467840
04:03:34,root.bursty0,0,0
04:03:34,root.bursty2,0,0
04:03:34,root.bursty1,0,0
04:03:34,root.default,0,0
04:03:34,root.batch6,0,0
04:03:34,root.batch7,0,0
04:03:34,root.batch1,0,0
04:03:34,root.batch4,0,0
04:03:34,root.batch5,0,0
04:03:34,root.batch2,0,0
04:03:34,root.batch3,0,0
04:03:34,root.batch0,703,2572288
04:03:35,root.bursty0,0,0
04:03:35,root.bursty2,0,0
04:03:35,root.bursty1,0,0
04:03:35,root.default,0,0
04:03:35,root.batch6,0,0
04:03:35,root.batch7,0,0
04:03:35,root.batch1,0,0
04:03:35,root.batch4,0,0
04:03:35,root.batch5,0,0
04:03:35,root.batch2,0,0
04:03:35,root.batch3,0,0
04:03:35,root.batch0,702,2568192
04:03:36,root.bursty0,0,0
04:03:36,root.bursty2,0,0
04:03:36,root.bursty1,0,0
04:03:36,root.default,0,0
04:03:36,root.batch6,0,0
04:03:36,root.batch7,0,0
04:03:36,root.batch1,0,0
04:03:36,root.batch4,0,0
04:03:36,root.batch5,0,0
04:03:36,root.batch2,0,0
04:03:36,root.batch3,0,0
04:03:36,root.batch0,700,2560000
04:03:37,root.bursty0,0,0
04:03:37,root.bursty2,0,0
04:03:37,root.bursty1,0,0
04:03:37,root.default,0,0
04:03:37,root.batch6,0,0
04:03:37,root.batch7,0,0
04:03:37,root.batch1,0,0
04:03:37,root.batch4,0,0
04:03:37,root.batch5,0,0
04:03:37,root.batch2,0,0
04:03:37,root.batch3,0,0
04:03:37,root.batch0,704,2570240
04:03:38,root.bursty0,0,0
04:03:38,root.bursty2,0,0
04:03:38,root.bursty1,0,0
04:03:38,root.default,0,0
04:03:38,root.batch6,0,0
04:03:38,root.batch7,0,0
04:03:38,root.batch1,0,0
04:03:38,root.batch4,0,0
04:03:38,root.batch5,0,0
04:03:38,root.batch2,0,0
04:03:38,root.batch3,0,0
04:03:38,root.batch0,705,2570240
04:03:39,root.bursty0,0,0
04:03:39,root.bursty2,0,0
04:03:39,root.bursty1,0,0
04:03:39,root.default,0,0
04:03:39,root.batch6,0,0
04:03:39,root.batch7,0,0
04:03:39,root.batch1,0,0
04:03:39,root.batch4,0,0
04:03:39,root.batch5,0,0
04:03:39,root.batch2,0,0
04:03:39,root.batch3,0,0
04:03:39,root.batch0,707,2574336
04:03:40,root.bursty0,0,0
04:03:40,root.bursty2,0,0
04:03:40,root.bursty1,0,0
04:03:40,root.default,0,0
04:03:40,root.batch6,0,0
04:03:40,root.batch7,0,0
04:03:40,root.batch1,0,0
04:03:40,root.batch4,0,0
04:03:40,root.batch5,0,0
04:03:40,root.batch2,0,0
04:03:40,root.batch3,0,0
04:03:40,root.batch0,708,2574336
04:03:41,root.bursty0,0,0
04:03:41,root.bursty2,0,0
04:03:41,root.bursty1,0,0
04:03:41,root.default,0,0
04:03:41,root.batch6,0,0
04:03:41,root.batch7,0,0
04:03:41,root.batch1,0,0
04:03:41,root.batch4,0,0
04:03:41,root.batch5,0,0
04:03:41,root.batch2,0,0
04:03:41,root.batch3,0,0
04:03:41,root.batch0,713,2588672
04:03:42,root.bursty0,0,0
04:03:42,root.bursty2,0,0
04:03:42,root.bursty1,0,0
04:03:42,root.default,0,0
04:03:42,root.batch6,0,0
04:03:42,root.batch7,0,0
04:03:42,root.batch1,0,0
04:03:42,root.batch4,0,0
04:03:42,root.batch5,0,0
04:03:42,root.batch2,0,0
04:03:42,root.batch3,0,0
04:03:42,root.batch0,711,2584576
04:03:43,root.bursty0,0,0
04:03:43,root.bursty2,0,0
04:03:43,root.bursty1,0,0
04:03:43,root.default,0,0
04:03:43,root.batch6,0,0
04:03:43,root.batch7,0,0
04:03:43,root.batch1,0,0
04:03:43,root.batch4,0,0
04:03:43,root.batch5,0,0
04:03:43,root.batch2,0,0
04:03:43,root.batch3,0,0
04:03:43,root.batch0,711,2580480
04:03:44,root.bursty0,0,0
04:03:44,root.bursty2,0,0
04:03:44,root.bursty1,0,0
04:03:44,root.default,0,0
04:03:44,root.batch6,0,0
04:03:44,root.batch7,0,0
04:03:44,root.batch1,0,0
04:03:44,root.batch4,0,0
04:03:44,root.batch5,0,0
04:03:44,root.batch2,0,0
04:03:44,root.batch3,0,0
04:03:44,root.batch0,718,2588672
04:03:45,root.bursty0,0,0
04:03:45,root.bursty2,0,0
04:03:45,root.bursty1,0,0
04:03:45,root.default,0,0
04:03:45,root.batch6,0,0
04:03:45,root.batch7,0,0
04:03:45,root.batch1,0,0
04:03:45,root.batch4,0,0
04:03:45,root.batch5,0,0
04:03:45,root.batch2,0,0
04:03:45,root.batch3,0,0
04:03:45,root.batch0,720,2592768
04:03:46,root.bursty0,0,0
04:03:46,root.bursty2,0,0
04:03:46,root.bursty1,0,0
04:03:46,root.default,0,0
04:03:46,root.batch6,0,0
04:03:46,root.batch7,0,0
04:03:46,root.batch1,0,0
04:03:46,root.batch4,0,0
04:03:46,root.batch5,0,0
04:03:46,root.batch2,0,0
04:03:46,root.batch3,0,0
04:03:46,root.batch0,723,2598912
04:03:48,root.bursty0,0,0
04:03:48,root.bursty2,0,0
04:03:48,root.bursty1,0,0
04:03:48,root.default,0,0
04:03:48,root.batch6,0,0
04:03:48,root.batch7,0,0
04:03:48,root.batch1,0,0
04:03:48,root.batch4,0,0
04:03:48,root.batch5,0,0
04:03:48,root.batch2,0,0
04:03:48,root.batch3,0,0
04:03:48,root.batch0,724,2598912
04:03:49,root.bursty0,0,0
04:03:49,root.bursty2,0,0
04:03:49,root.bursty1,0,0
04:03:49,root.default,0,0
04:03:49,root.batch6,0,0
04:03:49,root.batch7,0,0
04:03:49,root.batch1,0,0
04:03:49,root.batch4,0,0
04:03:49,root.batch5,0,0
04:03:49,root.batch2,0,0
04:03:49,root.batch3,0,0
04:03:49,root.batch0,719,2572288
04:03:50,root.bursty0,0,0
04:03:50,root.bursty2,0,0
04:03:50,root.bursty1,0,0
04:03:50,root.default,0,0
04:03:50,root.batch6,0,0
04:03:50,root.batch7,0,0
04:03:50,root.batch1,0,0
04:03:50,root.batch4,0,0
04:03:50,root.batch5,0,0
04:03:50,root.batch2,0,0
04:03:50,root.batch3,0,0
04:03:50,root.batch0,719,2510848
04:03:51,root.bursty0,0,0
04:03:51,root.bursty2,0,0
04:03:51,root.bursty1,0,0
04:03:51,root.default,0,0
04:03:51,root.batch6,0,0
04:03:51,root.batch7,0,0
04:03:51,root.batch1,0,0
04:03:51,root.batch4,0,0
04:03:51,root.batch5,0,0
04:03:51,root.batch2,0,0
04:03:51,root.batch3,0,0
04:03:51,root.batch0,728,2486272
04:03:52,root.bursty0,0,0
04:03:52,root.bursty2,0,0
04:03:52,root.bursty1,0,0
04:03:52,root.default,0,0
04:03:52,root.batch6,0,0
04:03:52,root.batch7,0,0
04:03:52,root.batch1,0,0
04:03:52,root.batch4,0,0
04:03:52,root.batch5,0,0
04:03:52,root.batch2,0,0
04:03:52,root.batch3,0,0
04:03:52,root.batch0,717,2449408
04:03:53,root.bursty0,0,0
04:03:53,root.bursty2,0,0
04:03:53,root.bursty1,0,0
04:03:53,root.default,0,0
04:03:53,root.batch6,0,0
04:03:53,root.batch7,0,0
04:03:53,root.batch1,0,0
04:03:53,root.batch4,0,0
04:03:53,root.batch5,0,0
04:03:53,root.batch2,0,0
04:03:53,root.batch3,0,0
04:03:53,root.batch0,727,2496512
04:03:54,root.bursty0,0,0
04:03:54,root.bursty2,0,0
04:03:54,root.bursty1,0,0
04:03:54,root.default,0,0
04:03:54,root.batch6,0,0
04:03:54,root.batch7,0,0
04:03:54,root.batch1,0,0
04:03:54,root.batch4,0,0
04:03:54,root.batch5,0,0
04:03:54,root.batch2,0,0
04:03:54,root.batch3,0,0
04:03:54,root.batch0,650,2291712
04:03:55,root.bursty0,0,0
04:03:55,root.bursty2,0,0
04:03:55,root.bursty1,0,0
04:03:55,root.default,0,0
04:03:55,root.batch6,0,0
04:03:55,root.batch7,0,0
04:03:55,root.batch1,0,0
04:03:55,root.batch4,0,0
04:03:55,root.batch5,0,0
04:03:55,root.batch2,0,0
04:03:55,root.batch3,0,0
04:03:55,root.batch0,599,2209792
04:03:56,root.bursty0,0,0
04:03:56,root.bursty2,0,0
04:03:56,root.bursty1,0,0
04:03:56,root.default,0,0
04:03:56,root.batch6,0,0
04:03:56,root.batch7,0,0
04:03:56,root.batch1,0,0
04:03:56,root.batch4,0,0
04:03:56,root.batch5,0,0
04:03:56,root.batch2,0,0
04:03:56,root.batch3,0,0
04:03:56,root.batch0,573,2125824
04:03:57,root.bursty0,0,0
04:03:57,root.bursty2,0,0
04:03:57,root.bursty1,0,0
04:03:57,root.default,0,0
04:03:57,root.batch6,0,0
04:03:57,root.batch7,0,0
04:03:57,root.batch1,0,0
04:03:57,root.batch4,0,0
04:03:57,root.batch5,0,0
04:03:57,root.batch2,0,0
04:03:57,root.batch3,0,0
04:03:57,root.batch0,636,2353152
04:03:58,root.bursty0,0,0
04:03:58,root.bursty2,0,0
04:03:58,root.bursty1,0,0
04:03:58,root.default,0,0
04:03:58,root.batch6,0,0
04:03:58,root.batch7,0,0
04:03:58,root.batch1,0,0
04:03:58,root.batch4,0,0
04:03:58,root.batch5,0,0
04:03:58,root.batch2,0,0
04:03:58,root.batch3,0,0
04:03:58,root.batch0,649,2455552
04:03:59,root.bursty0,0,0
04:03:59,root.bursty2,0,0
04:03:59,root.bursty1,0,0
04:03:59,root.default,0,0
04:03:59,root.batch6,0,0
04:03:59,root.batch7,0,0
04:03:59,root.batch1,0,0
04:03:59,root.batch4,0,0
04:03:59,root.batch5,0,0
04:03:59,root.batch2,0,0
04:03:59,root.batch3,0,0
04:03:59,root.batch0,632,2412544
04:04:00,root.bursty0,0,0
04:04:00,root.bursty2,0,0
04:04:00,root.bursty1,0,0
04:04:00,root.default,0,0
04:04:00,root.batch6,0,0
04:04:00,root.batch7,0,0
04:04:00,root.batch1,0,0
04:04:00,root.batch4,0,0
04:04:00,root.batch5,0,0
04:04:00,root.batch2,0,0
04:04:00,root.batch3,0,0
04:04:00,root.batch0,650,2535424
04:04:01,root.bursty0,0,0
04:04:01,root.bursty2,0,0
04:04:01,root.bursty1,0,0
04:04:01,root.default,0,0
04:04:01,root.batch6,0,0
04:04:01,root.batch7,0,0
04:04:01,root.batch1,0,0
04:04:01,root.batch4,0,0
04:04:01,root.batch5,0,0
04:04:01,root.batch2,0,0
04:04:01,root.batch3,0,0
04:04:01,root.batch0,639,2516992
04:04:02,root.bursty0,0,0
04:04:02,root.bursty2,0,0
04:04:02,root.bursty1,0,0
04:04:02,root.default,0,0
04:04:02,root.batch6,0,0
04:04:02,root.batch7,0,0
04:04:02,root.batch1,0,0
04:04:02,root.batch4,0,0
04:04:02,root.batch5,0,0
04:04:02,root.batch2,0,0
04:04:02,root.batch3,0,0
04:04:02,root.batch0,635,2541568
04:04:03,root.bursty0,0,0
04:04:03,root.bursty2,0,0
04:04:03,root.bursty1,0,0
04:04:03,root.default,0,0
04:04:03,root.batch6,0,0
04:04:03,root.batch7,0,0
04:04:03,root.batch1,0,0
04:04:03,root.batch4,0,0
04:04:03,root.batch5,0,0
04:04:03,root.batch2,0,0
04:04:03,root.batch3,0,0
04:04:03,root.batch0,637,2553856
04:04:04,root.bursty0,0,0
04:04:04,root.bursty2,0,0
04:04:04,root.bursty1,0,0
04:04:04,root.default,0,0
04:04:04,root.batch6,0,0
04:04:04,root.batch7,0,0
04:04:04,root.batch1,0,0
04:04:04,root.batch4,0,0
04:04:04,root.batch5,0,0
04:04:04,root.batch2,0,0
04:04:04,root.batch3,0,0
04:04:04,root.batch0,632,2547712
04:04:05,root.bursty0,0,0
04:04:05,root.bursty2,0,0
04:04:05,root.bursty1,0,0
04:04:05,root.default,0,0
04:04:05,root.batch6,0,0
04:04:05,root.batch7,0,0
04:04:05,root.batch1,0,0
04:04:05,root.batch4,0,0
04:04:05,root.batch5,0,0
04:04:05,root.batch2,0,0
04:04:05,root.batch3,0,0
04:04:05,root.batch0,631,2553856
04:04:06,root.bursty0,0,0
04:04:06,root.bursty2,0,0
04:04:06,root.bursty1,0,0
04:04:06,root.default,0,0
04:04:06,root.batch6,0,0
04:04:06,root.batch7,0,0
04:04:06,root.batch1,0,0
04:04:06,root.batch4,0,0
04:04:06,root.batch5,0,0
04:04:06,root.batch2,0,0
04:04:06,root.batch3,0,0
04:04:06,root.batch0,628,2553856
04:04:07,root.bursty0,0,0
04:04:07,root.bursty2,0,0
04:04:07,root.bursty1,0,0
04:04:07,root.default,0,0
04:04:07,root.batch6,0,0
04:04:07,root.batch7,0,0
04:04:07,root.batch1,0,0
04:04:07,root.batch4,0,0
04:04:07,root.batch5,0,0
04:04:07,root.batch2,0,0
04:04:07,root.batch3,0,0
04:04:07,root.batch0,621,2547712
04:04:08,root.bursty0,0,0
04:04:08,root.bursty2,0,0
04:04:08,root.bursty1,0,0
04:04:08,root.default,0,0
04:04:08,root.batch6,0,0
04:04:08,root.batch7,0,0
04:04:08,root.batch1,0,0
04:04:08,root.batch4,0,0
04:04:08,root.batch5,0,0
04:04:08,root.batch2,0,0
04:04:08,root.batch3,0,0
04:04:08,root.batch0,576,2492416
04:04:09,root.bursty0,0,0
04:04:09,root.bursty2,0,0
04:04:09,root.bursty1,0,0
04:04:09,root.default,0,0
04:04:09,root.batch6,0,0
04:04:09,root.batch7,0,0
04:04:09,root.batch1,0,0
04:04:09,root.batch4,0,0
04:04:09,root.batch5,0,0
04:04:09,root.batch2,0,0
04:04:09,root.batch3,0,0
04:04:09,root.batch0,564,2523136
04:04:10,root.bursty0,0,0
04:04:10,root.bursty2,0,0
04:04:10,root.bursty1,0,0
04:04:10,root.default,0,0
04:04:10,root.batch6,0,0
04:04:10,root.batch7,0,0
04:04:10,root.batch1,0,0
04:04:10,root.batch4,0,0
04:04:10,root.batch5,0,0
04:04:10,root.batch2,0,0
04:04:10,root.batch3,0,0
04:04:10,root.batch0,564,2547712
04:04:11,root.bursty0,0,0
04:04:11,root.bursty2,0,0
04:04:11,root.bursty1,0,0
04:04:11,root.default,0,0
04:04:11,root.batch6,0,0
04:04:11,root.batch7,0,0
04:04:11,root.batch1,0,0
04:04:11,root.batch4,0,0
04:04:11,root.batch5,0,0
04:04:11,root.batch2,0,0
04:04:11,root.batch3,0,0
04:04:11,root.batch0,563,2547712
04:04:12,root.bursty0,0,0
04:04:12,root.bursty2,0,0
04:04:12,root.bursty1,0,0
04:04:12,root.default,0,0
04:04:12,root.batch6,0,0
04:04:12,root.batch7,0,0
04:04:12,root.batch1,0,0
04:04:12,root.batch4,0,0
04:04:12,root.batch5,0,0
04:04:12,root.batch2,0,0
04:04:12,root.batch3,0,0
04:04:12,root.batch0,563,2547712
04:04:13,root.bursty0,0,0
04:04:13,root.bursty2,0,0
04:04:13,root.bursty1,0,0
04:04:13,root.default,0,0
04:04:13,root.batch6,0,0
04:04:13,root.batch7,0,0
04:04:13,root.batch1,0,0
04:04:13,root.batch4,0,0
04:04:13,root.batch5,0,0
04:04:13,root.batch2,0,0
04:04:13,root.batch3,0,0
04:04:13,root.batch0,564,2553856
04:04:14,root.bursty0,0,0
04:04:14,root.bursty2,0,0
04:04:14,root.bursty1,0,0
04:04:14,root.default,0,0
04:04:14,root.batch6,0,0
04:04:14,root.batch7,0,0
04:04:14,root.batch1,0,0
04:04:14,root.batch4,0,0
04:04:14,root.batch5,0,0
04:04:14,root.batch2,0,0
04:04:14,root.batch3,0,0
04:04:14,root.batch0,564,2553856
04:04:15,root.bursty0,0,0
04:04:15,root.bursty2,0,0
04:04:15,root.bursty1,0,0
04:04:15,root.default,0,0
04:04:15,root.batch6,0,0
04:04:15,root.batch7,0,0
04:04:15,root.batch1,0,0
04:04:15,root.batch4,0,0
04:04:15,root.batch5,0,0
04:04:15,root.batch2,0,0
04:04:15,root.batch3,0,0
04:04:15,root.batch0,564,2553856
04:04:16,root.bursty0,0,0
04:04:16,root.bursty2,0,0
04:04:16,root.bursty1,0,0
04:04:16,root.default,0,0
04:04:16,root.batch6,0,0
04:04:16,root.batch7,0,0
04:04:16,root.batch1,0,0
04:04:16,root.batch4,0,0
04:04:16,root.batch5,0,0
04:04:16,root.batch2,0,0
04:04:16,root.batch3,0,0
04:04:16,root.batch0,562,2547712
04:04:17,root.bursty0,0,0
04:04:17,root.bursty2,0,0
04:04:17,root.bursty1,0,0
04:04:17,root.default,0,0
04:04:17,root.batch6,0,0
04:04:17,root.batch7,0,0
04:04:17,root.batch1,0,0
04:04:17,root.batch4,0,0
04:04:17,root.batch5,0,0
04:04:17,root.batch2,0,0
04:04:17,root.batch3,0,0
04:04:17,root.batch0,555,2516992
04:04:18,root.bursty0,0,0
04:04:18,root.bursty2,0,0
04:04:18,root.bursty1,0,0
04:04:18,root.default,0,0
04:04:18,root.batch6,0,0
04:04:18,root.batch7,0,0
04:04:18,root.batch1,0,0
04:04:18,root.batch4,0,0
04:04:18,root.batch5,0,0
04:04:18,root.batch2,0,0
04:04:18,root.batch3,0,0
04:04:18,root.batch0,551,2523136
04:04:19,root.bursty0,0,0
04:04:19,root.bursty2,0,0
04:04:19,root.bursty1,0,0
04:04:19,root.default,0,0
04:04:19,root.batch6,0,0
04:04:19,root.batch7,0,0
04:04:19,root.batch1,0,0
04:04:19,root.batch4,0,0
04:04:19,root.batch5,0,0
04:04:19,root.batch2,0,0
04:04:19,root.batch3,0,0
04:04:19,root.batch0,533,2492416
04:04:20,root.bursty0,0,0
04:04:20,root.bursty2,0,0
04:04:20,root.bursty1,0,0
04:04:20,root.default,0,0
04:04:20,root.batch6,0,0
04:04:20,root.batch7,0,0
04:04:20,root.batch1,0,0
04:04:20,root.batch4,0,0
04:04:20,root.batch5,0,0
04:04:20,root.batch2,0,0
04:04:20,root.batch3,0,0
04:04:20,root.batch0,519,2480128
04:04:21,root.bursty0,0,0
04:04:21,root.bursty2,0,0
04:04:21,root.bursty1,0,0
04:04:21,root.default,0,0
04:04:21,root.batch6,0,0
04:04:21,root.batch7,0,0
04:04:21,root.batch1,0,0
04:04:21,root.batch4,0,0
04:04:21,root.batch5,0,0
04:04:21,root.batch2,0,0
04:04:21,root.batch3,0,0
04:04:21,root.batch0,523,2516992
04:04:22,root.bursty0,0,0
04:04:22,root.bursty2,0,0
04:04:22,root.bursty1,0,0
04:04:22,root.default,0,0
04:04:22,root.batch6,0,0
04:04:22,root.batch7,0,0
04:04:22,root.batch1,0,0
04:04:22,root.batch4,0,0
04:04:22,root.batch5,0,0
04:04:22,root.batch2,0,0
04:04:22,root.batch3,0,0
04:04:22,root.batch0,528,2547712
04:04:23,root.bursty0,0,0
04:04:23,root.bursty2,0,0
04:04:23,root.bursty1,0,0
04:04:23,root.default,0,0
04:04:23,root.batch6,0,0
04:04:23,root.batch7,0,0
04:04:23,root.batch1,0,0
04:04:23,root.batch4,0,0
04:04:23,root.batch5,0,0
04:04:23,root.batch2,0,0
04:04:23,root.batch3,0,0
04:04:23,root.batch0,528,2547712
04:04:24,root.bursty0,0,0
04:04:24,root.bursty2,0,0
04:04:24,root.bursty1,0,0
04:04:24,root.default,0,0
04:04:24,root.batch6,0,0
04:04:24,root.batch7,0,0
04:04:24,root.batch1,0,0
04:04:24,root.batch4,0,0
04:04:24,root.batch5,0,0
04:04:24,root.batch2,0,0
04:04:24,root.batch3,0,0
04:04:24,root.batch0,517,2480128
04:04:25,root.bursty0,0,0
04:04:25,root.bursty2,0,0
04:04:25,root.bursty1,0,0
04:04:25,root.default,0,0
04:04:25,root.batch6,0,0
04:04:25,root.batch7,0,0
04:04:25,root.batch1,0,0
04:04:25,root.batch4,0,0
04:04:25,root.batch5,0,0
04:04:25,root.batch2,0,0
04:04:25,root.batch3,0,0
04:04:25,root.batch0,520,2498560
04:04:26,root.bursty0,0,0
04:04:26,root.bursty2,0,0
04:04:26,root.bursty1,0,0
04:04:26,root.default,0,0
04:04:26,root.batch6,0,0
04:04:26,root.batch7,0,0
04:04:26,root.batch1,0,0
04:04:26,root.batch4,0,0
04:04:26,root.batch5,0,0
04:04:26,root.batch2,0,0
04:04:26,root.batch3,0,0
04:04:26,root.batch0,527,2541568
04:04:27,root.bursty0,0,0
04:04:27,root.bursty2,0,0
04:04:27,root.bursty1,0,0
04:04:27,root.default,0,0
04:04:27,root.batch6,0,0
04:04:27,root.batch7,0,0
04:04:27,root.batch1,0,0
04:04:27,root.batch4,0,0
04:04:27,root.batch5,0,0
04:04:27,root.batch2,0,0
04:04:27,root.batch3,0,0
04:04:27,root.batch0,519,2531328
04:04:28,root.bursty0,0,0
04:04:28,root.bursty2,0,0
04:04:28,root.bursty1,0,0
04:04:28,root.default,0,0
04:04:28,root.batch6,0,0
04:04:28,root.batch7,0,0
04:04:28,root.batch1,0,0
04:04:28,root.batch4,0,0
04:04:28,root.batch5,0,0
04:04:28,root.batch2,0,0
04:04:28,root.batch3,0,0
04:04:28,root.batch0,514,2553856
04:04:29,root.bursty0,0,0
04:04:29,root.bursty2,0,0
04:04:29,root.bursty1,0,0
04:04:29,root.default,0,0
04:04:29,root.batch6,0,0
04:04:29,root.batch7,0,0
04:04:29,root.batch1,0,0
04:04:29,root.batch4,0,0
04:04:29,root.batch5,0,0
04:04:29,root.batch2,0,0
04:04:29,root.batch3,0,0
04:04:29,root.batch0,502,2543616
04:04:30,root.bursty0,0,0
04:04:30,root.bursty2,0,0
04:04:30,root.bursty1,0,0
04:04:30,root.default,0,0
04:04:30,root.batch6,0,0
04:04:30,root.batch7,0,0
04:04:30,root.batch1,0,0
04:04:30,root.batch4,0,0
04:04:30,root.batch5,0,0
04:04:30,root.batch2,0,0
04:04:30,root.batch3,0,0
04:04:30,root.batch0,496,2541568
04:04:31,root.bursty0,0,0
04:04:31,root.bursty2,0,0
04:04:31,root.bursty1,0,0
04:04:31,root.default,0,0
04:04:31,root.batch6,0,0
04:04:31,root.batch7,0,0
04:04:31,root.batch1,0,0
04:04:31,root.batch4,0,0
04:04:31,root.batch5,0,0
04:04:31,root.batch2,0,0
04:04:31,root.batch3,0,0
04:04:31,root.batch0,495,2553856
04:04:32,root.bursty0,0,0
04:04:32,root.bursty2,0,0
04:04:32,root.bursty1,0,0
04:04:32,root.default,0,0
04:04:32,root.batch6,0,0
04:04:32,root.batch7,0,0
04:04:32,root.batch1,0,0
04:04:32,root.batch4,0,0
04:04:32,root.batch5,0,0
04:04:32,root.batch2,0,0
04:04:32,root.batch3,0,0
04:04:32,root.batch0,494,2535424
04:04:33,root.bursty0,0,0
04:04:33,root.bursty2,0,0
04:04:33,root.bursty1,0,0
04:04:33,root.default,0,0
04:04:33,root.batch6,0,0
04:04:33,root.batch7,0,0
04:04:33,root.batch1,0,0
04:04:33,root.batch4,0,0
04:04:33,root.batch5,0,0
04:04:33,root.batch2,0,0
04:04:33,root.batch3,0,0
04:04:33,root.batch0,489,2482176
04:04:34,root.bursty0,0,0
04:04:34,root.bursty2,0,0
04:04:34,root.bursty1,0,0
04:04:34,root.default,0,0
04:04:34,root.batch6,0,0
04:04:34,root.batch7,0,0
04:04:34,root.batch1,0,0
04:04:34,root.batch4,0,0
04:04:34,root.batch5,0,0
04:04:34,root.batch2,0,0
04:04:34,root.batch3,0,0
04:04:34,root.batch0,492,2441216
04:04:35,root.bursty0,0,0
04:04:35,root.bursty2,0,0
04:04:35,root.bursty1,0,0
04:04:35,root.default,0,0
04:04:35,root.batch6,0,0
04:04:35,root.batch7,0,0
04:04:35,root.batch1,0,0
04:04:35,root.batch4,0,0
04:04:35,root.batch5,0,0
04:04:35,root.batch2,0,0
04:04:35,root.batch3,0,0
04:04:35,root.batch0,481,2326528
04:04:36,root.bursty0,0,0
04:04:36,root.bursty2,0,0
04:04:36,root.bursty1,0,0
04:04:36,root.default,0,0
04:04:36,root.batch6,0,0
04:04:36,root.batch7,0,0
04:04:36,root.batch1,0,0
04:04:36,root.batch4,0,0
04:04:36,root.batch5,0,0
04:04:36,root.batch2,0,0
04:04:36,root.batch3,0,0
04:04:36,root.batch0,496,2330624
04:04:37,root.bursty0,0,0
04:04:37,root.bursty2,0,0
04:04:37,root.bursty1,0,0
04:04:37,root.default,0,0
04:04:37,root.batch6,0,0
04:04:37,root.batch7,0,0
04:04:37,root.batch1,0,0
04:04:37,root.batch4,0,0
04:04:37,root.batch5,0,0
04:04:37,root.batch2,0,0
04:04:37,root.batch3,0,0
04:04:37,root.batch0,508,2344960
04:04:38,root.bursty0,0,0
04:04:38,root.bursty2,0,0
04:04:38,root.bursty1,0,0
04:04:38,root.default,0,0
04:04:38,root.batch6,0,0
04:04:38,root.batch7,0,0
04:04:38,root.batch1,0,0
04:04:38,root.batch4,0,0
04:04:38,root.batch5,0,0
04:04:38,root.batch2,0,0
04:04:38,root.batch3,0,0
04:04:38,root.batch0,533,2430976
04:04:39,root.bursty0,0,0
04:04:39,root.bursty2,0,0
04:04:39,root.bursty1,0,0
04:04:39,root.default,0,0
04:04:39,root.batch6,0,0
04:04:39,root.batch7,0,0
04:04:39,root.batch1,0,0
04:04:39,root.batch4,0,0
04:04:39,root.batch5,0,0
04:04:39,root.batch2,0,0
04:04:39,root.batch3,0,0
04:04:39,root.batch0,553,2496512
04:04:40,root.bursty0,0,0
04:04:40,root.bursty2,0,0
04:04:40,root.bursty1,0,0
04:04:40,root.default,0,0
04:04:40,root.batch6,0,0
04:04:40,root.batch7,0,0
04:04:40,root.batch1,0,0
04:04:40,root.batch4,0,0
04:04:40,root.batch5,0,0
04:04:40,root.batch2,0,0
04:04:40,root.batch3,0,0
04:04:40,root.batch0,535,2381824
04:04:41,root.bursty0,0,0
04:04:41,root.bursty2,0,0
04:04:41,root.bursty1,0,0
04:04:41,root.default,0,0
04:04:41,root.batch6,0,0
04:04:41,root.batch7,0,0
04:04:41,root.batch1,0,0
04:04:41,root.batch4,0,0
04:04:41,root.batch5,0,0
04:04:41,root.batch2,0,0
04:04:41,root.batch3,0,0
04:04:41,root.batch0,515,2256896
04:04:42,root.bursty0,0,0
04:04:42,root.bursty2,0,0
04:04:42,root.bursty1,0,0
04:04:42,root.default,0,0
04:04:42,root.batch6,0,0
04:04:42,root.batch7,0,0
04:04:42,root.batch1,0,0
04:04:42,root.batch4,0,0
04:04:42,root.batch5,0,0
04:04:42,root.batch2,0,0
04:04:42,root.batch3,0,0
04:04:42,root.batch0,545,2355200
04:04:43,root.bursty0,0,0
04:04:43,root.bursty2,0,0
04:04:43,root.bursty1,0,0
04:04:43,root.default,0,0
04:04:43,root.batch6,0,0
04:04:43,root.batch7,0,0
04:04:43,root.batch1,0,0
04:04:43,root.batch4,0,0
04:04:43,root.batch5,0,0
04:04:43,root.batch2,0,0
04:04:43,root.batch3,0,0
04:04:43,root.batch0,566,2406400
04:04:44,root.bursty0,0,0
04:04:44,root.bursty2,0,0
04:04:44,root.bursty1,0,0
04:04:44,root.default,0,0
04:04:44,root.batch6,0,0
04:04:44,root.batch7,0,0
04:04:44,root.batch1,0,0
04:04:44,root.batch4,0,0
04:04:44,root.batch5,0,0
04:04:44,root.batch2,0,0
04:04:44,root.batch3,0,0
04:04:44,root.batch0,587,2445312
04:04:45,root.bursty0,0,0
04:04:45,root.bursty2,0,0
04:04:45,root.bursty1,0,0
04:04:45,root.default,0,0
04:04:45,root.batch6,0,0
04:04:45,root.batch7,0,0
04:04:45,root.batch1,0,0
04:04:45,root.batch4,0,0
04:04:45,root.batch5,0,0
04:04:45,root.batch2,0,0
04:04:45,root.batch3,0,0
04:04:45,root.batch0,593,2455552
04:04:47,root.bursty0,0,0
04:04:47,root.bursty2,0,0
04:04:47,root.bursty1,0,0
04:04:47,root.default,0,0
04:04:47,root.batch6,0,0
04:04:47,root.batch7,0,0
04:04:47,root.batch1,0,0
04:04:47,root.batch4,0,0
04:04:47,root.batch5,0,0
04:04:47,root.batch2,0,0
04:04:47,root.batch3,0,0
04:04:47,root.batch0,576,2420736
04:04:48,root.bursty0,0,0
04:04:48,root.bursty2,0,0
04:04:48,root.bursty1,0,0
04:04:48,root.default,0,0
04:04:48,root.batch6,0,0
04:04:48,root.batch7,0,0
04:04:48,root.batch1,0,0
04:04:48,root.batch4,0,0
04:04:48,root.batch5,0,0
04:04:48,root.batch2,0,0
04:04:48,root.batch3,0,0
04:04:48,root.batch0,587,2506752
04:04:49,root.bursty0,0,0
04:04:49,root.bursty2,0,0
04:04:49,root.bursty1,0,0
04:04:49,root.default,0,0
04:04:49,root.batch6,0,0
04:04:49,root.batch7,0,0
04:04:49,root.batch1,0,0
04:04:49,root.batch4,0,0
04:04:49,root.batch5,0,0
04:04:49,root.batch2,0,0
04:04:49,root.batch3,0,0
04:04:49,root.batch0,585,2512896
04:04:50,root.bursty0,0,0
04:04:50,root.bursty2,0,0
04:04:50,root.bursty1,0,0
04:04:50,root.default,0,0
04:04:50,root.batch6,0,0
04:04:50,root.batch7,0,0
04:04:50,root.batch1,0,0
04:04:50,root.batch4,0,0
04:04:50,root.batch5,0,0
04:04:50,root.batch2,0,0
04:04:50,root.batch3,0,0
04:04:50,root.batch0,581,2531328
04:04:51,root.bursty0,0,0
04:04:51,root.bursty2,0,0
04:04:51,root.bursty1,0,0
04:04:51,root.default,0,0
04:04:51,root.batch6,0,0
04:04:51,root.batch7,0,0
04:04:51,root.batch1,0,0
04:04:51,root.batch4,0,0
04:04:51,root.batch5,0,0
04:04:51,root.batch2,0,0
04:04:51,root.batch3,0,0
04:04:51,root.batch0,565,2496512
04:04:52,root.bursty0,0,0
04:04:52,root.bursty2,0,0
04:04:52,root.bursty1,0,0
04:04:52,root.default,0,0
04:04:52,root.batch6,0,0
04:04:52,root.batch7,0,0
04:04:52,root.batch1,0,0
04:04:52,root.batch4,0,0
04:04:52,root.batch5,0,0
04:04:52,root.batch2,0,0
04:04:52,root.batch3,0,0
04:04:52,root.batch0,565,2533376
04:04:53,root.bursty0,0,0
04:04:53,root.bursty2,0,0
04:04:53,root.bursty1,0,0
04:04:53,root.default,0,0
04:04:53,root.batch6,0,0
04:04:53,root.batch7,0,0
04:04:53,root.batch1,0,0
04:04:53,root.batch4,0,0
04:04:53,root.batch5,0,0
04:04:53,root.batch2,0,0
04:04:53,root.batch3,0,0
04:04:53,root.batch0,563,2521088
04:04:54,root.bursty0,0,0
04:04:54,root.bursty2,0,0
04:04:54,root.bursty1,0,0
04:04:54,root.default,0,0
04:04:54,root.batch6,0,0
04:04:54,root.batch7,0,0
04:04:54,root.batch1,0,0
04:04:54,root.batch4,0,0
04:04:54,root.batch5,0,0
04:04:54,root.batch2,0,0
04:04:54,root.batch3,0,0
04:04:54,root.batch0,571,2522112
04:04:55,root.bursty0,0,0
04:04:55,root.bursty2,0,0
04:04:55,root.bursty1,0,0
04:04:55,root.default,0,0
04:04:55,root.batch6,0,0
04:04:55,root.batch7,0,0
04:04:55,root.batch1,0,0
04:04:55,root.batch4,0,0
04:04:55,root.batch5,0,0
04:04:55,root.batch2,0,0
04:04:55,root.batch3,0,0
04:04:55,root.batch0,603,2509824
04:04:56,root.bursty0,0,0
04:04:56,root.bursty2,0,0
04:04:56,root.bursty1,0,0
04:04:56,root.default,0,0
04:04:56,root.batch6,0,0
04:04:56,root.batch7,0,0
04:04:56,root.batch1,0,0
04:04:56,root.batch4,0,0
04:04:56,root.batch5,0,0
04:04:56,root.batch2,0,0
04:04:56,root.batch3,0,0
04:04:56,root.batch0,644,2486272
04:04:57,root.bursty0,0,0
04:04:57,root.bursty2,0,0
04:04:57,root.bursty1,0,0
04:04:57,root.default,0,0
04:04:57,root.batch6,0,0
04:04:57,root.batch7,0,0
04:04:57,root.batch1,0,0
04:04:57,root.batch4,0,0
04:04:57,root.batch5,0,0
04:04:57,root.batch2,0,0
04:04:57,root.batch3,0,0
04:04:57,root.batch0,703,2470912
04:04:58,root.bursty0,0,0
04:04:58,root.bursty2,0,0
04:04:58,root.bursty1,0,0
04:04:58,root.default,0,0
04:04:58,root.batch6,0,0
04:04:58,root.batch7,0,0
04:04:58,root.batch1,0,0
04:04:58,root.batch4,0,0
04:04:58,root.batch5,0,0
04:04:58,root.batch2,0,0
04:04:58,root.batch3,0,0
04:04:58,root.batch0,768,2496512
04:04:59,root.bursty0,0,0
04:04:59,root.bursty2,0,0
04:04:59,root.bursty1,0,0
04:04:59,root.default,0,0
04:04:59,root.batch6,0,0
04:04:59,root.batch7,0,0
04:04:59,root.batch1,0,0
04:04:59,root.batch4,0,0
04:04:59,root.batch5,0,0
04:04:59,root.batch2,0,0
04:04:59,root.batch3,0,0
04:04:59,root.batch0,835,2489344
04:05:00,root.bursty0,0,0
04:05:00,root.bursty2,0,0
04:05:00,root.bursty1,0,0
04:05:00,root.default,0,0
04:05:00,root.batch6,0,0
04:05:00,root.batch7,0,0
04:05:00,root.batch1,0,0
04:05:00,root.batch4,0,0
04:05:00,root.batch5,0,0
04:05:00,root.batch2,0,0
04:05:00,root.batch3,0,0
04:05:00,root.batch0,889,2527232
04:05:01,root.bursty0,0,0
04:05:01,root.bursty2,0,0
04:05:01,root.bursty1,0,0
04:05:01,root.default,0,0
04:05:01,root.batch6,0,0
04:05:01,root.batch7,0,0
04:05:01,root.batch1,0,0
04:05:01,root.batch4,0,0
04:05:01,root.batch5,0,0
04:05:01,root.batch2,0,0
04:05:01,root.batch3,0,0
04:05:01,root.batch0,930,2527232
04:05:02,root.bursty0,0,0
04:05:02,root.bursty2,0,0
04:05:02,root.bursty1,0,0
04:05:02,root.default,0,0
04:05:02,root.batch6,0,0
04:05:02,root.batch7,0,0
04:05:02,root.batch1,0,0
04:05:02,root.batch4,0,0
04:05:02,root.batch5,0,0
04:05:02,root.batch2,0,0
04:05:02,root.batch3,0,0
04:05:02,root.batch0,954,2533376
04:05:03,root.bursty0,0,0
04:05:03,root.bursty2,0,0
04:05:03,root.bursty1,0,0
04:05:03,root.default,0,0
04:05:03,root.batch6,0,0
04:05:03,root.batch7,0,0
04:05:03,root.batch1,0,0
04:05:03,root.batch4,0,0
04:05:03,root.batch5,0,0
04:05:03,root.batch2,0,0
04:05:03,root.batch3,0,0
04:05:03,root.batch0,971,2556928
04:05:04,root.bursty0,0,0
04:05:04,root.bursty2,0,0
04:05:04,root.bursty1,0,0
04:05:04,root.default,0,0
04:05:04,root.batch6,0,0
04:05:04,root.batch7,0,0
04:05:04,root.batch1,0,0
04:05:04,root.batch4,0,0
04:05:04,root.batch5,0,0
04:05:04,root.batch2,0,0
04:05:04,root.batch3,0,0
04:05:04,root.batch0,976,2562048
04:05:05,root.bursty0,0,0
04:05:05,root.bursty2,0,0
04:05:05,root.bursty1,0,0
04:05:05,root.default,0,0
04:05:05,root.batch6,0,0
04:05:05,root.batch7,0,0
04:05:05,root.batch1,0,0
04:05:05,root.batch4,0,0
04:05:05,root.batch5,0,0
04:05:05,root.batch2,0,0
04:05:05,root.batch3,0,0
04:05:05,root.batch0,979,2525184
04:05:06,root.bursty0,0,0
04:05:06,root.bursty2,0,0
04:05:06,root.bursty1,0,0
04:05:06,root.default,0,0
04:05:06,root.batch6,0,0
04:05:06,root.batch7,0,0
04:05:06,root.batch1,0,0
04:05:06,root.batch4,0,0
04:05:06,root.batch5,0,0
04:05:06,root.batch2,0,0
04:05:06,root.batch3,0,0
04:05:06,root.batch0,992,2466816
04:05:07,root.bursty0,0,0
04:05:07,root.bursty2,0,0
04:05:07,root.bursty1,0,0
04:05:07,root.default,0,0
04:05:07,root.batch6,0,0
04:05:07,root.batch7,0,0
04:05:07,root.batch1,0,0
04:05:07,root.batch4,0,0
04:05:07,root.batch5,0,0
04:05:07,root.batch2,0,0
04:05:07,root.batch3,0,0
04:05:07,root.batch0,1008,2362368
04:05:08,root.bursty0,0,0
04:05:08,root.bursty2,0,0
04:05:08,root.bursty1,0,0
04:05:08,root.default,0,0
04:05:08,root.batch6,0,0
04:05:08,root.batch7,0,0
04:05:08,root.batch1,0,0
04:05:08,root.batch4,0,0
04:05:08,root.batch5,0,0
04:05:08,root.batch2,0,0
04:05:08,root.batch3,0,0
04:05:08,root.batch0,1052,2310144
04:05:09,root.bursty0,0,0
04:05:09,root.bursty2,0,0
04:05:09,root.bursty1,0,0
04:05:09,root.default,0,0
04:05:09,root.batch6,0,0
04:05:09,root.batch7,0,0
04:05:09,root.batch1,0,0
04:05:09,root.batch4,0,0
04:05:09,root.batch5,0,0
04:05:09,root.batch2,0,0
04:05:09,root.batch3,0,0
04:05:09,root.batch0,1071,2316288
04:05:10,root.bursty0,0,0
04:05:10,root.bursty2,0,0
04:05:10,root.bursty1,0,0
04:05:10,root.default,0,0
04:05:10,root.batch6,0,0
04:05:10,root.batch7,0,0
04:05:10,root.batch1,0,0
04:05:10,root.batch4,0,0
04:05:10,root.batch5,0,0
04:05:10,root.batch2,0,0
04:05:10,root.batch3,0,0
04:05:10,root.batch0,975,2307072
04:05:11,root.bursty0,0,0
04:05:11,root.bursty2,0,0
04:05:11,root.bursty1,0,0
04:05:11,root.default,0,0
04:05:11,root.batch6,0,0
04:05:11,root.batch7,0,0
04:05:11,root.batch1,0,0
04:05:11,root.batch4,0,0
04:05:11,root.batch5,0,0
04:05:11,root.batch2,0,0
04:05:11,root.batch3,0,0
04:05:11,root.batch0,908,2393088
04:05:12,root.bursty0,0,0
04:05:12,root.bursty2,0,0
04:05:12,root.bursty1,0,0
04:05:12,root.default,0,0
04:05:12,root.batch6,0,0
04:05:12,root.batch7,0,0
04:05:12,root.batch1,0,0
04:05:12,root.batch4,0,0
04:05:12,root.batch5,0,0
04:05:12,root.batch2,0,0
04:05:12,root.batch3,0,0
04:05:12,root.batch0,892,2479104
04:05:13,root.bursty0,0,0
04:05:13,root.bursty2,0,0
04:05:13,root.bursty1,0,0
04:05:13,root.default,0,0
04:05:13,root.batch6,0,0
04:05:13,root.batch7,0,0
04:05:13,root.batch1,0,0
04:05:13,root.batch4,0,0
04:05:13,root.batch5,0,0
04:05:13,root.batch2,0,0
04:05:13,root.batch3,0,0
04:05:13,root.batch0,862,2497536
04:05:14,root.bursty0,0,0
04:05:14,root.bursty2,0,0
04:05:14,root.bursty1,0,0
04:05:14,root.default,0,0
04:05:14,root.batch6,0,0
04:05:14,root.batch7,0,0
04:05:14,root.batch1,0,0
04:05:14,root.batch4,0,0
04:05:14,root.batch5,0,0
04:05:14,root.batch2,0,0
04:05:14,root.batch3,0,0
04:05:14,root.batch0,809,2485248
04:05:15,root.bursty0,0,0
04:05:15,root.bursty2,0,0
04:05:15,root.bursty1,0,0
04:05:15,root.default,0,0
04:05:15,root.batch6,0,0
04:05:15,root.batch7,0,0
04:05:15,root.batch1,0,0
04:05:15,root.batch4,0,0
04:05:15,root.batch5,0,0
04:05:15,root.batch2,0,0
04:05:15,root.batch3,0,0
04:05:15,root.batch0,767,2494464
04:05:16,root.bursty0,0,0
04:05:16,root.bursty2,0,0
04:05:16,root.bursty1,0,0
04:05:16,root.default,0,0
04:05:16,root.batch6,0,0
04:05:16,root.batch7,0,0
04:05:16,root.batch1,0,0
04:05:16,root.batch4,0,0
04:05:16,root.batch5,0,0
04:05:16,root.batch2,0,0
04:05:16,root.batch3,0,0
04:05:16,root.batch0,716,2485248
04:05:17,root.bursty0,0,0
04:05:17,root.bursty2,0,0
04:05:17,root.bursty1,0,0
04:05:17,root.default,0,0
04:05:17,root.batch6,0,0
04:05:17,root.batch7,0,0
04:05:17,root.batch1,0,0
04:05:17,root.batch4,0,0
04:05:17,root.batch5,0,0
04:05:17,root.batch2,0,0
04:05:17,root.batch3,0,0
04:05:17,root.batch0,685,2506752
04:05:18,root.bursty0,0,0
04:05:18,root.bursty2,0,0
04:05:18,root.bursty1,0,0
04:05:18,root.default,0,0
04:05:18,root.batch6,0,0
04:05:18,root.batch7,0,0
04:05:18,root.batch1,0,0
04:05:18,root.batch4,0,0
04:05:18,root.batch5,0,0
04:05:18,root.batch2,0,0
04:05:18,root.batch3,0,0
04:05:18,root.batch0,654,2500608
04:05:19,root.bursty0,0,0
04:05:19,root.bursty2,0,0
04:05:19,root.bursty1,0,0
04:05:19,root.default,0,0
04:05:19,root.batch6,0,0
04:05:19,root.batch7,0,0
04:05:19,root.batch1,0,0
04:05:19,root.batch4,0,0
04:05:19,root.batch5,0,0
04:05:19,root.batch2,0,0
04:05:19,root.batch3,0,0
04:05:19,root.batch0,608,2487296
04:05:20,root.bursty0,0,0
04:05:20,root.bursty2,0,0
04:05:20,root.bursty1,0,0
04:05:20,root.default,0,0
04:05:20,root.batch6,0,0
04:05:20,root.batch7,0,0
04:05:20,root.batch1,0,0
04:05:20,root.batch4,0,0
04:05:20,root.batch5,0,0
04:05:20,root.batch2,0,0
04:05:20,root.batch3,0,0
04:05:20,root.batch0,554,2488320
04:05:21,root.bursty0,0,0
04:05:21,root.bursty2,0,0
04:05:21,root.bursty1,0,0
04:05:21,root.default,0,0
04:05:21,root.batch6,0,0
04:05:21,root.batch7,0,0
04:05:21,root.batch1,0,0
04:05:21,root.batch4,0,0
04:05:21,root.batch5,0,0
04:05:21,root.batch2,0,0
04:05:21,root.batch3,0,0
04:05:21,root.batch0,523,2514944
04:05:22,root.bursty0,0,0
04:05:22,root.bursty2,0,0
04:05:22,root.bursty1,0,0
04:05:22,root.default,0,0
04:05:22,root.batch6,0,0
04:05:22,root.batch7,0,0
04:05:22,root.batch1,0,0
04:05:22,root.batch4,0,0
04:05:22,root.batch5,0,0
04:05:22,root.batch2,0,0
04:05:22,root.batch3,0,0
04:05:22,root.batch0,488,2502656
04:05:23,root.bursty0,0,0
04:05:23,root.bursty2,0,0
04:05:23,root.bursty1,0,0
04:05:23,root.default,0,0
04:05:23,root.batch6,0,0
04:05:23,root.batch7,0,0
04:05:23,root.batch1,0,0
04:05:23,root.batch4,0,0
04:05:23,root.batch5,0,0
04:05:23,root.batch2,0,0
04:05:23,root.batch3,0,0
04:05:23,root.batch0,519,2486272
04:05:24,root.bursty0,0,0
04:05:24,root.bursty2,0,0
04:05:24,root.bursty1,0,0
04:05:24,root.default,0,0
04:05:24,root.batch6,0,0
04:05:24,root.batch7,0,0
04:05:24,root.batch1,0,0
04:05:24,root.batch4,0,0
04:05:24,root.batch5,0,0
04:05:24,root.batch2,0,0
04:05:24,root.batch3,0,0
04:05:24,root.batch0,552,2482176
04:05:25,root.bursty0,0,0
04:05:25,root.bursty2,0,0
04:05:25,root.bursty1,0,0
04:05:25,root.default,0,0
04:05:25,root.batch6,0,0
04:05:25,root.batch7,0,0
04:05:25,root.batch1,0,0
04:05:25,root.batch4,0,0
04:05:25,root.batch5,0,0
04:05:25,root.batch2,0,0
04:05:25,root.batch3,0,0
04:05:25,root.batch0,599,2498560
04:05:26,root.bursty0,0,0
04:05:26,root.bursty2,0,0
04:05:26,root.bursty1,0,0
04:05:26,root.default,0,0
04:05:26,root.batch6,0,0
04:05:26,root.batch7,0,0
04:05:26,root.batch1,0,0
04:05:26,root.batch4,0,0
04:05:26,root.batch5,0,0
04:05:26,root.batch2,0,0
04:05:26,root.batch3,0,0
04:05:26,root.batch0,635,2532352
04:05:27,root.bursty0,0,0
04:05:27,root.bursty2,0,0
04:05:27,root.bursty1,0,0
04:05:27,root.default,0,0
04:05:27,root.batch6,0,0
04:05:27,root.batch7,0,0
04:05:27,root.batch1,0,0
04:05:27,root.batch4,0,0
04:05:27,root.batch5,0,0
04:05:27,root.batch2,0,0
04:05:27,root.batch3,0,0
04:05:27,root.batch0,662,2566144
04:05:28,root.bursty0,0,0
04:05:28,root.bursty2,0,0
04:05:28,root.bursty1,0,0
04:05:28,root.default,0,0
04:05:28,root.batch6,0,0
04:05:28,root.batch7,0,0
04:05:28,root.batch1,0,0
04:05:28,root.batch4,0,0
04:05:28,root.batch5,0,0
04:05:28,root.batch2,0,0
04:05:28,root.batch3,0,0
04:05:28,root.batch0,688,2506752
04:05:29,root.bursty0,0,0
04:05:29,root.bursty2,0,0
04:05:29,root.bursty1,0,0
04:05:29,root.default,0,0
04:05:29,root.batch6,0,0
04:05:29,root.batch7,0,0
04:05:29,root.batch1,0,0
04:05:29,root.batch4,0,0
04:05:29,root.batch5,0,0
04:05:29,root.batch2,0,0
04:05:29,root.batch3,0,0
04:05:29,root.batch0,725,2463744
04:05:30,root.bursty0,0,0
04:05:30,root.bursty2,0,0
04:05:30,root.bursty1,0,0
04:05:30,root.default,0,0
04:05:30,root.batch6,0,0
04:05:30,root.batch7,0,0
04:05:30,root.batch1,0,0
04:05:30,root.batch4,0,0
04:05:30,root.batch5,0,0
04:05:30,root.batch2,0,0
04:05:30,root.batch3,0,0
04:05:30,root.batch0,781,2390016
04:05:31,root.bursty0,0,0
04:05:31,root.bursty2,0,0
04:05:31,root.bursty1,0,0
04:05:31,root.default,0,0
04:05:31,root.batch6,0,0
04:05:31,root.batch7,0,0
04:05:31,root.batch1,0,0
04:05:31,root.batch4,0,0
04:05:31,root.batch5,0,0
04:05:31,root.batch2,0,0
04:05:31,root.batch3,0,0
04:05:31,root.batch0,867,2353152
04:05:32,root.bursty0,0,0
04:05:32,root.bursty2,0,0
04:05:32,root.bursty1,0,0
04:05:32,root.default,0,0
04:05:32,root.batch6,0,0
04:05:32,root.batch7,0,0
04:05:32,root.batch1,0,0
04:05:32,root.batch4,0,0
04:05:32,root.batch5,0,0
04:05:32,root.batch2,0,0
04:05:32,root.batch3,0,0
04:05:32,root.batch0,927,2312192
04:05:33,root.bursty0,0,0
04:05:33,root.bursty2,0,0
04:05:33,root.bursty1,0,0
04:05:33,root.default,0,0
04:05:33,root.batch6,0,0
04:05:33,root.batch7,0,0
04:05:33,root.batch1,0,0
04:05:33,root.batch4,0,0
04:05:33,root.batch5,0,0
04:05:33,root.batch2,0,0
04:05:33,root.batch3,0,0
04:05:33,root.batch0,979,2317312
04:05:34,root.bursty0,0,0
04:05:34,root.bursty2,0,0
04:05:34,root.bursty1,0,0
04:05:34,root.default,0,0
04:05:34,root.batch6,0,0
04:05:34,root.batch7,0,0
04:05:34,root.batch1,0,0
04:05:34,root.batch4,0,0
04:05:34,root.batch5,0,0
04:05:34,root.batch2,0,0
04:05:34,root.batch3,0,0
04:05:34,root.batch0,1056,2372608
04:05:36,root.bursty0,0,0
04:05:36,root.bursty2,0,0
04:05:36,root.bursty1,0,0
04:05:36,root.default,0,0
04:05:36,root.batch6,0,0
04:05:36,root.batch7,0,0
04:05:36,root.batch1,0,0
04:05:36,root.batch4,0,0
04:05:36,root.batch5,0,0
04:05:36,root.batch2,0,0
04:05:36,root.batch3,0,0
04:05:36,root.batch0,1120,2421760
04:05:37,root.bursty0,0,0
04:05:37,root.bursty2,0,0
04:05:37,root.bursty1,0,0
04:05:37,root.default,0,0
04:05:37,root.batch6,0,0
04:05:37,root.batch7,0,0
04:05:37,root.batch1,0,0
04:05:37,root.batch4,0,0
04:05:37,root.batch5,0,0
04:05:37,root.batch2,0,0
04:05:37,root.batch3,0,0
04:05:37,root.batch0,1175,2464768
04:05:38,root.bursty0,0,0
04:05:38,root.bursty2,0,0
04:05:38,root.bursty1,0,0
04:05:38,root.default,0,0
04:05:38,root.batch6,0,0
04:05:38,root.batch7,0,0
04:05:38,root.batch1,0,0
04:05:38,root.batch4,0,0
04:05:38,root.batch5,0,0
04:05:38,root.batch2,0,0
04:05:38,root.batch3,0,0
04:05:38,root.batch0,1212,2487296
04:05:39,root.bursty0,0,0
04:05:39,root.bursty2,0,0
04:05:39,root.bursty1,0,0
04:05:39,root.default,0,0
04:05:39,root.batch6,0,0
04:05:39,root.batch7,0,0
04:05:39,root.batch1,0,0
04:05:39,root.batch4,0,0
04:05:39,root.batch5,0,0
04:05:39,root.batch2,0,0
04:05:39,root.batch3,0,0
04:05:39,root.batch0,1254,2565120
04:05:40,root.bursty0,0,0
04:05:40,root.bursty2,0,0
04:05:40,root.bursty1,0,0
04:05:40,root.default,0,0
04:05:40,root.batch6,0,0
04:05:40,root.batch7,0,0
04:05:40,root.batch1,0,0
04:05:40,root.batch4,0,0
04:05:40,root.batch5,0,0
04:05:40,root.batch2,0,0
04:05:40,root.batch3,0,0
04:05:40,root.batch0,1249,2550784
04:05:41,root.bursty0,0,0
04:05:41,root.bursty2,0,0
04:05:41,root.bursty1,0,0
04:05:41,root.default,0,0
04:05:41,root.batch6,0,0
04:05:41,root.batch7,0,0
04:05:41,root.batch1,0,0
04:05:41,root.batch4,0,0
04:05:41,root.batch5,0,0
04:05:41,root.batch2,0,0
04:05:41,root.batch3,0,0
04:05:41,root.batch0,1219,2489344
04:05:42,root.bursty0,0,0
04:05:42,root.bursty2,0,0
04:05:42,root.bursty1,0,0
04:05:42,root.default,0,0
04:05:42,root.batch6,0,0
04:05:42,root.batch7,0,0
04:05:42,root.batch1,0,0
04:05:42,root.batch4,0,0
04:05:42,root.batch5,0,0
04:05:42,root.batch2,0,0
04:05:42,root.batch3,0,0
04:05:42,root.batch0,1269,2591744
04:05:43,root.bursty0,0,0
04:05:43,root.bursty2,0,0
04:05:43,root.bursty1,0,0
04:05:43,root.default,0,0
04:05:43,root.batch6,0,0
04:05:43,root.batch7,0,0
04:05:43,root.batch1,0,0
04:05:43,root.batch4,0,0
04:05:43,root.batch5,0,0
04:05:43,root.batch2,0,0
04:05:43,root.batch3,0,0
04:05:43,root.batch0,1255,2563072
04:05:44,root.bursty0,0,0
04:05:44,root.bursty2,0,0
04:05:44,root.bursty1,0,0
04:05:44,root.default,0,0
04:05:44,root.batch6,0,0
04:05:44,root.batch7,0,0
04:05:44,root.batch1,0,0
04:05:44,root.batch4,0,0
04:05:44,root.batch5,0,0
04:05:44,root.batch2,0,0
04:05:44,root.batch3,0,0
04:05:44,root.batch0,1237,2526208
04:05:45,root.bursty0,0,0
04:05:45,root.bursty2,0,0
04:05:45,root.bursty1,0,0
04:05:45,root.default,0,0
04:05:45,root.batch6,0,0
04:05:45,root.batch7,0,0
04:05:45,root.batch1,0,0
04:05:45,root.batch4,0,0
04:05:45,root.batch5,0,0
04:05:45,root.batch2,0,0
04:05:45,root.batch3,0,0
04:05:45,root.batch0,1223,2497536
04:05:46,root.bursty0,0,0
04:05:46,root.bursty2,0,0
04:05:46,root.bursty1,0,0
04:05:46,root.default,0,0
04:05:46,root.batch6,0,0
04:05:46,root.batch7,0,0
04:05:46,root.batch1,0,0
04:05:46,root.batch4,0,0
04:05:46,root.batch5,0,0
04:05:46,root.batch2,0,0
04:05:46,root.batch3,0,0
04:05:46,root.batch0,1275,2604032
04:05:47,root.bursty0,0,0
04:05:47,root.bursty2,0,0
04:05:47,root.bursty1,0,0
04:05:47,root.default,0,0
04:05:47,root.batch6,0,0
04:05:47,root.batch7,0,0
04:05:47,root.batch1,0,0
04:05:47,root.batch4,0,0
04:05:47,root.batch5,0,0
04:05:47,root.batch2,0,0
04:05:47,root.batch3,0,0
04:05:47,root.batch0,1267,2587648
04:05:48,root.bursty0,0,0
04:05:48,root.bursty2,0,0
04:05:48,root.bursty1,0,0
04:05:48,root.default,0,0
04:05:48,root.batch6,0,0
04:05:48,root.batch7,0,0
04:05:48,root.batch1,0,0
04:05:48,root.batch4,0,0
04:05:48,root.batch5,0,0
04:05:48,root.batch2,0,0
04:05:48,root.batch3,0,0
04:05:48,root.batch0,1277,2608128
04:05:49,root.bursty0,0,0
04:05:49,root.bursty2,0,0
04:05:49,root.bursty1,0,0
04:05:49,root.default,0,0
04:05:49,root.batch6,0,0
04:05:49,root.batch7,0,0
04:05:49,root.batch1,0,0
04:05:49,root.batch4,0,0
04:05:49,root.batch5,0,0
04:05:49,root.batch2,0,0
04:05:49,root.batch3,0,0
04:05:49,root.batch0,1279,2612224
04:05:50,root.bursty0,0,0
04:05:50,root.bursty2,0,0
04:05:50,root.bursty1,0,0
04:05:50,root.default,0,0
04:05:50,root.batch6,0,0
04:05:50,root.batch7,0,0
04:05:50,root.batch1,0,0
04:05:50,root.batch4,0,0
04:05:50,root.batch5,0,0
04:05:50,root.batch2,0,0
04:05:50,root.batch3,0,0
04:05:50,root.batch0,1243,2538496
04:05:51,root.bursty0,0,0
04:05:51,root.bursty2,0,0
04:05:51,root.bursty1,0,0
04:05:51,root.default,0,0
04:05:51,root.batch6,0,0
04:05:51,root.batch7,0,0
04:05:51,root.batch1,0,0
04:05:51,root.batch4,0,0
04:05:51,root.batch5,0,0
04:05:51,root.batch2,0,0
04:05:51,root.batch3,0,0
04:05:51,root.batch0,1273,2599936
04:05:52,root.bursty0,0,0
04:05:52,root.bursty2,0,0
04:05:52,root.bursty1,0,0
04:05:52,root.default,0,0
04:05:52,root.batch6,0,0
04:05:52,root.batch7,0,0
04:05:52,root.batch1,0,0
04:05:52,root.batch4,0,0
04:05:52,root.batch5,0,0
04:05:52,root.batch2,0,0
04:05:52,root.batch3,0,0
04:05:52,root.batch0,1279,2612224
04:05:53,root.bursty0,0,0
04:05:53,root.bursty2,0,0
04:05:53,root.bursty1,0,0
04:05:53,root.default,0,0
04:05:53,root.batch6,0,0
04:05:53,root.batch7,0,0
04:05:53,root.batch1,0,0
04:05:53,root.batch4,0,0
04:05:53,root.batch5,0,0
04:05:53,root.batch2,0,0
04:05:53,root.batch3,0,0
04:05:53,root.batch0,1275,2604032
04:05:54,root.bursty0,0,0
04:05:54,root.bursty2,0,0
04:05:54,root.bursty1,0,0
04:05:54,root.default,0,0
04:05:54,root.batch6,0,0
04:05:54,root.batch7,0,0
04:05:54,root.batch1,0,0
04:05:54,root.batch4,0,0
04:05:54,root.batch5,0,0
04:05:54,root.batch2,0,0
04:05:54,root.batch3,0,0
04:05:54,root.batch0,1243,2538496
04:05:55,root.bursty0,0,0
04:05:55,root.bursty2,0,0
04:05:55,root.bursty1,0,0
04:05:55,root.default,0,0
04:05:55,root.batch6,0,0
04:05:55,root.batch7,0,0
04:05:55,root.batch1,0,0
04:05:55,root.batch4,0,0
04:05:55,root.batch5,0,0
04:05:55,root.batch2,0,0
04:05:55,root.batch3,0,0
04:05:55,root.batch0,1199,2448384
04:05:56,root.bursty0,0,0
04:05:56,root.bursty2,0,0
04:05:56,root.bursty1,0,0
04:05:56,root.default,0,0
04:05:56,root.batch6,0,0
04:05:56,root.batch7,0,0
04:05:56,root.batch1,0,0
04:05:56,root.batch4,0,0
04:05:56,root.batch5,0,0
04:05:56,root.batch2,0,0
04:05:56,root.batch3,0,0
04:05:56,root.batch0,1175,2399232
04:05:57,root.bursty0,0,0
04:05:57,root.bursty2,0,0
04:05:57,root.bursty1,0,0
04:05:57,root.default,0,0
04:05:57,root.batch6,0,0
04:05:57,root.batch7,0,0
04:05:57,root.batch1,0,0
04:05:57,root.batch4,0,0
04:05:57,root.batch5,0,0
04:05:57,root.batch2,0,0
04:05:57,root.batch3,0,0
04:05:57,root.batch0,1233,2518016
04:05:58,root.bursty0,0,0
04:05:58,root.bursty2,0,0
04:05:58,root.bursty1,0,0
04:05:58,root.default,0,0
04:05:58,root.batch6,0,0
04:05:58,root.batch7,0,0
04:05:58,root.batch1,0,0
04:05:58,root.batch4,0,0
04:05:58,root.batch5,0,0
04:05:58,root.batch2,0,0
04:05:58,root.batch3,0,0
04:05:58,root.batch0,1203,2456576
04:05:59,root.bursty0,0,0
04:05:59,root.bursty2,0,0
04:05:59,root.bursty1,0,0
04:05:59,root.default,0,0
04:05:59,root.batch6,0,0
04:05:59,root.batch7,0,0
04:05:59,root.batch1,0,0
04:05:59,root.batch4,0,0
04:05:59,root.batch5,0,0
04:05:59,root.batch2,0,0
04:05:59,root.batch3,0,0
04:05:59,root.batch0,1249,2550784
04:06:00,root.bursty0,0,0
04:06:00,root.bursty2,0,0
04:06:00,root.bursty1,0,0
04:06:00,root.default,0,0
04:06:00,root.batch6,0,0
04:06:00,root.batch7,0,0
04:06:00,root.batch1,0,0
04:06:00,root.batch4,0,0
04:06:00,root.batch5,0,0
04:06:00,root.batch2,0,0
04:06:00,root.batch3,0,0
04:06:00,root.batch0,1267,2587648
04:06:01,root.bursty0,0,0
04:06:01,root.bursty2,0,0
04:06:01,root.bursty1,0,0
04:06:01,root.default,0,0
04:06:01,root.batch6,0,0
04:06:01,root.batch7,0,0
04:06:01,root.batch1,0,0
04:06:01,root.batch4,0,0
04:06:01,root.batch5,0,0
04:06:01,root.batch2,0,0
04:06:01,root.batch3,0,0
04:06:01,root.batch0,1257,2567168
04:06:02,root.bursty0,0,0
04:06:02,root.bursty2,0,0
04:06:02,root.bursty1,0,0
04:06:02,root.default,0,0
04:06:02,root.batch6,0,0
04:06:02,root.batch7,0,0
04:06:02,root.batch1,0,0
04:06:02,root.batch4,0,0
04:06:02,root.batch5,0,0
04:06:02,root.batch2,0,0
04:06:02,root.batch3,0,0
04:06:02,root.batch0,1207,2464768
04:06:03,root.bursty0,0,0
04:06:03,root.bursty2,0,0
04:06:03,root.bursty1,0,0
04:06:03,root.default,0,0
04:06:03,root.batch6,0,0
04:06:03,root.batch7,0,0
04:06:03,root.batch1,0,0
04:06:03,root.batch4,0,0
04:06:03,root.batch5,0,0
04:06:03,root.batch2,0,0
04:06:03,root.batch3,0,0
04:06:03,root.batch0,1231,2513920
04:06:04,root.bursty0,0,0
04:06:04,root.bursty2,0,0
04:06:04,root.bursty1,0,0
04:06:04,root.default,0,0
04:06:04,root.batch6,0,0
04:06:04,root.batch7,0,0
04:06:04,root.batch1,0,0
04:06:04,root.batch4,0,0
04:06:04,root.batch5,0,0
04:06:04,root.batch2,0,0
04:06:04,root.batch3,0,0
04:06:04,root.batch0,1245,2542592
04:06:05,root.bursty0,0,0
04:06:05,root.bursty2,0,0
04:06:05,root.bursty1,0,0
04:06:05,root.default,0,0
04:06:05,root.batch6,0,0
04:06:05,root.batch7,0,0
04:06:05,root.batch1,0,0
04:06:05,root.batch4,0,0
04:06:05,root.batch5,0,0
04:06:05,root.batch2,0,0
04:06:05,root.batch3,0,0
04:06:05,root.batch0,1263,2579456
04:06:06,root.bursty0,0,0
04:06:06,root.bursty2,0,0
04:06:06,root.bursty1,0,0
04:06:06,root.default,0,0
04:06:06,root.batch6,0,0
04:06:06,root.batch7,0,0
04:06:06,root.batch1,0,0
04:06:06,root.batch4,0,0
04:06:06,root.batch5,0,0
04:06:06,root.batch2,0,0
04:06:06,root.batch3,0,0
04:06:06,root.batch0,1251,2554880
04:06:07,root.bursty0,0,0
04:06:07,root.bursty2,0,0
04:06:07,root.bursty1,0,0
04:06:07,root.default,0,0
04:06:07,root.batch6,0,0
04:06:07,root.batch7,0,0
04:06:07,root.batch1,0,0
04:06:07,root.batch4,0,0
04:06:07,root.batch5,0,0
04:06:07,root.batch2,0,0
04:06:07,root.batch3,0,0
04:06:07,root.batch0,1215,2481152
04:06:08,root.bursty0,0,0
04:06:08,root.bursty2,0,0
04:06:08,root.bursty1,0,0
04:06:08,root.default,0,0
04:06:08,root.batch6,0,0
04:06:08,root.batch7,0,0
04:06:08,root.batch1,0,0
04:06:08,root.batch4,0,0
04:06:08,root.batch5,0,0
04:06:08,root.batch2,0,0
04:06:08,root.batch3,0,0
04:06:08,root.batch0,1189,2427904
04:06:09,root.bursty0,0,0
04:06:09,root.bursty2,0,0
04:06:09,root.bursty1,0,0
04:06:09,root.default,0,0
04:06:09,root.batch6,0,0
04:06:09,root.batch7,0,0
04:06:09,root.batch1,0,0
04:06:09,root.batch4,0,0
04:06:09,root.batch5,0,0
04:06:09,root.batch2,0,0
04:06:09,root.batch3,0,0
04:06:09,root.batch0,1125,2296832
04:06:10,root.bursty0,0,0
04:06:10,root.bursty2,0,0
04:06:10,root.bursty1,0,0
04:06:10,root.default,0,0
04:06:10,root.batch6,0,0
04:06:10,root.batch7,0,0
04:06:10,root.batch1,0,0
04:06:10,root.batch4,0,0
04:06:10,root.batch5,0,0
04:06:10,root.batch2,0,0
04:06:10,root.batch3,0,0
04:06:10,root.batch0,1195,2440192
04:06:11,root.bursty0,0,0
04:06:11,root.bursty2,0,0
04:06:11,root.bursty1,0,0
04:06:11,root.default,0,0
04:06:11,root.batch6,0,0
04:06:11,root.batch7,0,0
04:06:11,root.batch1,0,0
04:06:11,root.batch4,0,0
04:06:11,root.batch5,0,0
04:06:11,root.batch2,0,0
04:06:11,root.batch3,0,0
04:06:11,root.batch0,1209,2468864
04:06:12,root.bursty0,0,0
04:06:12,root.bursty2,0,0
04:06:12,root.bursty1,0,0
04:06:12,root.default,0,0
04:06:12,root.batch6,0,0
04:06:12,root.batch7,0,0
04:06:12,root.batch1,0,0
04:06:12,root.batch4,0,0
04:06:12,root.batch5,0,0
04:06:12,root.batch2,0,0
04:06:12,root.batch3,0,0
04:06:12,root.batch0,1205,2460672
04:06:13,root.bursty0,0,0
04:06:13,root.bursty2,0,0
04:06:13,root.bursty1,0,0
04:06:13,root.default,0,0
04:06:13,root.batch6,0,0
04:06:13,root.batch7,0,0
04:06:13,root.batch1,0,0
04:06:13,root.batch4,0,0
04:06:13,root.batch5,0,0
04:06:13,root.batch2,0,0
04:06:13,root.batch3,0,0
04:06:13,root.batch0,1247,2546688
04:06:14,root.bursty0,0,0
04:06:14,root.bursty2,0,0
04:06:14,root.bursty1,0,0
04:06:14,root.default,0,0
04:06:14,root.batch6,0,0
04:06:14,root.batch7,0,0
04:06:14,root.batch1,0,0
04:06:14,root.batch4,0,0
04:06:14,root.batch5,0,0
04:06:14,root.batch2,0,0
04:06:14,root.batch3,0,0
04:06:14,root.batch0,1251,2554880
04:06:15,root.bursty0,0,0
04:06:15,root.bursty2,0,0
04:06:15,root.bursty1,0,0
04:06:15,root.default,0,0
04:06:15,root.batch6,0,0
04:06:15,root.batch7,0,0
04:06:15,root.batch1,0,0
04:06:15,root.batch4,0,0
04:06:15,root.batch5,0,0
04:06:15,root.batch2,0,0
04:06:15,root.batch3,0,0
04:06:15,root.batch0,1271,2595840
04:06:16,root.bursty0,0,0
04:06:16,root.bursty2,0,0
04:06:16,root.bursty1,0,0
04:06:16,root.default,0,0
04:06:16,root.batch6,0,0
04:06:16,root.batch7,0,0
04:06:16,root.batch1,0,0
04:06:16,root.batch4,0,0
04:06:16,root.batch5,0,0
04:06:16,root.batch2,0,0
04:06:16,root.batch3,0,0
04:06:16,root.batch0,1275,2604032
04:06:17,root.bursty0,0,0
04:06:17,root.bursty2,0,0
04:06:17,root.bursty1,0,0
04:06:17,root.default,0,0
04:06:17,root.batch6,0,0
04:06:17,root.batch7,0,0
04:06:17,root.batch1,0,0
04:06:17,root.batch4,0,0
04:06:17,root.batch5,0,0
04:06:17,root.batch2,0,0
04:06:17,root.batch3,0,0
04:06:17,root.batch0,1277,2608128
04:06:18,root.bursty0,0,0
04:06:18,root.bursty2,0,0
04:06:18,root.bursty1,0,0
04:06:18,root.default,0,0
04:06:18,root.batch6,0,0
04:06:18,root.batch7,0,0
04:06:18,root.batch1,0,0
04:06:18,root.batch4,0,0
04:06:18,root.batch5,0,0
04:06:18,root.batch2,0,0
04:06:18,root.batch3,0,0
04:06:18,root.batch0,1277,2608128
04:06:19,root.bursty0,0,0
04:06:19,root.bursty2,0,0
04:06:19,root.bursty1,0,0
04:06:19,root.default,0,0
04:06:19,root.batch6,0,0
04:06:19,root.batch7,0,0
04:06:19,root.batch1,0,0
04:06:19,root.batch4,0,0
04:06:19,root.batch5,0,0
04:06:19,root.batch2,0,0
04:06:19,root.batch3,0,0
04:06:19,root.batch0,1277,2608128
04:06:20,root.bursty0,0,0
04:06:20,root.bursty2,0,0
04:06:20,root.bursty1,0,0
04:06:20,root.default,0,0
04:06:20,root.batch6,0,0
04:06:20,root.batch7,0,0
04:06:20,root.batch1,0,0
04:06:20,root.batch4,0,0
04:06:20,root.batch5,0,0
04:06:20,root.batch2,0,0
04:06:20,root.batch3,0,0
04:06:20,root.batch0,1277,2608128
04:06:21,root.bursty0,0,0
04:06:21,root.bursty2,0,0
04:06:21,root.bursty1,0,0
04:06:21,root.default,0,0
04:06:21,root.batch6,0,0
04:06:21,root.batch7,0,0
04:06:21,root.batch1,0,0
04:06:21,root.batch4,0,0
04:06:21,root.batch5,0,0
04:06:21,root.batch2,0,0
04:06:21,root.batch3,0,0
04:06:21,root.batch0,1277,2608128
04:06:22,root.bursty0,0,0
04:06:22,root.bursty2,0,0
04:06:22,root.bursty1,0,0
04:06:22,root.default,0,0
04:06:22,root.batch6,0,0
04:06:22,root.batch7,0,0
04:06:22,root.batch1,0,0
04:06:22,root.batch4,0,0
04:06:22,root.batch5,0,0
04:06:22,root.batch2,0,0
04:06:22,root.batch3,0,0
04:06:22,root.batch0,1277,2608128
04:06:23,root.bursty0,0,0
04:06:23,root.bursty2,0,0
04:06:23,root.bursty1,0,0
04:06:23,root.default,0,0
04:06:23,root.batch6,0,0
04:06:23,root.batch7,0,0
04:06:23,root.batch1,0,0
04:06:23,root.batch4,0,0
04:06:23,root.batch5,0,0
04:06:23,root.batch2,0,0
04:06:23,root.batch3,0,0
04:06:23,root.batch0,1277,2608128
04:06:24,root.bursty0,0,0
04:06:24,root.bursty2,0,0
04:06:24,root.bursty1,0,0
04:06:24,root.default,0,0
04:06:24,root.batch6,0,0
04:06:24,root.batch7,0,0
04:06:24,root.batch1,0,0
04:06:24,root.batch4,0,0
04:06:24,root.batch5,0,0
04:06:24,root.batch2,0,0
04:06:24,root.batch3,0,0
04:06:24,root.batch0,1277,2608128
04:06:26,root.bursty0,0,0
04:06:26,root.bursty2,0,0
04:06:26,root.bursty1,0,0
04:06:26,root.default,0,0
04:06:26,root.batch6,0,0
04:06:26,root.batch7,0,0
04:06:26,root.batch1,0,0
04:06:26,root.batch4,0,0
04:06:26,root.batch5,0,0
04:06:26,root.batch2,0,0
04:06:26,root.batch3,0,0
04:06:26,root.batch0,1277,2608128
04:06:27,root.bursty0,0,0
04:06:27,root.bursty2,0,0
04:06:27,root.bursty1,0,0
04:06:27,root.default,0,0
04:06:27,root.batch6,0,0
04:06:27,root.batch7,0,0
04:06:27,root.batch1,0,0
04:06:27,root.batch4,0,0
04:06:27,root.batch5,0,0
04:06:27,root.batch2,0,0
04:06:27,root.batch3,0,0
04:06:27,root.batch0,1277,2608128
04:06:28,root.bursty0,0,0
04:06:28,root.bursty2,0,0
04:06:28,root.bursty1,0,0
04:06:28,root.default,0,0
04:06:28,root.batch6,0,0
04:06:28,root.batch7,0,0
04:06:28,root.batch1,0,0
04:06:28,root.batch4,0,0
04:06:28,root.batch5,0,0
04:06:28,root.batch2,0,0
04:06:28,root.batch3,0,0
04:06:28,root.batch0,1277,2608128
04:06:29,root.bursty0,0,0
04:06:29,root.bursty2,0,0
04:06:29,root.bursty1,0,0
04:06:29,root.default,0,0
04:06:29,root.batch6,0,0
04:06:29,root.batch7,0,0
04:06:29,root.batch1,0,0
04:06:29,root.batch4,0,0
04:06:29,root.batch5,0,0
04:06:29,root.batch2,0,0
04:06:29,root.batch3,0,0
04:06:29,root.batch0,1277,2608128
04:06:30,root.bursty0,0,0
04:06:30,root.bursty2,0,0
04:06:30,root.bursty1,0,0
04:06:30,root.default,0,0
04:06:30,root.batch6,0,0
04:06:30,root.batch7,0,0
04:06:30,root.batch1,0,0
04:06:30,root.batch4,0,0
04:06:30,root.batch5,0,0
04:06:30,root.batch2,0,0
04:06:30,root.batch3,0,0
04:06:30,root.batch0,1277,2608128
04:06:31,root.bursty0,0,0
04:06:31,root.bursty2,0,0
04:06:31,root.bursty1,0,0
04:06:31,root.default,0,0
04:06:31,root.batch6,0,0
04:06:31,root.batch7,0,0
04:06:31,root.batch1,0,0
04:06:31,root.batch4,0,0
04:06:31,root.batch5,0,0
04:06:31,root.batch2,0,0
04:06:31,root.batch3,0,0
04:06:31,root.batch0,1277,2608128
04:06:32,root.bursty0,0,0
04:06:32,root.bursty2,0,0
04:06:32,root.bursty1,0,0
04:06:32,root.default,0,0
04:06:32,root.batch6,0,0
04:06:32,root.batch7,0,0
04:06:32,root.batch1,0,0
04:06:32,root.batch4,0,0
04:06:32,root.batch5,0,0
04:06:32,root.batch2,0,0
04:06:32,root.batch3,0,0
04:06:32,root.batch0,1277,2608128
04:06:33,root.bursty0,0,0
04:06:33,root.bursty2,0,0
04:06:33,root.bursty1,0,0
04:06:33,root.default,0,0
04:06:33,root.batch6,0,0
04:06:33,root.batch7,0,0
04:06:33,root.batch1,0,0
04:06:33,root.batch4,0,0
04:06:33,root.batch5,0,0
04:06:33,root.batch2,0,0
04:06:33,root.batch3,0,0
04:06:33,root.batch0,1277,2608128
04:06:34,root.bursty0,0,0
04:06:34,root.bursty2,0,0
04:06:34,root.bursty1,0,0
04:06:34,root.default,0,0
04:06:34,root.batch6,0,0
04:06:34,root.batch7,0,0
04:06:34,root.batch1,0,0
04:06:34,root.batch4,0,0
04:06:34,root.batch5,0,0
04:06:34,root.batch2,0,0
04:06:34,root.batch3,0,0
04:06:34,root.batch0,1273,2599936
04:06:35,root.bursty0,0,0
04:06:35,root.bursty2,0,0
04:06:35,root.bursty1,0,0
04:06:35,root.default,0,0
04:06:35,root.batch6,0,0
04:06:35,root.batch7,0,0
04:06:35,root.batch1,0,0
04:06:35,root.batch4,0,0
04:06:35,root.batch5,0,0
04:06:35,root.batch2,0,0
04:06:35,root.batch3,0,0
04:06:35,root.batch0,419,850944
04:06:36,root.bursty0,0,0
04:06:36,root.bursty2,0,0
04:06:36,root.bursty1,0,0
04:06:36,root.default,0,0
04:06:36,root.batch6,0,0
04:06:36,root.batch7,0,0
04:06:36,root.batch1,0,0
04:06:36,root.batch4,0,0
04:06:36,root.batch5,0,0
04:06:36,root.batch2,0,0
04:06:36,root.batch3,0,0
04:06:36,root.batch0,533,1346560
04:06:37,root.bursty0,0,0
04:06:37,root.bursty2,0,0
04:06:37,root.bursty1,0,0
04:06:37,root.default,0,0
04:06:37,root.batch6,0,0
04:06:37,root.batch7,0,0
04:06:37,root.batch1,0,0
04:06:37,root.batch4,0,0
04:06:37,root.batch5,0,0
04:06:37,root.batch2,0,0
04:06:37,root.batch3,0,0
04:06:37,root.batch0,642,1704960
04:06:38,root.bursty0,0,0
04:06:38,root.bursty2,0,0
04:06:38,root.bursty1,0,0
04:06:38,root.default,0,0
04:06:38,root.batch6,0,0
04:06:38,root.batch7,0,0
04:06:38,root.batch1,0,0
04:06:38,root.batch4,0,0
04:06:38,root.batch5,0,0
04:06:38,root.batch2,0,0
04:06:38,root.batch3,0,0
04:06:38,root.batch0,722,1868800
04:06:39,root.bursty0,0,0
04:06:39,root.bursty2,0,0
04:06:39,root.bursty1,0,0
04:06:39,root.default,0,0
04:06:39,root.batch6,0,0
04:06:39,root.batch7,0,0
04:06:39,root.batch1,0,0
04:06:39,root.batch4,0,0
04:06:39,root.batch5,0,0
04:06:39,root.batch2,0,0
04:06:39,root.batch3,0,0
04:06:39,root.batch0,800,2028544
04:06:40,root.bursty0,0,0
04:06:40,root.bursty2,0,0
04:06:40,root.bursty1,0,0
04:06:40,root.default,0,0
04:06:40,root.batch6,0,0
04:06:40,root.batch7,0,0
04:06:40,root.batch1,0,0
04:06:40,root.batch4,0,0
04:06:40,root.batch5,0,0
04:06:40,root.batch2,0,0
04:06:40,root.batch3,0,0
04:06:40,root.batch0,752,1930240
04:06:41,root.bursty0,0,0
04:06:41,root.bursty2,0,0
04:06:41,root.bursty1,0,0
04:06:41,root.default,0,0
04:06:41,root.batch6,0,0
04:06:41,root.batch7,0,0
04:06:41,root.batch1,0,0
04:06:41,root.batch4,0,0
04:06:41,root.batch5,0,0
04:06:41,root.batch2,0,0
04:06:41,root.batch3,0,0
04:06:41,root.batch0,832,2094080
04:06:42,root.bursty0,0,0
04:06:42,root.bursty2,0,0
04:06:42,root.bursty1,0,0
04:06:42,root.default,0,0
04:06:42,root.batch6,0,0
04:06:42,root.batch7,0,0
04:06:42,root.batch1,0,0
04:06:42,root.batch4,0,0
04:06:42,root.batch5,0,0
04:06:42,root.batch2,0,0
04:06:42,root.batch3,0,0
04:06:42,root.batch0,904,2241536
04:06:43,root.bursty0,0,0
04:06:43,root.bursty2,0,0
04:06:43,root.bursty1,0,0
04:06:43,root.default,0,0
04:06:43,root.batch6,0,0
04:06:43,root.batch7,0,0
04:06:43,root.batch1,0,0
04:06:43,root.batch4,0,0
04:06:43,root.batch5,0,0
04:06:43,root.batch2,0,0
04:06:43,root.batch3,0,0
04:06:43,root.batch0,940,2315264
04:06:44,root.bursty0,0,0
04:06:44,root.bursty2,0,0
04:06:44,root.bursty1,0,0
04:06:44,root.default,0,0
04:06:44,root.batch6,0,0
04:06:44,root.batch7,0,0
04:06:44,root.batch1,0,0
04:06:44,root.batch4,0,0
04:06:44,root.batch5,0,0
04:06:44,root.batch2,0,0
04:06:44,root.batch3,0,0
04:06:44,root.batch0,911,2251776
04:06:45,root.bursty0,0,0
04:06:45,root.bursty2,0,0
04:06:45,root.bursty1,0,0
04:06:45,root.default,0,0
04:06:45,root.batch6,0,0
04:06:45,root.batch7,0,0
04:06:45,root.batch1,0,0
04:06:45,root.batch4,0,0
04:06:45,root.batch5,0,0
04:06:45,root.batch2,0,0
04:06:45,root.batch3,0,0
04:06:45,root.batch0,944,2315264
04:06:46,root.bursty0,0,0
04:06:46,root.bursty2,0,0
04:06:46,root.bursty1,0,0
04:06:46,root.default,0,0
04:06:46,root.batch6,0,0
04:06:46,root.batch7,0,0
04:06:46,root.batch1,0,0
04:06:46,root.batch4,0,0
04:06:46,root.batch5,0,0
04:06:46,root.batch2,0,0
04:06:46,root.batch3,0,0
04:06:46,root.batch0,1001,2427904
04:06:47,root.bursty0,0,0
04:06:47,root.bursty2,0,0
04:06:47,root.bursty1,0,0
04:06:47,root.default,0,0
04:06:47,root.batch6,0,0
04:06:47,root.batch7,0,0
04:06:47,root.batch1,0,0
04:06:47,root.batch4,0,0
04:06:47,root.batch5,0,0
04:06:47,root.batch2,0,0
04:06:47,root.batch3,0,0
04:06:47,root.batch0,1032,2487296
04:06:48,root.bursty0,0,0
04:06:48,root.bursty2,0,0
04:06:48,root.bursty1,0,0
04:06:48,root.default,0,0
04:06:48,root.batch6,0,0
04:06:48,root.batch7,0,0
04:06:48,root.batch1,0,0
04:06:48,root.batch4,0,0
04:06:48,root.batch5,0,0
04:06:48,root.batch2,0,0
04:06:48,root.batch3,0,0
04:06:48,root.batch0,1054,2532352
04:06:49,root.bursty0,0,0
04:06:49,root.bursty2,0,0
04:06:49,root.bursty1,0,0
04:06:49,root.default,0,0
04:06:49,root.batch6,0,0
04:06:49,root.batch7,0,0
04:06:49,root.batch1,0,0
04:06:49,root.batch4,0,0
04:06:49,root.batch5,0,0
04:06:49,root.batch2,0,0
04:06:49,root.batch3,0,0
04:06:49,root.batch0,1067,2554880
04:06:50,root.bursty0,0,0
04:06:50,root.bursty2,0,0
04:06:50,root.bursty1,0,0
04:06:50,root.default,0,0
04:06:50,root.batch6,0,0
04:06:50,root.batch7,0,0
04:06:50,root.batch1,0,0
04:06:50,root.batch4,0,0
04:06:50,root.batch5,0,0
04:06:50,root.batch2,0,0
04:06:50,root.batch3,0,0
04:06:50,root.batch0,1071,2563072
04:06:51,root.bursty0,0,0
04:06:51,root.bursty2,0,0
04:06:51,root.bursty1,0,0
04:06:51,root.default,0,0
04:06:51,root.batch6,0,0
04:06:51,root.batch7,0,0
04:06:51,root.batch1,0,0
04:06:51,root.batch4,0,0
04:06:51,root.batch5,0,0
04:06:51,root.batch2,0,0
04:06:51,root.batch3,0,0
04:06:51,root.batch0,1079,2579456
04:06:52,root.bursty0,0,0
04:06:52,root.bursty2,0,0
04:06:52,root.bursty1,0,0
04:06:52,root.default,0,0
04:06:52,root.batch6,0,0
04:06:52,root.batch7,0,0
04:06:52,root.batch1,0,0
04:06:52,root.batch4,0,0
04:06:52,root.batch5,0,0
04:06:52,root.batch2,0,0
04:06:52,root.batch3,0,0
04:06:52,root.batch0,1066,2540544
04:06:53,root.bursty0,0,0
04:06:53,root.bursty2,0,0
04:06:53,root.bursty1,0,0
04:06:53,root.default,0,0
04:06:53,root.batch6,0,0
04:06:53,root.batch7,0,0
04:06:53,root.batch1,0,0
04:06:53,root.batch4,0,0
04:06:53,root.batch5,0,0
04:06:53,root.batch2,0,0
04:06:53,root.batch3,0,0
04:06:53,root.batch0,1088,2470912
04:06:54,root.bursty0,0,0
04:06:54,root.bursty2,0,0
04:06:54,root.bursty1,0,0
04:06:54,root.default,0,0
04:06:54,root.batch6,0,0
04:06:54,root.batch7,0,0
04:06:54,root.batch1,0,0
04:06:54,root.batch4,0,0
04:06:54,root.batch5,0,0
04:06:54,root.batch2,0,0
04:06:54,root.batch3,0,0
04:06:54,root.batch0,1082,2294784
04:06:55,root.bursty0,0,0
04:06:55,root.bursty2,0,0
04:06:55,root.bursty1,0,0
04:06:55,root.default,0,0
04:06:55,root.batch6,0,0
04:06:55,root.batch7,0,0
04:06:55,root.batch1,0,0
04:06:55,root.batch4,0,0
04:06:55,root.batch5,0,0
04:06:55,root.batch2,0,0
04:06:55,root.batch3,0,0
04:06:55,root.batch0,1150,2376704
04:06:56,root.bursty0,0,0
04:06:56,root.bursty2,0,0
04:06:56,root.bursty1,0,0
04:06:56,root.default,0,0
04:06:56,root.batch6,0,0
04:06:56,root.batch7,0,0
04:06:56,root.batch1,0,0
04:06:56,root.batch4,0,0
04:06:56,root.batch5,0,0
04:06:56,root.batch2,0,0
04:06:56,root.batch3,0,0
04:06:56,root.batch0,1137,2345984
04:06:57,root.bursty0,0,0
04:06:57,root.bursty2,0,0
04:06:57,root.bursty1,0,0
04:06:57,root.default,0,0
04:06:57,root.batch6,0,0
04:06:57,root.batch7,0,0
04:06:57,root.batch1,0,0
04:06:57,root.batch4,0,0
04:06:57,root.batch5,0,0
04:06:57,root.batch2,0,0
04:06:57,root.batch3,0,0
04:06:57,root.batch0,1168,2405376
04:06:58,root.bursty0,0,0
04:06:58,root.bursty2,0,0
04:06:58,root.bursty1,0,0
04:06:58,root.default,0,0
04:06:58,root.batch6,0,0
04:06:58,root.batch7,0,0
04:06:58,root.batch1,0,0
04:06:58,root.batch4,0,0
04:06:58,root.batch5,0,0
04:06:58,root.batch2,0,0
04:06:58,root.batch3,0,0
04:06:58,root.batch0,1150,2368512
04:06:59,root.bursty0,0,0
04:06:59,root.bursty2,0,0
04:06:59,root.bursty1,0,0
04:06:59,root.default,0,0
04:06:59,root.batch6,0,0
04:06:59,root.batch7,0,0
04:06:59,root.batch1,0,0
04:06:59,root.batch4,0,0
04:06:59,root.batch5,0,0
04:06:59,root.batch2,0,0
04:06:59,root.batch3,0,0
04:06:59,root.batch0,1192,2438144
04:07:00,root.bursty0,0,0
04:07:00,root.bursty2,0,0
04:07:00,root.bursty1,0,0
04:07:00,root.default,0,0
04:07:00,root.batch6,0,0
04:07:00,root.batch7,0,0
04:07:00,root.batch1,0,0
04:07:00,root.batch4,0,0
04:07:00,root.batch5,0,0
04:07:00,root.batch2,0,0
04:07:00,root.batch3,0,0
04:07:00,root.batch0,1183,2415616
04:07:01,root.bursty2,0,0
04:07:01,root.bursty1,0,0
04:07:01,root.default,0,0
04:07:01,root.batch6,0,0
04:07:01,root.batch7,0,0
04:07:01,root.batch1,0,0
04:07:01,root.batch4,0,0
04:07:01,root.batch5,0,0
04:07:01,root.batch2,0,0
04:07:01,root.batch3,0,0
04:07:01,root.bursty0,1,1024
04:07:01,root.batch0,1229,2509824
04:07:02,root.bursty2,0,0
04:07:02,root.bursty1,0,0
04:07:02,root.default,0,0
04:07:02,root.batch6,0,0
04:07:02,root.batch7,0,0
04:07:02,root.batch1,0,0
04:07:02,root.batch4,0,0
04:07:02,root.batch5,0,0
04:07:02,root.batch2,0,0
04:07:02,root.batch3,0,0
04:07:02,root.bursty0,1,1024
04:07:02,root.batch0,1239,2530304
04:07:03,root.bursty2,0,0
04:07:03,root.bursty1,0,0
04:07:03,root.default,0,0
04:07:03,root.batch6,0,0
04:07:03,root.batch7,0,0
04:07:03,root.batch1,0,0
04:07:03,root.batch4,0,0
04:07:03,root.batch5,0,0
04:07:03,root.batch2,0,0
04:07:03,root.batch3,0,0
04:07:03,root.bursty0,1,1024
04:07:03,root.batch0,1231,2513920
04:07:04,root.bursty2,0,0
04:07:04,root.bursty1,0,0
04:07:04,root.default,0,0
04:07:04,root.batch6,0,0
04:07:04,root.batch7,0,0
04:07:04,root.batch1,0,0
04:07:04,root.batch4,0,0
04:07:04,root.batch5,0,0
04:07:04,root.batch2,0,0
04:07:04,root.batch3,0,0
04:07:04,root.bursty0,1,1024
04:07:04,root.batch0,1205,2460672
04:07:05,root.bursty2,0,0
04:07:05,root.bursty1,0,0
04:07:05,root.default,0,0
04:07:05,root.batch6,0,0
04:07:05,root.batch7,0,0
04:07:05,root.batch1,0,0
04:07:05,root.batch4,0,0
04:07:05,root.batch5,0,0
04:07:05,root.batch2,0,0
04:07:05,root.batch3,0,0
04:07:05,root.bursty0,1,1024
04:07:05,root.batch0,1243,2538496
04:07:06,root.bursty2,0,0
04:07:06,root.bursty1,0,0
04:07:06,root.default,0,0
04:07:06,root.batch6,0,0
04:07:06,root.batch7,0,0
04:07:06,root.batch1,0,0
04:07:06,root.batch4,0,0
04:07:06,root.batch5,0,0
04:07:06,root.batch2,0,0
04:07:06,root.batch3,0,0
04:07:06,root.bursty0,1,1024
04:07:06,root.batch0,1241,2534400
04:07:07,root.bursty2,0,0
04:07:07,root.bursty1,0,0
04:07:07,root.default,0,0
04:07:07,root.batch6,0,0
04:07:07,root.batch7,0,0
04:07:07,root.batch1,0,0
04:07:07,root.batch4,0,0
04:07:07,root.batch5,0,0
04:07:07,root.batch2,0,0
04:07:07,root.batch3,0,0
04:07:07,root.bursty0,1,1024
04:07:07,root.batch0,1247,2546688
04:07:08,root.bursty2,0,0
04:07:08,root.bursty1,0,0
04:07:08,root.default,0,0
04:07:08,root.batch6,0,0
04:07:08,root.batch7,0,0
04:07:08,root.batch1,0,0
04:07:08,root.batch4,0,0
04:07:08,root.batch5,0,0
04:07:08,root.batch2,0,0
04:07:08,root.batch3,0,0
04:07:08,root.bursty0,1,1024
04:07:08,root.batch0,1197,2444288
04:07:09,root.bursty2,0,0
04:07:09,root.bursty1,0,0
04:07:09,root.default,0,0
04:07:09,root.batch6,0,0
04:07:09,root.batch7,0,0
04:07:09,root.batch1,0,0
04:07:09,root.batch4,0,0
04:07:09,root.batch5,0,0
04:07:09,root.batch2,0,0
04:07:09,root.batch3,0,0
04:07:09,root.bursty0,1,1024
04:07:09,root.batch0,1143,2333696
04:07:10,root.bursty2,0,0
04:07:10,root.bursty1,0,0
04:07:10,root.default,0,0
04:07:10,root.batch6,0,0
04:07:10,root.batch7,0,0
04:07:10,root.batch1,0,0
04:07:10,root.batch4,0,0
04:07:10,root.batch5,0,0
04:07:10,root.batch2,0,0
04:07:10,root.batch3,0,0
04:07:10,root.bursty0,1,1024
04:07:10,root.batch0,1211,2472960
04:07:11,root.bursty2,0,0
04:07:11,root.bursty1,0,0
04:07:11,root.default,0,0
04:07:11,root.batch6,0,0
04:07:11,root.batch7,0,0
04:07:11,root.batch1,0,0
04:07:11,root.batch4,0,0
04:07:11,root.batch5,0,0
04:07:11,root.batch2,0,0
04:07:11,root.batch3,0,0
04:07:11,root.bursty0,1,1024
04:07:11,root.batch0,1221,2493440
04:07:12,root.bursty2,0,0
04:07:12,root.bursty1,0,0
04:07:12,root.default,0,0
04:07:12,root.batch6,0,0
04:07:12,root.batch7,0,0
04:07:12,root.batch1,0,0
04:07:12,root.batch4,0,0
04:07:12,root.batch5,0,0
04:07:12,root.batch2,0,0
04:07:12,root.batch3,0,0
04:07:12,root.bursty0,1,1024
04:07:12,root.batch0,1239,2530304
04:07:13,root.bursty2,0,0
04:07:13,root.bursty1,0,0
04:07:13,root.default,0,0
04:07:13,root.batch6,0,0
04:07:13,root.batch7,0,0
04:07:13,root.batch1,0,0
04:07:13,root.batch4,0,0
04:07:13,root.batch5,0,0
04:07:13,root.batch2,0,0
04:07:13,root.batch3,0,0
04:07:13,root.bursty0,1,1024
04:07:13,root.batch0,1257,2567168
04:07:14,root.bursty2,0,0
04:07:14,root.bursty1,0,0
04:07:14,root.default,0,0
04:07:14,root.batch6,0,0
04:07:14,root.batch7,0,0
04:07:14,root.batch1,0,0
04:07:14,root.batch4,0,0
04:07:14,root.batch5,0,0
04:07:14,root.batch2,0,0
04:07:14,root.batch3,0,0
04:07:14,root.bursty0,1,1024
04:07:14,root.batch0,1215,2481152
04:07:15,root.bursty2,0,0
04:07:15,root.bursty1,0,0
04:07:15,root.default,0,0
04:07:15,root.batch6,0,0
04:07:15,root.batch7,0,0
04:07:15,root.batch1,0,0
04:07:15,root.batch4,0,0
04:07:15,root.batch5,0,0
04:07:15,root.batch2,0,0
04:07:15,root.batch3,0,0
04:07:15,root.bursty0,1,1024
04:07:15,root.batch0,1205,2460672
04:07:16,root.bursty2,0,0
04:07:16,root.bursty1,0,0
04:07:16,root.default,0,0
04:07:16,root.batch6,0,0
04:07:16,root.batch7,0,0
04:07:16,root.batch1,0,0
04:07:16,root.batch4,0,0
04:07:16,root.batch5,0,0
04:07:16,root.batch2,0,0
04:07:16,root.batch3,0,0
04:07:16,root.bursty0,1,1024
04:07:16,root.batch0,1247,2546688
04:07:17,root.bursty2,0,0
04:07:17,root.bursty1,0,0
04:07:17,root.default,0,0
04:07:17,root.batch6,0,0
04:07:17,root.batch7,0,0
04:07:17,root.batch1,0,0
04:07:17,root.batch4,0,0
04:07:17,root.batch5,0,0
04:07:17,root.batch2,0,0
04:07:17,root.batch3,0,0
04:07:17,root.bursty0,1,1024
04:07:17,root.batch0,1179,2407424
04:07:18,root.bursty2,0,0
04:07:18,root.bursty1,0,0
04:07:18,root.default,0,0
04:07:18,root.batch6,0,0
04:07:18,root.batch7,0,0
04:07:18,root.batch1,0,0
04:07:18,root.batch4,0,0
04:07:18,root.batch5,0,0
04:07:18,root.batch2,0,0
04:07:18,root.batch3,0,0
04:07:18,root.bursty0,1,1024
04:07:18,root.batch0,1097,2239488
04:07:19,root.bursty2,0,0
04:07:19,root.bursty1,0,0
04:07:19,root.default,0,0
04:07:19,root.batch6,0,0
04:07:19,root.batch7,0,0
04:07:19,root.batch1,0,0
04:07:19,root.batch4,0,0
04:07:19,root.batch5,0,0
04:07:19,root.batch2,0,0
04:07:19,root.batch3,0,0
04:07:19,root.bursty0,1,1024
04:07:19,root.batch0,1175,2399232
04:07:20,root.bursty2,0,0
04:07:20,root.bursty1,0,0
04:07:20,root.default,0,0
04:07:20,root.batch6,0,0
04:07:20,root.batch7,0,0
04:07:20,root.batch1,0,0
04:07:20,root.batch4,0,0
04:07:20,root.batch5,0,0
04:07:20,root.batch2,0,0
04:07:20,root.batch3,0,0
04:07:20,root.bursty0,1,1024
04:07:20,root.batch0,1151,2350080
04:07:21,root.bursty2,0,0
04:07:21,root.bursty1,0,0
04:07:21,root.default,0,0
04:07:21,root.batch6,0,0
04:07:21,root.batch7,0,0
04:07:21,root.batch1,0,0
04:07:21,root.batch4,0,0
04:07:21,root.batch5,0,0
04:07:21,root.batch2,0,0
04:07:21,root.batch3,0,0
04:07:21,root.bursty0,1,1024
04:07:21,root.batch0,1081,2206720
04:07:22,root.bursty2,0,0
04:07:22,root.bursty1,0,0
04:07:22,root.default,0,0
04:07:22,root.batch6,0,0
04:07:22,root.batch7,0,0
04:07:22,root.batch1,0,0
04:07:22,root.batch4,0,0
04:07:22,root.batch5,0,0
04:07:22,root.batch2,0,0
04:07:22,root.batch3,0,0
04:07:22,root.bursty0,1,1024
04:07:22,root.batch0,1025,2092032
04:07:23,root.bursty2,0,0
04:07:23,root.bursty1,0,0
04:07:23,root.default,0,0
04:07:23,root.batch6,0,0
04:07:23,root.batch7,0,0
04:07:23,root.batch1,0,0
04:07:23,root.batch4,0,0
04:07:23,root.batch5,0,0
04:07:23,root.batch2,0,0
04:07:23,root.batch3,0,0
04:07:23,root.bursty0,1,1024
04:07:23,root.batch0,1055,2153472
04:07:24,root.bursty2,0,0
04:07:24,root.bursty1,0,0
04:07:24,root.default,0,0
04:07:24,root.batch6,0,0
04:07:24,root.batch7,0,0
04:07:24,root.batch1,0,0
04:07:24,root.batch4,0,0
04:07:24,root.batch5,0,0
04:07:24,root.batch2,0,0
04:07:24,root.batch3,0,0
04:07:24,root.bursty0,1,1024
04:07:24,root.batch0,1009,2059264
04:07:26,root.bursty2,0,0
04:07:26,root.bursty1,0,0
04:07:26,root.default,0,0
04:07:26,root.batch6,0,0
04:07:26,root.batch7,0,0
04:07:26,root.batch1,0,0
04:07:26,root.batch4,0,0
04:07:26,root.batch5,0,0
04:07:26,root.batch2,0,0
04:07:26,root.batch3,0,0
04:07:26,root.bursty0,1,1024
04:07:26,root.batch0,1059,2161664
04:07:27,root.bursty2,0,0
04:07:27,root.bursty1,0,0
04:07:27,root.default,0,0
04:07:27,root.batch6,0,0
04:07:27,root.batch7,0,0
04:07:27,root.batch1,0,0
04:07:27,root.batch4,0,0
04:07:27,root.batch5,0,0
04:07:27,root.batch2,0,0
04:07:27,root.batch3,0,0
04:07:27,root.bursty0,1,1024
04:07:27,root.batch0,1137,2321408
04:07:28,root.bursty2,0,0
04:07:28,root.bursty1,0,0
04:07:28,root.default,0,0
04:07:28,root.batch6,0,0
04:07:28,root.batch7,0,0
04:07:28,root.batch1,0,0
04:07:28,root.batch4,0,0
04:07:28,root.batch5,0,0
04:07:28,root.batch2,0,0
04:07:28,root.batch3,0,0
04:07:28,root.bursty0,1,1024
04:07:28,root.batch0,1207,2464768
04:07:29,root.bursty2,0,0
04:07:29,root.bursty1,0,0
04:07:29,root.default,0,0
04:07:29,root.batch6,0,0
04:07:29,root.batch7,0,0
04:07:29,root.batch1,0,0
04:07:29,root.batch4,0,0
04:07:29,root.batch5,0,0
04:07:29,root.batch2,0,0
04:07:29,root.batch3,0,0
04:07:29,root.bursty0,1,1024
04:07:29,root.batch0,1249,2550784
04:07:30,root.bursty2,0,0
04:07:30,root.bursty1,0,0
04:07:30,root.default,0,0
04:07:30,root.batch6,0,0
04:07:30,root.batch7,0,0
04:07:30,root.batch1,0,0
04:07:30,root.batch4,0,0
04:07:30,root.batch5,0,0
04:07:30,root.batch2,0,0
04:07:30,root.batch3,0,0
04:07:30,root.bursty0,1,1024
04:07:30,root.batch0,1269,2591744
04:07:31,root.bursty2,0,0
04:07:31,root.bursty1,0,0
04:07:31,root.default,0,0
04:07:31,root.batch6,0,0
04:07:31,root.batch7,0,0
04:07:31,root.batch1,0,0
04:07:31,root.batch4,0,0
04:07:31,root.batch5,0,0
04:07:31,root.batch2,0,0
04:07:31,root.batch3,0,0
04:07:31,root.bursty0,1,1024
04:07:31,root.batch0,1273,2599936
04:07:32,root.bursty2,0,0
04:07:32,root.bursty1,0,0
04:07:32,root.default,0,0
04:07:32,root.batch6,0,0
04:07:32,root.batch7,0,0
04:07:32,root.batch1,0,0
04:07:32,root.batch4,0,0
04:07:32,root.batch5,0,0
04:07:32,root.batch2,0,0
04:07:32,root.batch3,0,0
04:07:32,root.bursty0,1,1024
04:07:32,root.batch0,1273,2599936
04:07:33,root.bursty2,0,0
04:07:33,root.bursty1,0,0
04:07:33,root.default,0,0
04:07:33,root.batch6,0,0
04:07:33,root.batch7,0,0
04:07:33,root.batch1,0,0
04:07:33,root.batch4,0,0
04:07:33,root.batch5,0,0
04:07:33,root.batch2,0,0
04:07:33,root.batch3,0,0
04:07:33,root.bursty0,1,1024
04:07:33,root.batch0,1273,2599936
04:07:34,root.bursty2,0,0
04:07:34,root.bursty1,0,0
04:07:34,root.default,0,0
04:07:34,root.batch6,0,0
04:07:34,root.batch7,0,0
04:07:34,root.batch1,0,0
04:07:34,root.batch4,0,0
04:07:34,root.batch5,0,0
04:07:34,root.batch2,0,0
04:07:34,root.batch3,0,0
04:07:34,root.bursty0,1,1024
04:07:34,root.batch0,1273,2599936
04:07:35,root.bursty2,0,0
04:07:35,root.bursty1,0,0
04:07:35,root.default,0,0
04:07:35,root.batch6,0,0
04:07:35,root.batch7,0,0
04:07:35,root.batch1,0,0
04:07:35,root.batch4,0,0
04:07:35,root.batch5,0,0
04:07:35,root.batch2,0,0
04:07:35,root.batch3,0,0
04:07:35,root.bursty0,1,1024
04:07:35,root.batch0,1273,2599936
04:07:36,root.bursty2,0,0
04:07:36,root.bursty1,0,0
04:07:36,root.default,0,0
04:07:36,root.batch6,0,0
04:07:36,root.batch7,0,0
04:07:36,root.batch1,0,0
04:07:36,root.batch4,0,0
04:07:36,root.batch5,0,0
04:07:36,root.batch2,0,0
04:07:36,root.batch3,0,0
04:07:36,root.bursty0,1,1024
04:07:36,root.batch0,807,1645568
04:07:37,root.bursty2,0,0
04:07:37,root.bursty1,0,0
04:07:37,root.default,0,0
04:07:37,root.batch6,0,0
04:07:37,root.batch7,0,0
04:07:37,root.batch1,0,0
04:07:37,root.batch4,0,0
04:07:37,root.batch5,0,0
04:07:37,root.batch2,0,0
04:07:37,root.batch3,0,0
04:07:37,root.bursty0,8,44032
04:07:37,root.batch0,763,1555456
04:07:38,root.bursty2,0,0
04:07:38,root.bursty1,0,0
04:07:38,root.default,0,0
04:07:38,root.batch6,0,0
04:07:38,root.batch7,0,0
04:07:38,root.batch1,0,0
04:07:38,root.batch4,0,0
04:07:38,root.batch5,0,0
04:07:38,root.batch2,0,0
04:07:38,root.batch3,0,0
04:07:38,root.bursty0,97,590848
04:07:38,root.batch0,539,1096704
04:07:39,root.bursty2,0,0
04:07:39,root.bursty1,0,0
04:07:39,root.default,0,0
04:07:39,root.batch6,0,0
04:07:39,root.batch7,0,0
04:07:39,root.batch1,0,0
04:07:39,root.batch4,0,0
04:07:39,root.batch5,0,0
04:07:39,root.batch2,0,0
04:07:39,root.batch3,0,0
04:07:39,root.bursty0,137,836608
04:07:39,root.batch0,539,1096704
04:07:40,root.bursty2,0,0
04:07:40,root.bursty1,0,0
04:07:40,root.default,0,0
04:07:40,root.batch6,0,0
04:07:40,root.batch7,0,0
04:07:40,root.batch1,0,0
04:07:40,root.batch4,0,0
04:07:40,root.batch5,0,0
04:07:40,root.batch2,0,0
04:07:40,root.batch3,0,0
04:07:40,root.bursty0,176,1076224
04:07:40,root.batch0,539,1096704
04:07:41,root.bursty2,0,0
04:07:41,root.bursty1,0,0
04:07:41,root.default,0,0
04:07:41,root.batch6,0,0
04:07:41,root.batch7,0,0
04:07:41,root.batch1,0,0
04:07:41,root.batch4,0,0
04:07:41,root.batch5,0,0
04:07:41,root.batch2,0,0
04:07:41,root.batch3,0,0
04:07:41,root.bursty0,209,1278976
04:07:41,root.batch0,539,1096704
04:07:42,root.bursty2,0,0
04:07:42,root.bursty1,0,0
04:07:42,root.default,0,0
04:07:42,root.batch6,0,0
04:07:42,root.batch7,0,0
04:07:42,root.batch1,0,0
04:07:42,root.batch4,0,0
04:07:42,root.batch5,0,0
04:07:42,root.batch2,0,0
04:07:42,root.batch3,0,0
04:07:42,root.bursty0,225,1377280
04:07:42,root.batch0,535,1088512
04:07:43,root.bursty2,0,0
04:07:43,root.bursty1,0,0
04:07:43,root.default,0,0
04:07:43,root.batch6,0,0
04:07:43,root.batch7,0,0
04:07:43,root.batch1,0,0
04:07:43,root.batch4,0,0
04:07:43,root.batch5,0,0
04:07:43,root.batch2,0,0
04:07:43,root.batch3,0,0
04:07:43,root.bursty0,234,1432576
04:07:43,root.batch0,529,1076224
04:07:44,root.bursty2,0,0
04:07:44,root.bursty1,0,0
04:07:44,root.default,0,0
04:07:44,root.batch6,0,0
04:07:44,root.batch7,0,0
04:07:44,root.batch1,0,0
04:07:44,root.batch4,0,0
04:07:44,root.batch5,0,0
04:07:44,root.batch2,0,0
04:07:44,root.batch3,0,0
04:07:44,root.bursty0,248,1518592
04:07:44,root.batch0,485,986112
04:07:45,root.bursty2,0,0
04:07:45,root.bursty1,0,0
04:07:45,root.default,0,0
04:07:45,root.batch6,0,0
04:07:45,root.batch7,0,0
04:07:45,root.batch1,0,0
04:07:45,root.batch4,0,0
04:07:45,root.batch5,0,0
04:07:45,root.batch2,0,0
04:07:45,root.batch3,0,0
04:07:45,root.bursty0,274,1678336
04:07:45,root.batch0,335,678912
04:07:46,root.bursty2,0,0
04:07:46,root.bursty1,0,0
04:07:46,root.default,0,0
04:07:46,root.batch6,0,0
04:07:46,root.batch7,0,0
04:07:46,root.batch1,0,0
04:07:46,root.batch4,0,0
04:07:46,root.batch5,0,0
04:07:46,root.batch2,0,0
04:07:46,root.batch3,0,0
04:07:46,root.bursty0,299,1831936
04:07:46,root.batch0,327,662528
04:07:47,root.bursty2,0,0
04:07:47,root.bursty1,0,0
04:07:47,root.default,0,0
04:07:47,root.batch6,0,0
04:07:47,root.batch7,0,0
04:07:47,root.batch1,0,0
04:07:47,root.batch4,0,0
04:07:47,root.batch5,0,0
04:07:47,root.batch2,0,0
04:07:47,root.batch3,0,0
04:07:47,root.bursty0,327,2003968
04:07:47,root.batch0,255,515072
04:07:48,root.bursty2,0,0
04:07:48,root.bursty1,0,0
04:07:48,root.default,0,0
04:07:48,root.batch6,0,0
04:07:48,root.batch7,0,0
04:07:48,root.batch1,0,0
04:07:48,root.batch4,0,0
04:07:48,root.batch5,0,0
04:07:48,root.batch2,0,0
04:07:48,root.batch3,0,0
04:07:48,root.bursty0,353,2163712
04:07:48,root.batch0,183,367616
04:07:49,root.bursty2,0,0
04:07:49,root.bursty1,0,0
04:07:49,root.default,0,0
04:07:49,root.batch6,0,0
04:07:49,root.batch7,0,0
04:07:49,root.batch1,0,0
04:07:49,root.batch4,0,0
04:07:49,root.batch5,0,0
04:07:49,root.batch2,0,0
04:07:49,root.batch3,0,0
04:07:49,root.bursty0,373,2286592
04:07:49,root.batch0,129,257024
04:07:50,root.bursty2,0,0
04:07:50,root.bursty1,0,0
04:07:50,root.default,0,0
04:07:50,root.batch6,0,0
04:07:50,root.batch7,0,0
04:07:50,root.batch1,0,0
04:07:50,root.batch4,0,0
04:07:50,root.batch5,0,0
04:07:50,root.batch2,0,0
04:07:50,root.batch3,0,0
04:07:50,root.bursty0,391,2397184
04:07:50,root.batch0,93,183296
04:07:51,root.bursty2,0,0
04:07:51,root.default,0,0
04:07:51,root.batch6,0,0
04:07:51,root.batch7,0,0
04:07:51,root.batch1,0,0
04:07:51,root.batch4,0,0
04:07:51,root.batch5,0,0
04:07:51,root.batch2,0,0
04:07:51,root.batch3,0,0
04:07:51,root.bursty1,1,1024
04:07:51,root.bursty0,393,2409472
04:07:51,root.batch0,87,171008
04:07:52,root.bursty2,0,0
04:07:52,root.default,0,0
04:07:52,root.batch6,0,0
04:07:52,root.batch7,0,0
04:07:52,root.batch1,0,0
04:07:52,root.batch4,0,0
04:07:52,root.batch5,0,0
04:07:52,root.batch2,0,0
04:07:52,root.batch3,0,0
04:07:52,root.bursty1,1,1024
04:07:52,root.bursty0,395,2421760
04:07:52,root.batch0,81,158720
04:07:53,root.bursty2,0,0
04:07:53,root.default,0,0
04:07:53,root.batch6,0,0
04:07:53,root.batch7,0,0
04:07:53,root.batch1,0,0
04:07:53,root.batch4,0,0
04:07:53,root.batch5,0,0
04:07:53,root.batch2,0,0
04:07:53,root.batch3,0,0
04:07:53,root.bursty1,1,1024
04:07:53,root.bursty0,395,2421760
04:07:53,root.batch0,81,158720
04:07:54,root.bursty2,0,0
04:07:54,root.default,0,0
04:07:54,root.batch6,0,0
04:07:54,root.batch7,0,0
04:07:54,root.batch1,0,0
04:07:54,root.batch4,0,0
04:07:54,root.batch5,0,0
04:07:54,root.batch2,0,0
04:07:54,root.batch3,0,0
04:07:54,root.bursty1,1,1024
04:07:54,root.bursty0,395,2421760
04:07:54,root.batch0,81,158720
04:07:55,root.bursty2,0,0
04:07:55,root.default,0,0
04:07:55,root.batch6,0,0
04:07:55,root.batch7,0,0
04:07:55,root.batch1,0,0
04:07:55,root.batch4,0,0
04:07:55,root.batch5,0,0
04:07:55,root.batch2,0,0
04:07:55,root.batch3,0,0
04:07:55,root.bursty1,1,1024
04:07:55,root.bursty0,396,2427904
04:07:55,root.batch0,73,142336
04:07:56,root.bursty2,0,0
04:07:56,root.default,0,0
04:07:56,root.batch6,0,0
04:07:56,root.batch7,0,0
04:07:56,root.batch1,0,0
04:07:56,root.batch4,0,0
04:07:56,root.batch5,0,0
04:07:56,root.batch2,0,0
04:07:56,root.batch3,0,0
04:07:56,root.bursty1,1,1024
04:07:56,root.bursty0,399,2446336
04:07:56,root.batch0,49,93184
04:07:57,root.bursty2,0,0
04:07:57,root.default,0,0
04:07:57,root.batch6,0,0
04:07:57,root.batch7,0,0
04:07:57,root.batch1,0,0
04:07:57,root.batch4,0,0
04:07:57,root.batch5,0,0
04:07:57,root.batch2,0,0
04:07:57,root.batch3,0,0
04:07:57,root.bursty1,1,1024
04:07:57,root.bursty0,399,2446336
04:07:57,root.batch0,21,35840
04:07:58,root.bursty2,0,0
04:07:58,root.default,0,0
04:07:58,root.batch6,0,0
04:07:58,root.batch7,0,0
04:07:58,root.batch1,0,0
04:07:58,root.batch4,0,0
04:07:58,root.batch5,0,0
04:07:58,root.batch2,0,0
04:07:58,root.batch3,0,0
04:07:58,root.bursty1,1,1024
04:07:58,root.bursty0,401,2458624
04:07:58,root.batch0,3,-1024
04:07:59,root.bursty2,0,0
04:07:59,root.default,0,0
04:07:59,root.batch6,0,0
04:07:59,root.batch7,0,0
04:07:59,root.batch1,0,0
04:07:59,root.batch4,0,0
04:07:59,root.batch5,0,0
04:07:59,root.batch2,0,0
04:07:59,root.batch3,0,0
04:07:59,root.bursty1,1,1024
04:07:59,root.bursty0,401,2458624
04:07:59,root.batch0,3,-1024
04:08:00,root.bursty2,0,0
04:08:00,root.default,0,0
04:08:00,root.batch6,0,0
04:08:00,root.batch7,0,0
04:08:00,root.batch1,0,0
04:08:00,root.batch4,0,0
04:08:00,root.batch5,0,0
04:08:00,root.batch2,0,0
04:08:00,root.batch3,0,0
04:08:00,root.bursty1,1,1024
04:08:00,root.bursty0,401,2458624
04:08:00,root.batch0,3,-1024
04:08:01,root.bursty2,0,0
04:08:01,root.default,0,0
04:08:01,root.batch6,0,0
04:08:01,root.batch7,0,0
04:08:01,root.batch1,0,0
04:08:01,root.batch4,0,0
04:08:01,root.batch5,0,0
04:08:01,root.batch2,0,0
04:08:01,root.batch3,0,0
04:08:01,root.bursty1,1,1024
04:08:01,root.bursty0,401,2458624
04:08:01,root.batch0,3,-1024
04:08:02,root.bursty2,0,0
04:08:02,root.default,0,0
04:08:02,root.batch6,0,0
04:08:02,root.batch7,0,0
04:08:02,root.batch1,0,0
04:08:02,root.batch4,0,0
04:08:02,root.batch5,0,0
04:08:02,root.batch2,0,0
04:08:02,root.batch3,0,0
04:08:02,root.bursty1,1,1024
04:08:02,root.bursty0,401,2458624
04:08:02,root.batch0,3,-1024
04:08:03,root.bursty2,0,0
04:08:03,root.default,0,0
04:08:03,root.batch6,0,0
04:08:03,root.batch7,0,0
04:08:03,root.batch1,0,0
04:08:03,root.batch4,0,0
04:08:03,root.batch5,0,0
04:08:03,root.batch2,0,0
04:08:03,root.batch3,0,0
04:08:03,root.bursty1,1,1024
04:08:03,root.bursty0,401,2458624
04:08:03,root.batch0,3,-1024
04:08:04,root.bursty2,0,0
04:08:04,root.default,0,0
04:08:04,root.batch6,0,0
04:08:04,root.batch7,0,0
04:08:04,root.batch1,0,0
04:08:04,root.batch4,0,0
04:08:04,root.batch5,0,0
04:08:04,root.batch2,0,0
04:08:04,root.batch3,0,0
04:08:04,root.bursty1,1,1024
04:08:04,root.bursty0,401,2458624
04:08:04,root.batch0,3,-1024
04:08:05,root.bursty2,0,0
04:08:05,root.default,0,0
04:08:05,root.batch6,0,0
04:08:05,root.batch7,0,0
04:08:05,root.batch1,0,0
04:08:05,root.batch4,0,0
04:08:05,root.batch5,0,0
04:08:05,root.batch2,0,0
04:08:05,root.batch3,0,0
04:08:05,root.bursty1,1,1024
04:08:05,root.bursty0,401,2458624
04:08:05,root.batch0,3,-1024
04:08:06,root.bursty2,0,0
04:08:06,root.default,0,0
04:08:06,root.batch6,0,0
04:08:06,root.batch7,0,0
04:08:06,root.batch1,0,0
04:08:06,root.batch4,0,0
04:08:06,root.batch5,0,0
04:08:06,root.batch2,0,0
04:08:06,root.batch3,0,0
04:08:06,root.bursty1,1,1024
04:08:06,root.bursty0,401,2458624
04:08:06,root.batch0,3,-1024
04:08:07,root.bursty2,0,0
04:08:07,root.default,0,0
04:08:07,root.batch6,0,0
04:08:07,root.batch7,0,0
04:08:07,root.batch1,0,0
04:08:07,root.batch4,0,0
04:08:07,root.batch5,0,0
04:08:07,root.batch2,0,0
04:08:07,root.batch3,0,0
04:08:07,root.bursty1,1,1024
04:08:07,root.bursty0,401,2458624
04:08:07,root.batch0,3,-1024
04:08:08,root.bursty2,0,0
04:08:08,root.default,0,0
04:08:08,root.batch6,0,0
04:08:08,root.batch7,0,0
04:08:08,root.batch1,0,0
04:08:08,root.batch4,0,0
04:08:08,root.batch5,0,0
04:08:08,root.batch2,0,0
04:08:08,root.batch3,0,0
04:08:08,root.bursty1,1,1024
04:08:08,root.bursty0,401,2458624
04:08:08,root.batch0,3,-1024
04:08:09,root.bursty2,0,0
04:08:09,root.default,0,0
04:08:09,root.batch6,0,0
04:08:09,root.batch7,0,0
04:08:09,root.batch1,0,0
04:08:09,root.batch4,0,0
04:08:09,root.batch5,0,0
04:08:09,root.batch2,0,0
04:08:09,root.batch3,0,0
04:08:09,root.bursty1,1,1024
04:08:09,root.bursty0,401,2458624
04:08:09,root.batch0,3,-1024
04:08:10,root.bursty2,0,0
04:08:10,root.default,0,0
04:08:10,root.batch6,0,0
04:08:10,root.batch7,0,0
04:08:10,root.batch1,0,0
04:08:10,root.batch4,0,0
04:08:10,root.batch5,0,0
04:08:10,root.batch2,0,0
04:08:10,root.batch3,0,0
04:08:10,root.bursty1,1,1024
04:08:10,root.bursty0,401,2458624
04:08:10,root.batch0,3,-1024
04:08:11,root.bursty2,0,0
04:08:11,root.default,0,0
04:08:11,root.batch6,0,0
04:08:11,root.batch7,0,0
04:08:11,root.batch1,0,0
04:08:11,root.batch4,0,0
04:08:11,root.batch5,0,0
04:08:11,root.batch2,0,0
04:08:11,root.batch3,0,0
04:08:11,root.bursty1,2,7168
04:08:11,root.bursty0,398,2440192
04:08:11,root.batch0,3,-1024
04:08:12,root.bursty2,0,0
04:08:12,root.default,0,0
04:08:12,root.batch6,0,0
04:08:12,root.batch7,0,0
04:08:12,root.batch1,0,0
04:08:12,root.batch4,0,0
04:08:12,root.batch5,0,0
04:08:12,root.batch2,0,0
04:08:12,root.batch3,0,0
04:08:12,root.bursty1,3,13312
04:08:12,root.bursty0,397,2434048
04:08:12,root.batch0,3,-1024
04:08:13,root.bursty2,0,0
04:08:13,root.default,0,0
04:08:13,root.batch6,0,0
04:08:13,root.batch7,0,0
04:08:13,root.batch1,0,0
04:08:13,root.batch4,0,0
04:08:13,root.batch5,0,0
04:08:13,root.batch2,0,0
04:08:13,root.batch3,0,0
04:08:13,root.bursty1,6,31744
04:08:13,root.bursty0,391,2397184
04:08:13,root.batch0,3,-1024
04:08:14,root.bursty2,0,0
04:08:14,root.default,0,0
04:08:14,root.batch6,0,0
04:08:14,root.batch7,0,0
04:08:14,root.batch1,0,0
04:08:14,root.batch4,0,0
04:08:14,root.batch5,0,0
04:08:14,root.batch2,0,0
04:08:14,root.batch3,0,0
04:08:14,root.bursty1,19,111616
04:08:14,root.bursty0,371,2274304
04:08:14,root.batch0,3,-1024
04:08:15,root.bursty2,0,0
04:08:15,root.default,0,0
04:08:15,root.batch6,0,0
04:08:15,root.batch7,0,0
04:08:15,root.batch1,0,0
04:08:15,root.batch4,0,0
04:08:15,root.batch5,0,0
04:08:15,root.batch2,0,0
04:08:15,root.batch3,0,0
04:08:15,root.bursty1,45,271360
04:08:15,root.bursty0,342,2096128
04:08:15,root.batch0,3,-1024
04:08:17,root.bursty2,0,0
04:08:17,root.default,0,0
04:08:17,root.batch6,0,0
04:08:17,root.batch7,0,0
04:08:17,root.batch1,0,0
04:08:17,root.batch4,0,0
04:08:17,root.batch5,0,0
04:08:17,root.batch2,0,0
04:08:17,root.batch3,0,0
04:08:17,root.bursty1,79,480256
04:08:17,root.bursty0,307,1881088
04:08:17,root.batch0,3,-1024
04:08:18,root.bursty2,0,0
04:08:18,root.default,0,0
04:08:18,root.batch6,0,0
04:08:18,root.batch7,0,0
04:08:18,root.batch1,0,0
04:08:18,root.batch4,0,0
04:08:18,root.batch5,0,0
04:08:18,root.batch2,0,0
04:08:18,root.batch3,0,0
04:08:18,root.bursty1,116,707584
04:08:18,root.bursty0,263,1610752
04:08:18,root.batch0,3,-1024
04:08:19,root.bursty2,0,0
04:08:19,root.default,0,0
04:08:19,root.batch6,0,0
04:08:19,root.batch7,0,0
04:08:19,root.batch1,0,0
04:08:19,root.batch4,0,0
04:08:19,root.batch5,0,0
04:08:19,root.batch2,0,0
04:08:19,root.batch3,0,0
04:08:19,root.bursty1,166,1014784
04:08:19,root.bursty0,208,1272832
04:08:19,root.batch0,3,-1024
04:08:20,root.bursty2,0,0
04:08:20,root.default,0,0
04:08:20,root.batch6,0,0
04:08:20,root.batch7,0,0
04:08:20,root.batch1,0,0
04:08:20,root.batch4,0,0
04:08:20,root.batch5,0,0
04:08:20,root.batch2,0,0
04:08:20,root.batch3,0,0
04:08:20,root.bursty0,189,1156096
04:08:20,root.bursty1,200,1223680
04:08:20,root.batch0,3,-1024
04:08:21,root.bursty2,0,0
04:08:21,root.default,0,0
04:08:21,root.batch6,0,0
04:08:21,root.batch7,0,0
04:08:21,root.batch1,0,0
04:08:21,root.batch4,0,0
04:08:21,root.batch5,0,0
04:08:21,root.batch2,0,0
04:08:21,root.batch3,0,0
04:08:21,root.bursty0,176,1076224
04:08:21,root.bursty1,206,1260544
04:08:21,root.batch0,3,-1024
04:08:22,root.bursty2,0,0
04:08:22,root.default,0,0
04:08:22,root.batch6,0,0
04:08:22,root.batch7,0,0
04:08:22,root.batch1,0,0
04:08:22,root.batch4,0,0
04:08:22,root.batch5,0,0
04:08:22,root.batch2,0,0
04:08:22,root.batch3,0,0
04:08:22,root.bursty0,218,1080320
04:08:22,root.bursty1,206,1260544
04:08:22,root.batch0,3,-1024
04:08:23,root.bursty2,0,0
04:08:23,root.default,0,0
04:08:23,root.batch6,0,0
04:08:23,root.batch7,0,0
04:08:23,root.batch1,0,0
04:08:23,root.batch4,0,0
04:08:23,root.batch5,0,0
04:08:23,root.batch2,0,0
04:08:23,root.batch3,0,0
04:08:23,root.bursty0,289,1147904
04:08:23,root.bursty1,206,1260544
04:08:23,root.batch0,3,-1024
04:08:24,root.bursty2,0,0
04:08:24,root.default,0,0
04:08:24,root.batch6,0,0
04:08:24,root.batch7,0,0
04:08:24,root.batch1,0,0
04:08:24,root.batch4,0,0
04:08:24,root.batch5,0,0
04:08:24,root.batch2,0,0
04:08:24,root.batch3,0,0
04:08:24,root.bursty0,315,1012736
04:08:24,root.bursty1,211,1291264
04:08:24,root.batch0,3,-1024
04:08:25,root.bursty2,0,0
04:08:25,root.default,0,0
04:08:25,root.batch6,0,0
04:08:25,root.batch7,0,0
04:08:25,root.batch1,0,0
04:08:25,root.batch4,0,0
04:08:25,root.batch5,0,0
04:08:25,root.batch2,0,0
04:08:25,root.batch3,0,0
04:08:25,root.bursty0,298,949248
04:08:25,root.bursty1,227,1389568
04:08:25,root.batch0,3,-1024
04:08:26,root.bursty2,0,0
04:08:26,root.default,0,0
04:08:26,root.batch6,0,0
04:08:26,root.batch7,0,0
04:08:26,root.batch1,0,0
04:08:26,root.batch4,0,0
04:08:26,root.batch5,0,0
04:08:26,root.batch2,0,0
04:08:26,root.batch3,0,0
04:08:26,root.bursty0,244,838656
04:08:26,root.bursty1,248,1518592
04:08:26,root.batch0,3,-1024
04:08:27,root.bursty2,0,0
04:08:27,root.default,0,0
04:08:27,root.batch6,0,0
04:08:27,root.batch7,0,0
04:08:27,root.batch1,0,0
04:08:27,root.batch4,0,0
04:08:27,root.batch5,0,0
04:08:27,root.batch2,0,0
04:08:27,root.batch3,0,0
04:08:27,root.bursty0,242,826368
04:08:27,root.bursty1,272,1666048
04:08:27,root.batch0,3,-1024
04:08:28,root.bursty2,0,0
04:08:28,root.default,0,0
04:08:28,root.batch6,0,0
04:08:28,root.batch7,0,0
04:08:28,root.batch1,0,0
04:08:28,root.batch4,0,0
04:08:28,root.batch5,0,0
04:08:28,root.batch2,0,0
04:08:28,root.batch3,0,0
04:08:28,root.bursty0,241,820224
04:08:28,root.bursty1,279,1709056
04:08:28,root.batch0,3,-1024
04:08:29,root.bursty2,0,0
04:08:29,root.default,0,0
04:08:29,root.batch6,0,0
04:08:29,root.batch7,0,0
04:08:29,root.batch1,0,0
04:08:29,root.batch4,0,0
04:08:29,root.batch5,0,0
04:08:29,root.batch2,0,0
04:08:29,root.batch3,0,0
04:08:29,root.bursty0,231,799744
04:08:29,root.bursty1,285,1745920
04:08:29,root.batch0,3,-1024
04:08:30,root.bursty2,0,0
04:08:30,root.default,0,0
04:08:30,root.batch6,0,0
04:08:30,root.batch7,0,0
04:08:30,root.batch1,0,0
04:08:30,root.batch4,0,0
04:08:30,root.batch5,0,0
04:08:30,root.batch2,0,0
04:08:30,root.batch3,0,0
04:08:30,root.bursty0,209,754688
04:08:30,root.bursty1,288,1764352
04:08:30,root.batch0,3,-1024
04:08:31,root.bursty2,0,0
04:08:31,root.default,0,0
04:08:31,root.batch6,0,0
04:08:31,root.batch7,0,0
04:08:31,root.batch1,0,0
04:08:31,root.batch4,0,0
04:08:31,root.batch5,0,0
04:08:31,root.batch2,0,0
04:08:31,root.batch3,0,0
04:08:31,root.bursty0,169,672768
04:08:31,root.bursty1,293,1795072
04:08:31,root.batch0,3,-1024
04:08:32,root.bursty2,0,0
04:08:32,root.default,0,0
04:08:32,root.batch6,0,0
04:08:32,root.batch7,0,0
04:08:32,root.batch1,0,0
04:08:32,root.batch4,0,0
04:08:32,root.batch5,0,0
04:08:32,root.batch2,0,0
04:08:32,root.batch3,0,0
04:08:32,root.bursty0,135,603136
04:08:32,root.bursty1,303,1856512
04:08:32,root.batch0,3,-1024
04:08:33,root.bursty2,0,0
04:08:33,root.default,0,0
04:08:33,root.batch6,0,0
04:08:33,root.batch7,0,0
04:08:33,root.batch1,0,0
04:08:33,root.batch4,0,0
04:08:33,root.batch5,0,0
04:08:33,root.batch2,0,0
04:08:33,root.batch3,0,0
04:08:33,root.bursty0,105,541696
04:08:33,root.bursty1,313,1917952
04:08:33,root.batch0,3,-1024
04:08:34,root.bursty2,0,0
04:08:34,root.default,0,0
04:08:34,root.batch6,0,0
04:08:34,root.batch7,0,0
04:08:34,root.batch1,0,0
04:08:34,root.batch4,0,0
04:08:34,root.batch5,0,0
04:08:34,root.batch2,0,0
04:08:34,root.batch3,0,0
04:08:34,root.bursty0,87,504832
04:08:34,root.bursty1,318,1948672
04:08:34,root.batch0,3,-1024
04:08:35,root.bursty2,0,0
04:08:35,root.default,0,0
04:08:35,root.batch6,0,0
04:08:35,root.batch7,0,0
04:08:35,root.batch1,0,0
04:08:35,root.batch4,0,0
04:08:35,root.batch5,0,0
04:08:35,root.batch2,0,0
04:08:35,root.batch3,0,0
04:08:35,root.bursty0,81,492544
04:08:35,root.bursty1,320,1960960
04:08:35,root.batch0,3,-1024
04:08:36,root.bursty2,0,0
04:08:36,root.default,0,0
04:08:36,root.batch6,0,0
04:08:36,root.batch7,0,0
04:08:36,root.batch1,0,0
04:08:36,root.batch4,0,0
04:08:36,root.batch5,0,0
04:08:36,root.batch2,0,0
04:08:36,root.batch3,0,0
04:08:36,root.bursty0,81,492544
04:08:36,root.bursty1,321,1967104
04:08:36,root.batch0,3,-1024
04:08:37,root.bursty2,0,0
04:08:37,root.default,0,0
04:08:37,root.batch6,0,0
04:08:37,root.batch7,0,0
04:08:37,root.batch1,0,0
04:08:37,root.batch4,0,0
04:08:37,root.batch5,0,0
04:08:37,root.batch2,0,0
04:08:37,root.batch3,0,0
04:08:37,root.bursty0,81,492544
04:08:37,root.bursty1,321,1967104
04:08:37,root.batch0,3,-1024
04:08:38,root.bursty2,0,0
04:08:38,root.default,0,0
04:08:38,root.batch6,0,0
04:08:38,root.batch7,0,0
04:08:38,root.batch1,0,0
04:08:38,root.batch4,0,0
04:08:38,root.batch5,0,0
04:08:38,root.batch2,0,0
04:08:38,root.batch3,0,0
04:08:38,root.bursty0,81,492544
04:08:38,root.bursty1,321,1967104
04:08:38,root.batch0,3,-1024
04:08:39,root.bursty2,0,0
04:08:39,root.default,0,0
04:08:39,root.batch6,0,0
04:08:39,root.batch7,0,0
04:08:39,root.batch1,0,0
04:08:39,root.batch4,0,0
04:08:39,root.batch5,0,0
04:08:39,root.batch2,0,0
04:08:39,root.batch3,0,0
04:08:39,root.bursty0,81,492544
04:08:39,root.bursty1,321,1967104
04:08:39,root.batch0,3,-1024
04:08:40,root.bursty2,0,0
04:08:40,root.default,0,0
04:08:40,root.batch6,0,0
04:08:40,root.batch7,0,0
04:08:40,root.batch1,0,0
04:08:40,root.batch4,0,0
04:08:40,root.batch5,0,0
04:08:40,root.batch2,0,0
04:08:40,root.batch3,0,0
04:08:40,root.bursty0,81,492544
04:08:40,root.bursty1,321,1967104
04:08:40,root.batch0,3,-1024
04:08:41,root.bursty2,0,0
04:08:41,root.default,0,0
04:08:41,root.batch6,0,0
04:08:41,root.batch7,0,0
04:08:41,root.batch1,0,0
04:08:41,root.batch4,0,0
04:08:41,root.batch5,0,0
04:08:41,root.batch2,0,0
04:08:41,root.batch3,0,0
04:08:41,root.bursty0,80,486400
04:08:41,root.bursty1,321,1967104
04:08:41,root.batch0,3,-1024
04:08:42,root.bursty2,1,1024
04:08:42,root.default,0,0
04:08:42,root.batch6,0,0
04:08:42,root.batch7,0,0
04:08:42,root.batch1,0,0
04:08:42,root.batch4,0,0
04:08:42,root.batch5,0,0
04:08:42,root.batch2,0,0
04:08:42,root.batch3,0,0
04:08:42,root.bursty0,78,474112
04:08:42,root.bursty1,322,1973248
04:08:42,root.batch0,3,-1024
04:08:43,root.default,0,0
04:08:43,root.batch6,0,0
04:08:43,root.batch7,0,0
04:08:43,root.batch1,0,0
04:08:43,root.batch4,0,0
04:08:43,root.batch5,0,0
04:08:43,root.batch2,0,0
04:08:43,root.batch3,0,0
04:08:43,root.bursty2,1,1024
04:08:43,root.bursty0,77,467968
04:08:43,root.bursty1,324,1985536
04:08:43,root.batch0,3,-1024
04:08:44,root.default,0,0
04:08:44,root.batch6,0,0
04:08:44,root.batch7,0,0
04:08:44,root.batch1,0,0
04:08:44,root.batch4,0,0
04:08:44,root.batch5,0,0
04:08:44,root.batch2,0,0
04:08:44,root.batch3,0,0
04:08:44,root.bursty2,1,1024
04:08:44,root.bursty0,68,412672
04:08:44,root.bursty1,328,2010112
04:08:44,root.batch0,3,-1024
04:08:45,root.default,0,0
04:08:45,root.batch6,0,0
04:08:45,root.batch7,0,0
04:08:45,root.batch1,0,0
04:08:45,root.batch4,0,0
04:08:45,root.batch5,0,0
04:08:45,root.batch2,0,0
04:08:45,root.batch3,0,0
04:08:45,root.bursty2,1,1024
04:08:45,root.bursty0,65,394240
04:08:45,root.bursty1,333,2040832
04:08:45,root.batch0,3,-1024
04:08:46,root.default,0,0
04:08:46,root.batch6,0,0
04:08:46,root.batch7,0,0
04:08:46,root.batch1,0,0
04:08:46,root.batch4,0,0
04:08:46,root.batch5,0,0
04:08:46,root.batch2,0,0
04:08:46,root.batch3,0,0
04:08:46,root.bursty2,1,1024
04:08:46,root.bursty0,57,345088
04:08:46,root.bursty1,338,2071552
04:08:46,root.batch0,3,-1024
04:08:47,root.default,0,0
04:08:47,root.batch6,0,0
04:08:47,root.batch7,0,0
04:08:47,root.batch1,0,0
04:08:47,root.batch4,0,0
04:08:47,root.batch5,0,0
04:08:47,root.batch2,0,0
04:08:47,root.batch3,0,0
04:08:47,root.bursty2,1,1024
04:08:47,root.bursty0,49,295936
04:08:47,root.bursty1,345,2114560
04:08:47,root.batch0,3,-1024
04:08:48,root.default,0,0
04:08:48,root.batch6,0,0
04:08:48,root.batch7,0,0
04:08:48,root.batch1,0,0
04:08:48,root.batch4,0,0
04:08:48,root.batch5,0,0
04:08:48,root.batch2,0,0
04:08:48,root.batch3,0,0
04:08:48,root.bursty2,1,1024
04:08:48,root.bursty0,46,277504
04:08:48,root.bursty1,351,2151424
04:08:48,root.batch0,3,-1024
04:08:49,root.default,0,0
04:08:49,root.batch6,0,0
04:08:49,root.batch7,0,0
04:08:49,root.batch1,0,0
04:08:49,root.batch4,0,0
04:08:49,root.batch5,0,0
04:08:49,root.batch2,0,0
04:08:49,root.batch3,0,0
04:08:49,root.bursty2,1,1024
04:08:49,root.bursty0,41,246784
04:08:49,root.bursty1,355,2176000
04:08:49,root.batch0,3,-1024
04:08:50,root.default,0,0
04:08:50,root.batch6,0,0
04:08:50,root.batch7,0,0
04:08:50,root.batch1,0,0
04:08:50,root.batch4,0,0
04:08:50,root.batch5,0,0
04:08:50,root.batch2,0,0
04:08:50,root.batch3,0,0
04:08:50,root.bursty2,1,1024
04:08:50,root.bursty0,41,246784
04:08:50,root.bursty1,355,2176000
04:08:50,root.batch0,3,-1024
04:08:51,root.default,0,0
04:08:51,root.batch6,0,0
04:08:51,root.batch7,0,0
04:08:51,root.batch1,0,0
04:08:51,root.batch4,0,0
04:08:51,root.batch5,0,0
04:08:51,root.batch2,0,0
04:08:51,root.batch3,0,0
04:08:51,root.bursty2,1,1024
04:08:51,root.bursty0,39,234496
04:08:51,root.bursty1,382,2235392
04:08:51,root.batch0,3,-1024
04:08:52,root.default,0,0
04:08:52,root.batch6,0,0
04:08:52,root.batch7,0,0
04:08:52,root.batch1,0,0
04:08:52,root.batch4,0,0
04:08:52,root.batch5,0,0
04:08:52,root.batch2,0,0
04:08:52,root.batch3,0,0
04:08:52,root.bursty2,1,1024
04:08:52,root.bursty0,23,136192
04:08:52,root.bursty1,385,2049024
04:08:52,root.batch0,53,101376
04:08:53,root.default,0,0
04:08:53,root.batch6,0,0
04:08:53,root.batch7,0,0
04:08:53,root.batch1,0,0
04:08:53,root.batch4,0,0
04:08:53,root.batch5,0,0
04:08:53,root.batch2,0,0
04:08:53,root.batch3,0,0
04:08:53,root.bursty2,1,1024
04:08:53,root.bursty0,13,74752
04:08:53,root.bursty1,380,1928192
04:08:53,root.batch0,119,236544
04:08:54,root.default,0,0
04:08:54,root.batch6,0,0
04:08:54,root.batch7,0,0
04:08:54,root.batch1,0,0
04:08:54,root.batch4,0,0
04:08:54,root.batch5,0,0
04:08:54,root.batch2,0,0
04:08:54,root.batch3,0,0
04:08:54,root.bursty2,1,1024
04:08:54,root.bursty0,9,50176
04:08:54,root.bursty1,354,1850368
04:08:54,root.batch0,203,408576
04:08:55,root.default,0,0
04:08:55,root.batch6,0,0
04:08:55,root.batch7,0,0
04:08:55,root.batch1,0,0
04:08:55,root.batch4,0,0
04:08:55,root.batch5,0,0
04:08:55,root.batch2,0,0
04:08:55,root.batch3,0,0
04:08:55,root.bursty2,1,1024
04:08:55,root.bursty0,2,7168
04:08:55,root.bursty1,336,1805312
04:08:55,root.batch0,273,551936
04:08:56,root.default,0,0
04:08:56,root.batch6,0,0
04:08:56,root.batch7,0,0
04:08:56,root.batch1,0,0
04:08:56,root.batch4,0,0
04:08:56,root.batch5,0,0
04:08:56,root.batch2,0,0
04:08:56,root.batch3,0,0
04:08:56,root.bursty0,1,1024
04:08:56,root.bursty2,14,80896
04:08:56,root.bursty1,326,1719296
04:08:56,root.batch0,301,609280
04:08:57,root.default,0,0
04:08:57,root.batch6,0,0
04:08:57,root.batch7,0,0
04:08:57,root.batch1,0,0
04:08:57,root.batch4,0,0
04:08:57,root.batch5,0,0
04:08:57,root.batch2,0,0
04:08:57,root.batch3,0,0
04:08:57,root.bursty0,1,1024
04:08:57,root.bursty2,43,259072
04:08:57,root.bursty1,302,1571840
04:08:57,root.batch0,307,621568
04:08:58,root.default,0,0
04:08:58,root.batch6,0,0
04:08:58,root.batch7,0,0
04:08:58,root.batch1,0,0
04:08:58,root.batch4,0,0
04:08:58,root.batch5,0,0
04:08:58,root.batch2,0,0
04:08:58,root.batch3,0,0
04:08:58,root.bursty0,1,1024
04:08:58,root.bursty2,67,406528
04:08:58,root.bursty1,282,1465344
04:08:58,root.batch0,309,625664
04:08:59,root.default,0,0
04:08:59,root.batch6,0,0
04:08:59,root.batch7,0,0
04:08:59,root.batch1,0,0
04:08:59,root.batch4,0,0
04:08:59,root.batch5,0,0
04:08:59,root.batch2,0,0
04:08:59,root.batch3,0,0
04:08:59,root.bursty0,1,1024
04:08:59,root.bursty2,97,590848
04:08:59,root.bursty1,240,1321984
04:08:59,root.batch0,291,588800
04:09:00,root.default,0,0
04:09:00,root.batch6,0,0
04:09:00,root.batch7,0,0
04:09:00,root.batch1,0,0
04:09:00,root.batch4,0,0
04:09:00,root.batch5,0,0
04:09:00,root.batch2,0,0
04:09:00,root.batch3,0,0
04:09:00,root.bursty0,1,1024
04:09:00,root.bursty2,120,732160
04:09:00,root.bursty1,220,1248256
04:09:00,root.batch0,253,510976
04:09:01,root.default,0,0
04:09:01,root.batch6,0,0
04:09:01,root.batch7,0,0
04:09:01,root.batch1,0,0
04:09:01,root.batch4,0,0
04:09:01,root.batch5,0,0
04:09:01,root.batch2,0,0
04:09:01,root.batch3,0,0
04:09:01,root.bursty0,1,1024
04:09:01,root.bursty2,151,922624
04:09:01,root.bursty1,206,1178624
04:09:01,root.batch0,199,400384
04:09:02,root.bursty0,0,0
04:09:02,root.default,0,0
04:09:02,root.batch6,0,0
04:09:02,root.batch7,0,0
04:09:02,root.batch1,0,0
04:09:02,root.batch4,0,0
04:09:02,root.batch5,0,0
04:09:02,root.batch2,0,0
04:09:02,root.batch3,0,0
04:09:02,root.bursty1,195,1102848
04:09:02,root.bursty2,184,1125376
04:09:02,root.batch0,141,281600
04:09:03,root.bursty0,0,0
04:09:03,root.default,0,0
04:09:03,root.batch6,0,0
04:09:03,root.batch7,0,0
04:09:03,root.batch1,0,0
04:09:03,root.batch4,0,0
04:09:03,root.batch5,0,0
04:09:03,root.batch2,0,0
04:09:03,root.batch3,0,0
04:09:03,root.bursty1,236,1166336
04:09:03,root.bursty2,195,1192960
04:09:03,root.batch0,71,138240
04:09:04,root.bursty0,0,0
04:09:04,root.default,0,0
04:09:04,root.batch6,0,0
04:09:04,root.batch7,0,0
04:09:04,root.batch1,0,0
04:09:04,root.batch4,0,0
04:09:04,root.batch5,0,0
04:09:04,root.batch2,0,0
04:09:04,root.batch3,0,0
04:09:04,root.bursty2,200,1223680
04:09:04,root.bursty1,271,1217536
04:09:04,root.batch0,41,76800
04:09:05,root.bursty0,0,0
04:09:05,root.default,0,0
04:09:05,root.batch6,0,0
04:09:05,root.batch7,0,0
04:09:05,root.batch1,0,0
04:09:05,root.batch4,0,0
04:09:05,root.batch5,0,0
04:09:05,root.batch2,0,0
04:09:05,root.batch3,0,0
04:09:05,root.bursty1,267,1201152
04:09:05,root.bursty2,210,1285120
04:09:05,root.batch0,13,19456
04:09:06,root.bursty0,0,0
04:09:06,root.default,0,0
04:09:06,root.batch6,0,0
04:09:06,root.batch7,0,0
04:09:06,root.batch1,0,0
04:09:06,root.batch4,0,0
04:09:06,root.batch5,0,0
04:09:06,root.batch2,0,0
04:09:06,root.batch3,0,0
04:09:06,root.bursty1,229,1123328
04:09:06,root.bursty2,223,1364992
04:09:06,root.batch0,7,7168
04:09:07,root.bursty0,0,0
04:09:07,root.default,0,0
04:09:07,root.batch6,0,0
04:09:07,root.batch7,0,0
04:09:07,root.batch1,0,0
04:09:07,root.batch4,0,0
04:09:07,root.batch5,0,0
04:09:07,root.batch2,0,0
04:09:07,root.batch3,0,0
04:09:07,root.bursty1,225,1115136
04:09:07,root.bursty2,230,1408000
04:09:07,root.batch0,5,3072
04:09:08,root.bursty0,0,0
04:09:08,root.default,0,0
04:09:08,root.batch6,0,0
04:09:08,root.batch7,0,0
04:09:08,root.batch1,0,0
04:09:08,root.batch4,0,0
04:09:08,root.batch5,0,0
04:09:08,root.batch2,0,0
04:09:08,root.batch3,0,0
04:09:08,root.bursty1,225,1115136
04:09:08,root.bursty2,231,1414144
04:09:08,root.batch0,3,-1024
04:09:09,root.bursty0,0,0
04:09:09,root.default,0,0
04:09:09,root.batch6,0,0
04:09:09,root.batch7,0,0
04:09:09,root.batch1,0,0
04:09:09,root.batch4,0,0
04:09:09,root.batch5,0,0
04:09:09,root.batch2,0,0
04:09:09,root.batch3,0,0
04:09:09,root.bursty1,223,1111040
04:09:09,root.bursty2,231,1414144
04:09:09,root.batch0,3,-1024
04:09:10,root.bursty0,0,0
04:09:10,root.default,0,0
04:09:10,root.batch6,0,0
04:09:10,root.batch7,0,0
04:09:10,root.batch1,0,0
04:09:10,root.batch4,0,0
04:09:10,root.batch5,0,0
04:09:10,root.batch2,0,0
04:09:10,root.batch3,0,0
04:09:10,root.bursty1,211,1086464
04:09:10,root.bursty2,232,1420288
04:09:10,root.batch0,3,-1024
04:09:11,root.bursty0,0,0
04:09:11,root.default,0,0
04:09:11,root.batch6,0,0
04:09:11,root.batch7,0,0
04:09:11,root.batch1,0,0
04:09:11,root.batch4,0,0
04:09:11,root.batch5,0,0
04:09:11,root.batch2,0,0
04:09:11,root.batch3,0,0
04:09:11,root.bursty1,188,1035264
04:09:11,root.bursty2,236,1444864
04:09:11,root.batch0,3,-1024
04:09:12,root.bursty0,0,0
04:09:12,root.default,0,0
04:09:12,root.batch6,0,0
04:09:12,root.batch7,0,0
04:09:12,root.batch1,0,0
04:09:12,root.batch4,0,0
04:09:12,root.batch5,0,0
04:09:12,root.batch2,0,0
04:09:12,root.batch3,0,0
04:09:12,root.bursty1,168,994304
04:09:12,root.bursty2,239,1463296
04:09:12,root.batch0,3,-1024
04:09:13,root.bursty0,0,0
04:09:13,root.default,0,0
04:09:13,root.batch6,0,0
04:09:13,root.batch7,0,0
04:09:13,root.batch1,0,0
04:09:13,root.batch4,0,0
04:09:13,root.batch5,0,0
04:09:13,root.batch2,0,0
04:09:13,root.batch3,0,0
04:09:13,root.bursty1,168,977920
04:09:13,root.bursty2,243,1487872
04:09:13,root.batch0,3,-1024
04:09:14,root.bursty0,0,0
04:09:14,root.default,0,0
04:09:14,root.batch6,0,0
04:09:14,root.batch7,0,0
04:09:14,root.batch1,0,0
04:09:14,root.batch4,0,0
04:09:14,root.batch5,0,0
04:09:14,root.batch2,0,0
04:09:14,root.batch3,0,0
04:09:14,root.bursty1,161,934912
04:09:14,root.bursty2,251,1537024
04:09:14,root.batch0,3,-1024
04:09:16,root.bursty0,0,0
04:09:16,root.default,0,0
04:09:16,root.batch6,0,0
04:09:16,root.batch7,0,0
04:09:16,root.batch1,0,0
04:09:16,root.batch4,0,0
04:09:16,root.batch5,0,0
04:09:16,root.batch2,0,0
04:09:16,root.batch3,0,0
04:09:16,root.bursty1,159,881664
04:09:16,root.bursty2,262,1604608
04:09:16,root.batch0,3,-1024
04:09:17,root.bursty0,0,0
04:09:17,root.default,0,0
04:09:17,root.batch6,0,0
04:09:17,root.batch7,0,0
04:09:17,root.batch1,0,0
04:09:17,root.batch4,0,0
04:09:17,root.batch5,0,0
04:09:17,root.batch2,0,0
04:09:17,root.batch3,0,0
04:09:17,root.bursty1,156,797696
04:09:17,root.bursty2,274,1678336
04:09:17,root.batch0,3,-1024
04:09:18,root.bursty0,0,0
04:09:18,root.default,0,0
04:09:18,root.batch6,0,0
04:09:18,root.batch7,0,0
04:09:18,root.batch1,0,0
04:09:18,root.batch4,0,0
04:09:18,root.batch5,0,0
04:09:18,root.batch2,0,0
04:09:18,root.batch3,0,0
04:09:18,root.bursty1,139,668672
04:09:18,root.bursty2,297,1819648
04:09:18,root.batch0,3,-1024
04:09:19,root.bursty0,0,0
04:09:19,root.default,0,0
04:09:19,root.batch6,0,0
04:09:19,root.batch7,0,0
04:09:19,root.batch1,0,0
04:09:19,root.batch4,0,0
04:09:19,root.batch5,0,0
04:09:19,root.batch2,0,0
04:09:19,root.batch3,0,0
04:09:19,root.bursty1,104,494592
04:09:19,root.bursty2,320,1960960
04:09:19,root.batch0,3,-1024
04:09:20,root.bursty0,0,0
04:09:20,root.default,0,0
04:09:20,root.batch6,0,0
04:09:20,root.batch7,0,0
04:09:20,root.batch1,0,0
04:09:20,root.batch4,0,0
04:09:20,root.batch5,0,0
04:09:20,root.batch2,0,0
04:09:20,root.batch3,0,0
04:09:20,root.bursty1,63,275456
04:09:20,root.bursty2,358,2194432
04:09:20,root.batch0,3,-1024
04:09:21,root.bursty0,0,0
04:09:21,root.default,0,0
04:09:21,root.batch6,0,0
04:09:21,root.batch7,0,0
04:09:21,root.batch1,0,0
04:09:21,root.batch4,0,0
04:09:21,root.batch5,0,0
04:09:21,root.batch2,0,0
04:09:21,root.batch3,0,0
04:09:21,root.bursty1,40,134144
04:09:21,root.bursty2,379,2323456
04:09:21,root.batch0,3,-1024
04:09:22,root.bursty0,0,0
04:09:22,root.default,0,0
04:09:22,root.batch6,0,0
04:09:22,root.batch7,0,0
04:09:22,root.batch1,0,0
04:09:22,root.batch4,0,0
04:09:22,root.batch5,0,0
04:09:22,root.batch2,0,0
04:09:22,root.batch3,0,0
04:09:22,root.bursty1,23,62464
04:09:22,root.bursty2,394,2415616
04:09:22,root.batch0,3,-1024
04:09:23,root.bursty0,0,0
04:09:23,root.default,0,0
04:09:23,root.batch6,0,0
04:09:23,root.batch7,0,0
04:09:23,root.batch1,0,0
04:09:23,root.batch4,0,0
04:09:23,root.batch5,0,0
04:09:23,root.batch2,0,0
04:09:23,root.batch3,0,0
04:09:23,root.bursty1,10,23552
04:09:23,root.bursty2,399,2446336
04:09:23,root.batch0,3,-1024
04:09:24,root.bursty0,0,0
04:09:24,root.default,0,0
04:09:24,root.batch6,0,0
04:09:24,root.batch7,0,0
04:09:24,root.batch1,0,0
04:09:24,root.batch4,0,0
04:09:24,root.batch5,0,0
04:09:24,root.batch2,0,0
04:09:24,root.batch3,0,0
04:09:24,root.bursty1,3,5120
04:09:24,root.bursty2,400,2452480
04:09:24,root.batch0,3,-1024
04:09:25,root.bursty0,0,0
04:09:25,root.default,0,0
04:09:25,root.batch6,0,0
04:09:25,root.batch7,0,0
04:09:25,root.batch1,0,0
04:09:25,root.batch4,0,0
04:09:25,root.batch5,0,0
04:09:25,root.batch2,0,0
04:09:25,root.batch3,0,0
04:09:25,root.bursty1,1,1024
04:09:25,root.bursty2,401,2458624
04:09:25,root.batch0,3,-1024
04:09:26,root.bursty0,0,0
04:09:26,root.default,0,0
04:09:26,root.batch6,0,0
04:09:26,root.batch7,0,0
04:09:26,root.batch1,0,0
04:09:26,root.batch4,0,0
04:09:26,root.batch5,0,0
04:09:26,root.batch2,0,0
04:09:26,root.batch3,0,0
04:09:26,root.bursty1,1,1024
04:09:26,root.bursty2,401,2458624
04:09:26,root.batch0,3,-1024
04:09:27,root.bursty0,0,0
04:09:27,root.default,0,0
04:09:27,root.batch6,0,0
04:09:27,root.batch7,0,0
04:09:27,root.batch1,0,0
04:09:27,root.batch4,0,0
04:09:27,root.batch5,0,0
04:09:27,root.batch2,0,0
04:09:27,root.batch3,0,0
04:09:27,root.bursty1,1,1024
04:09:27,root.bursty2,401,2458624
04:09:27,root.batch0,3,-1024
04:09:28,root.bursty0,0,0
04:09:28,root.default,0,0
04:09:28,root.batch6,0,0
04:09:28,root.batch7,0,0
04:09:28,root.batch1,0,0
04:09:28,root.batch4,0,0
04:09:28,root.batch5,0,0
04:09:28,root.batch2,0,0
04:09:28,root.batch3,0,0
04:09:28,root.bursty1,1,1024
04:09:28,root.bursty2,400,2452480
04:09:28,root.batch0,3,-1024
04:09:29,root.bursty0,0,0
04:09:29,root.default,0,0
04:09:29,root.batch6,0,0
04:09:29,root.batch7,0,0
04:09:29,root.batch1,0,0
04:09:29,root.batch4,0,0
04:09:29,root.batch5,0,0
04:09:29,root.batch2,0,0
04:09:29,root.batch3,0,0
04:09:29,root.bursty1,1,1024
04:09:29,root.bursty2,394,2415616
04:09:29,root.batch0,3,-1024
04:09:30,root.bursty0,0,0
04:09:30,root.default,0,0
04:09:30,root.batch6,0,0
04:09:30,root.batch7,0,0
04:09:30,root.batch1,0,0
04:09:30,root.batch4,0,0
04:09:30,root.batch5,0,0
04:09:30,root.batch2,0,0
04:09:30,root.batch3,0,0
04:09:30,root.bursty1,1,1024
04:09:30,root.bursty2,390,2391040
04:09:30,root.batch0,3,-1024
04:09:31,root.bursty1,0,0
04:09:31,root.default,0,0
04:09:31,root.batch6,0,0
04:09:31,root.batch7,0,0
04:09:31,root.batch1,0,0
04:09:31,root.batch4,0,0
04:09:31,root.batch5,0,0
04:09:31,root.batch2,0,0
04:09:31,root.batch3,0,0
04:09:31,root.bursty0,1,1024
04:09:31,root.bursty2,381,2335744
04:09:31,root.batch0,3,-1024
04:09:32,root.bursty1,0,0
04:09:32,root.default,0,0
04:09:32,root.batch6,0,0
04:09:32,root.batch7,0,0
04:09:32,root.batch1,0,0
04:09:32,root.batch4,0,0
04:09:32,root.batch5,0,0
04:09:32,root.batch2,0,0
04:09:32,root.batch3,0,0
04:09:32,root.bursty0,1,1024
04:09:32,root.bursty2,397,2434048
04:09:32,root.batch0,3,-1024
04:09:33,root.bursty1,0,0
04:09:33,root.default,0,0
04:09:33,root.batch6,0,0
04:09:33,root.batch7,0,0
04:09:33,root.batch1,0,0
04:09:33,root.batch4,0,0
04:09:33,root.batch5,0,0
04:09:33,root.batch2,0,0
04:09:33,root.batch3,0,0
04:09:33,root.bursty0,1,1024
04:09:33,root.bursty2,366,2128896
04:09:33,root.batch0,55,105472
04:09:34,root.bursty1,0,0
04:09:34,root.default,0,0
04:09:34,root.batch6,0,0
04:09:34,root.batch7,0,0
04:09:34,root.batch1,0,0
04:09:34,root.batch4,0,0
04:09:34,root.batch5,0,0
04:09:34,root.batch2,0,0
04:09:34,root.batch3,0,0
04:09:34,root.bursty0,1,1024
04:09:34,root.bursty2,339,1905664
04:09:34,root.batch0,127,252928
04:09:35,root.bursty1,0,0
04:09:35,root.default,0,0
04:09:35,root.batch6,0,0
04:09:35,root.batch7,0,0
04:09:35,root.batch1,0,0
04:09:35,root.batch4,0,0
04:09:35,root.batch5,0,0
04:09:35,root.batch2,0,0
04:09:35,root.batch3,0,0
04:09:35,root.bursty0,1,1024
04:09:35,root.bursty2,373,1934336
04:09:35,root.batch0,171,343040
04:09:36,root.bursty1,0,0
04:09:36,root.default,0,0
04:09:36,root.batch6,0,0
04:09:36,root.batch7,0,0
04:09:36,root.batch1,0,0
04:09:36,root.batch4,0,0
04:09:36,root.batch5,0,0
04:09:36,root.batch2,0,0
04:09:36,root.batch3,0,0
04:09:36,root.bursty0,1,1024
04:09:36,root.bursty2,343,1782784
04:09:36,root.batch0,235,474112
04:09:37,root.bursty1,0,0
04:09:37,root.default,0,0
04:09:37,root.batch6,0,0
04:09:37,root.batch7,0,0
04:09:37,root.batch1,0,0
04:09:37,root.batch4,0,0
04:09:37,root.batch5,0,0
04:09:37,root.batch2,0,0
04:09:37,root.batch3,0,0
04:09:37,root.bursty0,1,1024
04:09:37,root.bursty2,339,1741824
04:09:37,root.batch0,297,601088
04:09:38,root.bursty1,0,0
04:09:38,root.default,0,0
04:09:38,root.batch6,0,0
04:09:38,root.batch7,0,0
04:09:38,root.batch1,0,0
04:09:38,root.batch4,0,0
04:09:38,root.batch5,0,0
04:09:38,root.batch2,0,0
04:09:38,root.batch3,0,0
04:09:38,root.bursty0,1,1024
04:09:38,root.bursty2,330,1711104
04:09:38,root.batch0,353,715776
04:09:39,root.bursty1,0,0
04:09:39,root.default,0,0
04:09:39,root.batch6,0,0
04:09:39,root.batch7,0,0
04:09:39,root.batch1,0,0
04:09:39,root.batch4,0,0
04:09:39,root.batch5,0,0
04:09:39,root.batch2,0,0
04:09:39,root.batch3,0,0
04:09:39,root.bursty0,1,1024
04:09:39,root.bursty2,326,1694720
04:09:39,root.batch0,391,793600
04:09:40,root.bursty1,0,0
04:09:40,root.default,0,0
04:09:40,root.batch6,0,0
04:09:40,root.batch7,0,0
04:09:40,root.batch1,0,0
04:09:40,root.batch4,0,0
04:09:40,root.batch5,0,0
04:09:40,root.batch2,0,0
04:09:40,root.batch3,0,0
04:09:40,root.bursty0,1,1024
04:09:40,root.bursty2,317,1664000
04:09:40,root.batch0,363,736256
04:09:41,root.bursty1,0,0
04:09:41,root.default,0,0
04:09:41,root.batch6,0,0
04:09:41,root.batch7,0,0
04:09:41,root.batch1,0,0
04:09:41,root.batch4,0,0
04:09:41,root.batch5,0,0
04:09:41,root.batch2,0,0
04:09:41,root.batch3,0,0
04:09:41,root.bursty0,1,1024
04:09:41,root.bursty2,302,1612800
04:09:41,root.batch0,351,711680
04:09:42,root.default,0,0
04:09:42,root.batch6,0,0
04:09:42,root.batch7,0,0
04:09:42,root.batch1,0,0
04:09:42,root.batch4,0,0
04:09:42,root.batch5,0,0
04:09:42,root.batch2,0,0
04:09:42,root.batch3,0,0
04:09:42,root.bursty1,1,1024
04:09:42,root.bursty0,1,1024
04:09:42,root.bursty2,288,1562624
04:09:42,root.batch0,417,846848
04:09:43,root.default,0,0
04:09:43,root.batch6,0,0
04:09:43,root.batch7,0,0
04:09:43,root.batch1,0,0
04:09:43,root.batch4,0,0
04:09:43,root.batch5,0,0
04:09:43,root.batch2,0,0
04:09:43,root.batch3,0,0
04:09:43,root.bursty1,1,1024
04:09:43,root.bursty0,1,1024
04:09:43,root.bursty2,273,1511424
04:09:43,root.batch0,453,920576
04:09:44,root.default,0,0
04:09:44,root.batch6,0,0
04:09:44,root.batch7,0,0
04:09:44,root.batch1,0,0
04:09:44,root.batch4,0,0
04:09:44,root.batch5,0,0
04:09:44,root.batch2,0,0
04:09:44,root.batch3,0,0
04:09:44,root.bursty1,1,1024
04:09:44,root.bursty0,14,80896
04:09:44,root.bursty2,255,1449984
04:09:44,root.batch0,463,941056
04:09:45,root.default,0,0
04:09:45,root.batch6,0,0
04:09:45,root.batch7,0,0
04:09:45,root.batch1,0,0
04:09:45,root.batch4,0,0
04:09:45,root.batch5,0,0
04:09:45,root.batch2,0,0
04:09:45,root.batch3,0,0
04:09:45,root.bursty1,1,1024
04:09:45,root.bursty0,45,271360
04:09:45,root.bursty2,248,1423360
04:09:45,root.batch0,395,801792
04:09:46,root.default,0,0
04:09:46,root.batch6,0,0
04:09:46,root.batch7,0,0
04:09:46,root.batch1,0,0
04:09:46,root.batch4,0,0
04:09:46,root.batch5,0,0
04:09:46,root.batch2,0,0
04:09:46,root.batch3,0,0
04:09:46,root.bursty1,1,1024
04:09:46,root.bursty0,71,431104
04:09:46,root.bursty2,225,1306624
04:09:46,root.batch0,355,719872
04:09:47,root.default,0,0
04:09:47,root.batch6,0,0
04:09:47,root.batch7,0,0
04:09:47,root.batch1,0,0
04:09:47,root.batch4,0,0
04:09:47,root.batch5,0,0
04:09:47,root.batch2,0,0
04:09:47,root.batch3,0,0
04:09:47,root.bursty1,1,1024
04:09:47,root.bursty0,92,560128
04:09:47,root.bursty2,210,1214464
04:09:47,root.batch0,311,629760
04:09:48,root.default,0,0
04:09:48,root.batch6,0,0
04:09:48,root.batch7,0,0
04:09:48,root.batch1,0,0
04:09:48,root.batch4,0,0
04:09:48,root.batch5,0,0
04:09:48,root.batch2,0,0
04:09:48,root.batch3,0,0
04:09:48,root.bursty1,1,1024
04:09:48,root.bursty0,127,775168
04:09:48,root.bursty2,184,1079296
04:09:48,root.batch0,283,572416
04:09:49,root.default,0,0
04:09:49,root.batch6,0,0
04:09:49,root.batch7,0,0
04:09:49,root.batch1,0,0
04:09:49,root.batch4,0,0
04:09:49,root.batch5,0,0
04:09:49,root.batch2,0,0
04:09:49,root.batch3,0,0
04:09:49,root.bursty1,1,1024
04:09:49,root.bursty2,182,985088
04:09:49,root.bursty0,162,990208
04:09:49,root.batch0,221,445440
04:09:50,root.default,0,0
04:09:50,root.batch6,0,0
04:09:50,root.batch7,0,0
04:09:50,root.batch1,0,0
04:09:50,root.batch4,0,0
04:09:50,root.batch5,0,0
04:09:50,root.batch2,0,0
04:09:50,root.batch3,0,0
04:09:50,root.bursty1,1,1024
04:09:50,root.bursty2,204,874496
04:09:50,root.bursty0,185,1131520
04:09:50,root.batch0,175,351232
04:09:51,root.default,0,0
04:09:51,root.batch6,0,0
04:09:51,root.batch7,0,0
04:09:51,root.batch1,0,0
04:09:51,root.batch4,0,0
04:09:51,root.batch5,0,0
04:09:51,root.batch2,0,0
04:09:51,root.batch3,0,0
04:09:51,root.bursty1,1,1024
04:09:51,root.bursty2,232,849920
04:09:51,root.bursty0,206,1260544
04:09:51,root.batch0,125,248832
04:09:52,root.default,0,0
04:09:52,root.batch6,0,0
04:09:52,root.batch7,0,0
04:09:52,root.batch1,0,0
04:09:52,root.batch4,0,0
04:09:52,root.batch5,0,0
04:09:52,root.batch2,0,0
04:09:52,root.batch3,0,0
04:09:52,root.bursty1,1,1024
04:09:52,root.bursty2,182,731136
04:09:52,root.bursty0,237,1451008
04:09:52,root.batch0,71,138240
04:09:53,root.default,0,0
04:09:53,root.batch6,0,0
04:09:53,root.batch7,0,0
04:09:53,root.batch1,0,0
04:09:53,root.batch4,0,0
04:09:53,root.batch5,0,0
04:09:53,root.batch2,0,0
04:09:53,root.batch3,0,0
04:09:53,root.bursty1,1,1024
04:09:53,root.bursty2,160,677888
04:09:53,root.bursty0,268,1641472
04:09:53,root.batch0,35,64512
04:09:54,root.default,0,0
04:09:54,root.batch6,0,0
04:09:54,root.batch7,0,0
04:09:54,root.batch1,0,0
04:09:54,root.batch4,0,0
04:09:54,root.batch5,0,0
04:09:54,root.batch2,0,0
04:09:54,root.batch3,0,0
04:09:54,root.bursty1,1,1024
04:09:54,root.bursty2,159,671744
04:09:54,root.bursty0,286,1752064
04:09:54,root.batch0,25,44032
04:09:55,root.default,0,0
04:09:55,root.batch6,0,0
04:09:55,root.batch7,0,0
04:09:55,root.batch1,0,0
04:09:55,root.batch4,0,0
04:09:55,root.batch5,0,0
04:09:55,root.batch2,0,0
04:09:55,root.batch3,0,0
04:09:55,root.bursty1,5,25600
04:09:55,root.bursty2,158,665600
04:09:55,root.bursty0,290,1776640
04:09:55,root.batch0,17,27648
04:09:56,root.default,0,0
04:09:56,root.batch6,0,0
04:09:56,root.batch7,0,0
04:09:56,root.batch1,0,0
04:09:56,root.batch4,0,0
04:09:56,root.batch5,0,0
04:09:56,root.batch2,0,0
04:09:56,root.batch3,0,0
04:09:56,root.bursty1,10,56320
04:09:56,root.bursty2,155,647168
04:09:56,root.bursty0,291,1782784
04:09:56,root.batch0,13,19456
04:09:57,root.default,0,0
04:09:57,root.batch6,0,0
04:09:57,root.batch7,0,0
04:09:57,root.batch1,0,0
04:09:57,root.batch4,0,0
04:09:57,root.batch5,0,0
04:09:57,root.batch2,0,0
04:09:57,root.batch3,0,0
04:09:57,root.bursty1,12,68608
04:09:57,root.bursty2,153,643072
04:09:57,root.bursty0,293,1795072
04:09:57,root.batch0,5,3072
04:09:58,root.default,0,0
04:09:58,root.batch6,0,0
04:09:58,root.batch7,0,0
04:09:58,root.batch1,0,0
04:09:58,root.batch4,0,0
04:09:58,root.batch5,0,0
04:09:58,root.batch2,0,0
04:09:58,root.batch3,0,0
04:09:58,root.bursty1,17,99328
04:09:58,root.bursty2,121,528384
04:09:58,root.bursty0,295,1807360
04:09:58,root.batch0,3,-1024
04:09:59,root.default,0,0
04:09:59,root.batch6,0,0
04:09:59,root.batch7,0,0
04:09:59,root.batch1,0,0
04:09:59,root.batch4,0,0
04:09:59,root.batch5,0,0
04:09:59,root.batch2,0,0
04:09:59,root.batch3,0,0
04:09:59,root.bursty1,30,179200
04:09:59,root.bursty2,76,399360
04:09:59,root.bursty0,302,1850368
04:09:59,root.batch0,3,-1024
04:10:00,root.default,0,0
04:10:00,root.batch6,0,0
04:10:00,root.batch7,0,0
04:10:00,root.batch1,0,0
04:10:00,root.batch4,0,0
04:10:00,root.batch5,0,0
04:10:00,root.batch2,0,0
04:10:00,root.batch3,0,0
04:10:00,root.bursty1,41,246784
04:10:00,root.bursty2,52,276480
04:10:00,root.bursty0,305,1868800
04:10:00,root.batch0,3,-1024
04:10:01,root.default,0,0
04:10:01,root.batch6,0,0
04:10:01,root.batch7,0,0
04:10:01,root.batch1,0,0
04:10:01,root.batch4,0,0
04:10:01,root.batch5,0,0
04:10:01,root.batch2,0,0
04:10:01,root.batch3,0,0
04:10:01,root.bursty2,22,100352
04:10:01,root.bursty1,63,381952
04:10:01,root.bursty0,307,1881088
04:10:01,root.batch0,3,-1024
04:10:02,root.default,0,0
04:10:02,root.batch6,0,0
04:10:02,root.batch7,0,0
04:10:02,root.batch1,0,0
04:10:02,root.batch4,0,0
04:10:02,root.batch5,0,0
04:10:02,root.batch2,0,0
04:10:02,root.batch3,0,0
04:10:02,root.bursty2,9,28672
04:10:02,root.bursty1,81,492544
04:10:02,root.bursty0,309,1893376
04:10:02,root.batch0,3,-1024
04:10:03,root.default,0,0
04:10:03,root.batch6,0,0
04:10:03,root.batch7,0,0
04:10:03,root.batch1,0,0
04:10:03,root.batch4,0,0
04:10:03,root.batch5,0,0
04:10:03,root.batch2,0,0
04:10:03,root.batch3,0,0
04:10:03,root.bursty2,6,10240
04:10:03,root.bursty1,89,541696
04:10:03,root.bursty0,309,1893376
04:10:03,root.batch0,3,-1024
04:10:04,root.default,0,0
04:10:04,root.batch6,0,0
04:10:04,root.batch7,0,0
04:10:04,root.batch1,0,0
04:10:04,root.batch4,0,0
04:10:04,root.batch5,0,0
04:10:04,root.batch2,0,0
04:10:04,root.batch3,0,0
04:10:04,root.bursty2,4,14336
04:10:04,root.bursty1,91,553984
04:10:04,root.bursty0,309,1893376
04:10:04,root.batch0,3,-1024
04:10:05,root.default,0,0
04:10:05,root.batch6,0,0
04:10:05,root.batch7,0,0
04:10:05,root.batch1,0,0
04:10:05,root.batch4,0,0
04:10:05,root.batch5,0,0
04:10:05,root.batch2,0,0
04:10:05,root.batch3,0,0
04:10:05,root.bursty2,4,14336
04:10:05,root.bursty1,91,553984
04:10:05,root.bursty0,309,1893376
04:10:05,root.batch0,3,-1024
04:10:06,root.default,0,0
04:10:06,root.batch6,0,0
04:10:06,root.batch7,0,0
04:10:06,root.batch1,0,0
04:10:06,root.batch4,0,0
04:10:06,root.batch5,0,0
04:10:06,root.batch2,0,0
04:10:06,root.batch3,0,0
04:10:06,root.bursty2,4,14336
04:10:06,root.bursty1,91,553984
04:10:06,root.bursty0,309,1893376
04:10:06,root.batch0,3,-1024
04:10:08,root.default,0,0
04:10:08,root.batch6,0,0
04:10:08,root.batch7,0,0
04:10:08,root.batch1,0,0
04:10:08,root.batch4,0,0
04:10:08,root.batch5,0,0
04:10:08,root.batch2,0,0
04:10:08,root.batch3,0,0
04:10:08,root.bursty2,4,14336
04:10:08,root.bursty1,91,553984
04:10:08,root.bursty0,309,1893376
04:10:08,root.batch0,3,-1024
04:10:09,root.default,0,0
04:10:09,root.batch6,0,0
04:10:09,root.batch7,0,0
04:10:09,root.batch1,0,0
04:10:09,root.batch4,0,0
04:10:09,root.batch5,0,0
04:10:09,root.batch2,0,0
04:10:09,root.batch3,0,0
04:10:09,root.bursty2,4,14336
04:10:09,root.bursty1,91,553984
04:10:09,root.bursty0,309,1893376
04:10:09,root.batch0,3,-1024
04:10:10,root.default,0,0
04:10:10,root.batch6,0,0
04:10:10,root.batch7,0,0
04:10:10,root.batch1,0,0
04:10:10,root.batch4,0,0
04:10:10,root.batch5,0,0
04:10:10,root.batch2,0,0
04:10:10,root.batch3,0,0
04:10:10,root.bursty2,3,13312
04:10:10,root.bursty1,91,553984
04:10:10,root.bursty0,309,1893376
04:10:10,root.batch0,3,-1024
04:10:11,root.default,0,0
04:10:11,root.batch6,0,0
04:10:11,root.batch7,0,0
04:10:11,root.batch1,0,0
04:10:11,root.batch4,0,0
04:10:11,root.batch5,0,0
04:10:11,root.batch2,0,0
04:10:11,root.batch3,0,0
04:10:11,root.bursty2,3,13312
04:10:11,root.bursty1,91,553984
04:10:11,root.bursty0,309,1893376
04:10:11,root.batch0,3,-1024
04:10:12,root.default,0,0
04:10:12,root.batch6,0,0
04:10:12,root.batch7,0,0
04:10:12,root.batch1,0,0
04:10:12,root.batch4,0,0
04:10:12,root.batch5,0,0
04:10:12,root.batch2,0,0
04:10:12,root.batch3,0,0
04:10:12,root.bursty2,3,13312
04:10:12,root.bursty1,91,553984
04:10:12,root.bursty0,309,1893376
04:10:12,root.batch0,3,-1024
04:10:13,root.default,0,0
04:10:13,root.batch6,0,0
04:10:13,root.batch7,0,0
04:10:13,root.batch1,0,0
04:10:13,root.batch4,0,0
04:10:13,root.batch5,0,0
04:10:13,root.batch2,0,0
04:10:13,root.batch3,0,0
04:10:13,root.bursty2,3,13312
04:10:13,root.bursty1,91,553984
04:10:13,root.bursty0,309,1893376
04:10:13,root.batch0,3,-1024
04:10:14,root.default,0,0
04:10:14,root.batch6,0,0
04:10:14,root.batch7,0,0
04:10:14,root.batch1,0,0
04:10:14,root.batch4,0,0
04:10:14,root.batch5,0,0
04:10:14,root.batch2,0,0
04:10:14,root.batch3,0,0
04:10:14,root.bursty2,3,13312
04:10:14,root.bursty1,91,553984
04:10:14,root.bursty0,309,1893376
04:10:14,root.batch0,3,-1024
04:10:15,root.default,0,0
04:10:15,root.batch6,0,0
04:10:15,root.batch7,0,0
04:10:15,root.batch1,0,0
04:10:15,root.batch4,0,0
04:10:15,root.batch5,0,0
04:10:15,root.batch2,0,0
04:10:15,root.batch3,0,0
04:10:15,root.bursty2,3,13312
04:10:15,root.bursty1,91,553984
04:10:15,root.bursty0,309,1893376
04:10:15,root.batch0,3,-1024
04:10:16,root.default,0,0
04:10:16,root.batch6,0,0
04:10:16,root.batch7,0,0
04:10:16,root.batch1,0,0
04:10:16,root.batch4,0,0
04:10:16,root.batch5,0,0
04:10:16,root.batch2,0,0
04:10:16,root.batch3,0,0
04:10:16,root.bursty2,3,13312
04:10:16,root.bursty1,92,560128
04:10:16,root.bursty0,308,1887232
04:10:16,root.batch0,3,-1024
04:10:17,root.default,0,0
04:10:17,root.batch6,0,0
04:10:17,root.batch7,0,0
04:10:17,root.batch1,0,0
04:10:17,root.batch4,0,0
04:10:17,root.batch5,0,0
04:10:17,root.batch2,0,0
04:10:17,root.batch3,0,0
04:10:17,root.bursty2,6,31744
04:10:17,root.bursty1,99,603136
04:10:17,root.bursty0,297,1819648
04:10:17,root.batch0,3,-1024
04:10:18,root.default,0,0
04:10:18,root.batch6,0,0
04:10:18,root.batch7,0,0
04:10:18,root.batch1,0,0
04:10:18,root.batch4,0,0
04:10:18,root.batch5,0,0
04:10:18,root.batch2,0,0
04:10:18,root.batch3,0,0
04:10:18,root.bursty2,17,99328
04:10:18,root.bursty1,108,658432
04:10:18,root.bursty0,273,1672192
04:10:18,root.batch0,3,-1024
04:10:19,root.default,0,0
04:10:19,root.batch6,0,0
04:10:19,root.batch7,0,0
04:10:19,root.batch1,0,0
04:10:19,root.batch4,0,0
04:10:19,root.batch5,0,0
04:10:19,root.batch2,0,0
04:10:19,root.batch3,0,0
04:10:19,root.bursty2,35,209920
04:10:19,root.bursty1,116,707584
04:10:19,root.bursty0,247,1512448
04:10:19,root.batch0,3,-1024
04:10:20,root.default,0,0
04:10:20,root.batch6,0,0
04:10:20,root.batch7,0,0
04:10:20,root.batch1,0,0
04:10:20,root.batch4,0,0
04:10:20,root.batch5,0,0
04:10:20,root.batch2,0,0
04:10:20,root.batch3,0,0
04:10:20,root.bursty2,59,357376
04:10:20,root.bursty1,119,726016
04:10:20,root.bursty0,220,1346560
04:10:20,root.batch0,3,-1024
04:10:21,root.default,0,0
04:10:21,root.batch6,0,0
04:10:21,root.batch7,0,0
04:10:21,root.batch1,0,0
04:10:21,root.batch4,0,0
04:10:21,root.batch5,0,0
04:10:21,root.batch2,0,0
04:10:21,root.batch3,0,0
04:10:21,root.bursty2,80,486400
04:10:21,root.bursty1,120,732160
04:10:21,root.bursty0,198,1211392
04:10:21,root.batch0,3,-1024
04:10:22,root.default,0,0
04:10:22,root.batch6,0,0
04:10:22,root.batch7,0,0
04:10:22,root.batch1,0,0
04:10:22,root.batch4,0,0
04:10:22,root.batch5,0,0
04:10:22,root.batch2,0,0
04:10:22,root.batch3,0,0
04:10:22,root.bursty2,112,683008
04:10:22,root.bursty1,121,738304
04:10:22,root.bursty0,163,996352
04:10:22,root.batch0,3,-1024
04:10:23,root.default,0,0
04:10:23,root.batch6,0,0
04:10:23,root.batch7,0,0
04:10:23,root.batch1,0,0
04:10:23,root.batch4,0,0
04:10:23,root.batch5,0,0
04:10:23,root.batch2,0,0
04:10:23,root.batch3,0,0
04:10:23,root.bursty1,128,781312
04:10:23,root.bursty2,132,805888
04:10:23,root.bursty0,139,848896
04:10:23,root.batch0,3,-1024
04:10:24,root.default,0,0
04:10:24,root.batch6,0,0
04:10:24,root.batch7,0,0
04:10:24,root.batch1,0,0
04:10:24,root.batch4,0,0
04:10:24,root.batch5,0,0
04:10:24,root.batch2,0,0
04:10:24,root.batch3,0,0
04:10:24,root.bursty0,116,707584
04:10:24,root.bursty2,138,842752
04:10:24,root.bursty1,147,898048
04:10:24,root.batch0,3,-1024
04:10:25,root.default,0,0
04:10:25,root.batch6,0,0
04:10:25,root.batch7,0,0
04:10:25,root.batch1,0,0
04:10:25,root.batch4,0,0
04:10:25,root.batch5,0,0
04:10:25,root.batch2,0,0
04:10:25,root.batch3,0,0
04:10:25,root.bursty0,108,658432
04:10:25,root.bursty2,139,848896
04:10:25,root.bursty1,152,928768
04:10:25,root.batch0,3,-1024
04:10:26,root.default,0,0
04:10:26,root.batch6,0,0
04:10:26,root.batch7,0,0
04:10:26,root.batch1,0,0
04:10:26,root.batch4,0,0
04:10:26,root.batch5,0,0
04:10:26,root.batch2,0,0
04:10:26,root.batch3,0,0
04:10:26,root.bursty0,105,640000
04:10:26,root.bursty2,139,848896
04:10:26,root.bursty1,152,928768
04:10:26,root.batch0,3,-1024
04:10:27,root.default,0,0
04:10:27,root.batch6,0,0
04:10:27,root.batch7,0,0
04:10:27,root.batch1,0,0
04:10:27,root.batch4,0,0
04:10:27,root.batch5,0,0
04:10:27,root.batch2,0,0
04:10:27,root.batch3,0,0
04:10:27,root.bursty0,111,676864
04:10:27,root.bursty2,139,848896
04:10:27,root.bursty1,148,904192
04:10:27,root.batch0,3,-1024
04:10:28,root.default,0,0
04:10:28,root.batch6,0,0
04:10:28,root.batch7,0,0
04:10:28,root.batch1,0,0
04:10:28,root.batch4,0,0
04:10:28,root.batch5,0,0
04:10:28,root.batch2,0,0
04:10:28,root.batch3,0,0
04:10:28,root.bursty0,117,713728
04:10:28,root.bursty2,139,848896
04:10:28,root.bursty1,144,879616
04:10:28,root.batch0,3,-1024
04:10:29,root.default,0,0
04:10:29,root.batch6,0,0
04:10:29,root.batch7,0,0
04:10:29,root.batch1,0,0
04:10:29,root.batch4,0,0
04:10:29,root.batch5,0,0
04:10:29,root.batch2,0,0
04:10:29,root.batch3,0,0
04:10:29,root.bursty0,123,750592
04:10:29,root.bursty1,132,805888
04:10:29,root.bursty2,139,848896
04:10:29,root.batch0,3,-1024
04:10:30,root.default,0,0
04:10:30,root.batch6,0,0
04:10:30,root.batch7,0,0
04:10:30,root.batch1,0,0
04:10:30,root.batch4,0,0
04:10:30,root.batch5,0,0
04:10:30,root.batch2,0,0
04:10:30,root.batch3,0,0
04:10:30,root.bursty1,119,726016
04:10:30,root.bursty0,135,824320
04:10:30,root.bursty2,139,848896
04:10:30,root.batch0,3,-1024
04:10:31,root.default,0,0
04:10:31,root.batch6,0,0
04:10:31,root.batch7,0,0
04:10:31,root.batch1,0,0
04:10:31,root.batch4,0,0
04:10:31,root.batch5,0,0
04:10:31,root.batch2,0,0
04:10:31,root.batch3,0,0
04:10:31,root.bursty1,107,652288
04:10:31,root.bursty0,139,848896
04:10:31,root.bursty2,139,848896
04:10:31,root.batch0,3,-1024
04:10:32,root.default,0,0
04:10:32,root.batch6,0,0
04:10:32,root.batch7,0,0
04:10:32,root.batch1,0,0
04:10:32,root.batch4,0,0
04:10:32,root.batch5,0,0
04:10:32,root.batch2,0,0
04:10:32,root.batch3,0,0
04:10:32,root.bursty1,97,590848
04:10:32,root.bursty2,139,848896
04:10:32,root.bursty0,148,904192
04:10:32,root.batch0,3,-1024
04:10:33,root.default,0,0
04:10:33,root.batch6,0,0
04:10:33,root.batch7,0,0
04:10:33,root.batch1,0,0
04:10:33,root.batch4,0,0
04:10:33,root.batch5,0,0
04:10:33,root.batch2,0,0
04:10:33,root.batch3,0,0
04:10:33,root.bursty1,108,658432
04:10:33,root.bursty2,139,848896
04:10:33,root.bursty0,149,910336
04:10:33,root.batch0,3,-1024
04:10:34,root.default,0,0
04:10:34,root.batch6,0,0
04:10:34,root.batch7,0,0
04:10:34,root.batch1,0,0
04:10:34,root.batch4,0,0
04:10:34,root.batch5,0,0
04:10:34,root.batch2,0,0
04:10:34,root.batch3,0,0
04:10:34,root.bursty1,115,701440
04:10:34,root.bursty2,138,842752
04:10:34,root.bursty0,149,910336
04:10:34,root.batch0,3,-1024
04:10:35,root.default,0,0
04:10:35,root.batch6,0,0
04:10:35,root.batch7,0,0
04:10:35,root.batch1,0,0
04:10:35,root.batch4,0,0
04:10:35,root.batch5,0,0
04:10:35,root.batch2,0,0
04:10:35,root.batch3,0,0
04:10:35,root.bursty1,117,713728
04:10:35,root.bursty2,137,836608
04:10:35,root.bursty0,149,910336
04:10:35,root.batch0,3,-1024
04:10:36,root.default,0,0
04:10:36,root.batch6,0,0
04:10:36,root.batch7,0,0
04:10:36,root.batch1,0,0
04:10:36,root.batch4,0,0
04:10:36,root.batch5,0,0
04:10:36,root.batch2,0,0
04:10:36,root.batch3,0,0
04:10:36,root.bursty1,117,713728
04:10:36,root.bursty2,137,836608
04:10:36,root.bursty0,149,910336
04:10:36,root.batch0,3,-1024
04:10:37,root.default,0,0
04:10:37,root.batch6,0,0
04:10:37,root.batch7,0,0
04:10:37,root.batch1,0,0
04:10:37,root.batch4,0,0
04:10:37,root.batch5,0,0
04:10:37,root.batch2,0,0
04:10:37,root.batch3,0,0
04:10:37,root.bursty1,117,713728
04:10:37,root.bursty2,137,836608
04:10:37,root.bursty0,149,910336
04:10:37,root.batch0,3,-1024
04:10:38,root.default,0,0
04:10:38,root.batch6,0,0
04:10:38,root.batch7,0,0
04:10:38,root.batch1,0,0
04:10:38,root.batch4,0,0
04:10:38,root.batch5,0,0
04:10:38,root.batch2,0,0
04:10:38,root.batch3,0,0
04:10:38,root.bursty1,117,713728
04:10:38,root.bursty2,137,836608
04:10:38,root.bursty0,149,910336
04:10:38,root.batch0,3,-1024
04:10:39,root.default,0,0
04:10:39,root.batch6,0,0
04:10:39,root.batch7,0,0
04:10:39,root.batch1,0,0
04:10:39,root.batch4,0,0
04:10:39,root.batch5,0,0
04:10:39,root.batch2,0,0
04:10:39,root.batch3,0,0
04:10:39,root.bursty1,117,713728
04:10:39,root.bursty2,137,836608
04:10:39,root.bursty0,149,910336
04:10:39,root.batch0,3,-1024
04:10:40,root.default,0,0
04:10:40,root.batch6,0,0
04:10:40,root.batch7,0,0
04:10:40,root.batch1,0,0
04:10:40,root.batch4,0,0
04:10:40,root.batch5,0,0
04:10:40,root.batch2,0,0
04:10:40,root.batch3,0,0
04:10:40,root.bursty1,117,713728
04:10:40,root.bursty2,137,836608
04:10:40,root.bursty0,149,910336
04:10:40,root.batch0,3,-1024
04:10:41,root.default,0,0
04:10:41,root.batch6,0,0
04:10:41,root.batch7,0,0
04:10:41,root.batch1,0,0
04:10:41,root.batch4,0,0
04:10:41,root.batch5,0,0
04:10:41,root.batch2,0,0
04:10:41,root.batch3,0,0
04:10:41,root.bursty1,117,713728
04:10:41,root.bursty2,137,836608
04:10:41,root.bursty0,149,910336
04:10:41,root.batch0,3,-1024
04:10:42,root.default,0,0
04:10:42,root.batch6,0,0
04:10:42,root.batch7,0,0
04:10:42,root.batch1,0,0
04:10:42,root.batch4,0,0
04:10:42,root.batch5,0,0
04:10:42,root.batch2,0,0
04:10:42,root.batch3,0,0
04:10:42,root.bursty1,117,713728
04:10:42,root.bursty2,137,836608
04:10:42,root.bursty0,149,910336
04:10:42,root.batch0,3,-1024
04:10:43,root.default,0,0
04:10:43,root.batch6,0,0
04:10:43,root.batch7,0,0
04:10:43,root.batch1,0,0
04:10:43,root.batch4,0,0
04:10:43,root.batch5,0,0
04:10:43,root.batch2,0,0
04:10:43,root.batch3,0,0
04:10:43,root.bursty1,117,713728
04:10:43,root.bursty2,137,836608
04:10:43,root.bursty0,149,910336
04:10:43,root.batch0,3,-1024
04:10:44,root.default,0,0
04:10:44,root.batch6,0,0
04:10:44,root.batch7,0,0
04:10:44,root.batch1,0,0
04:10:44,root.batch4,0,0
04:10:44,root.batch5,0,0
04:10:44,root.batch2,0,0
04:10:44,root.batch3,0,0
04:10:44,root.bursty1,117,713728
04:10:44,root.bursty2,137,836608
04:10:44,root.bursty0,149,910336
04:10:44,root.batch0,3,-1024
04:10:45,root.default,0,0
04:10:45,root.batch6,0,0
04:10:45,root.batch7,0,0
04:10:45,root.batch1,0,0
04:10:45,root.batch4,0,0
04:10:45,root.batch5,0,0
04:10:45,root.batch2,0,0
04:10:45,root.batch3,0,0
04:10:45,root.bursty1,117,713728
04:10:45,root.bursty2,137,836608
04:10:45,root.bursty0,149,910336
04:10:45,root.batch0,3,-1024
04:10:46,root.default,0,0
04:10:46,root.batch6,0,0
04:10:46,root.batch7,0,0
04:10:46,root.batch1,0,0
04:10:46,root.batch4,0,0
04:10:46,root.batch5,0,0
04:10:46,root.batch2,0,0
04:10:46,root.batch3,0,0
04:10:46,root.bursty1,116,707584
04:10:46,root.bursty2,135,824320
04:10:46,root.bursty0,149,910336
04:10:46,root.batch0,3,-1024
04:10:47,root.default,0,0
04:10:47,root.batch6,0,0
04:10:47,root.batch7,0,0
04:10:47,root.batch1,0,0
04:10:47,root.batch4,0,0
04:10:47,root.batch5,0,0
04:10:47,root.batch2,0,0
04:10:47,root.batch3,0,0
04:10:47,root.bursty1,110,670720
04:10:47,root.bursty2,128,781312
04:10:47,root.bursty0,149,910336
04:10:47,root.batch0,3,-1024
04:10:48,root.default,0,0
04:10:48,root.batch6,0,0
04:10:48,root.batch7,0,0
04:10:48,root.batch1,0,0
04:10:48,root.batch4,0,0
04:10:48,root.batch5,0,0
04:10:48,root.batch2,0,0
04:10:48,root.batch3,0,0
04:10:48,root.bursty2,114,695296
04:10:48,root.bursty1,125,762880
04:10:48,root.bursty0,149,910336
04:10:48,root.batch0,3,-1024
04:10:49,root.default,0,0
04:10:49,root.batch6,0,0
04:10:49,root.batch7,0,0
04:10:49,root.batch1,0,0
04:10:49,root.batch4,0,0
04:10:49,root.batch5,0,0
04:10:49,root.batch2,0,0
04:10:49,root.batch3,0,0
04:10:49,root.bursty2,101,615424
04:10:49,root.bursty1,137,836608
04:10:49,root.bursty0,149,910336
04:10:49,root.batch0,3,-1024
04:10:50,root.default,0,0
04:10:50,root.batch6,0,0
04:10:50,root.batch7,0,0
04:10:50,root.batch1,0,0
04:10:50,root.batch4,0,0
04:10:50,root.batch5,0,0
04:10:50,root.batch2,0,0
04:10:50,root.batch3,0,0
04:10:50,root.bursty2,107,652288
04:10:50,root.bursty1,140,855040
04:10:50,root.bursty0,149,910336
04:10:50,root.batch0,3,-1024
04:10:51,root.default,0,0
04:10:51,root.batch6,0,0
04:10:51,root.batch7,0,0
04:10:51,root.batch1,0,0
04:10:51,root.batch4,0,0
04:10:51,root.batch5,0,0
04:10:51,root.batch2,0,0
04:10:51,root.batch3,0,0
04:10:51,root.bursty2,99,603136
04:10:51,root.bursty1,140,855040
04:10:51,root.bursty0,149,910336
04:10:51,root.batch0,3,-1024
04:10:52,root.default,0,0
04:10:52,root.batch6,0,0
04:10:52,root.batch7,0,0
04:10:52,root.batch1,0,0
04:10:52,root.batch4,0,0
04:10:52,root.batch5,0,0
04:10:52,root.batch2,0,0
04:10:52,root.batch3,0,0
04:10:52,root.bursty2,93,566272
04:10:52,root.bursty1,141,861184
04:10:52,root.bursty0,149,910336
04:10:52,root.batch0,3,-1024
04:10:53,root.default,0,0
04:10:53,root.batch6,0,0
04:10:53,root.batch7,0,0
04:10:53,root.batch1,0,0
04:10:53,root.batch4,0,0
04:10:53,root.batch5,0,0
04:10:53,root.batch2,0,0
04:10:53,root.batch3,0,0
04:10:53,root.bursty2,110,670720
04:10:53,root.bursty1,136,830464
04:10:53,root.bursty0,146,891904
04:10:53,root.batch0,3,-1024
04:10:54,root.default,0,0
04:10:54,root.batch6,0,0
04:10:54,root.batch7,0,0
04:10:54,root.batch1,0,0
04:10:54,root.batch4,0,0
04:10:54,root.batch5,0,0
04:10:54,root.batch2,0,0
04:10:54,root.batch3,0,0
04:10:54,root.bursty1,126,769024
04:10:54,root.bursty2,126,769024
04:10:54,root.bursty0,130,793600
04:10:54,root.batch0,3,-1024
04:10:55,root.default,0,0
04:10:55,root.batch6,0,0
04:10:55,root.batch7,0,0
04:10:55,root.batch1,0,0
04:10:55,root.batch4,0,0
04:10:55,root.batch5,0,0
04:10:55,root.batch2,0,0
04:10:55,root.batch3,0,0
04:10:55,root.bursty0,104,633856
04:10:55,root.bursty1,127,775168
04:10:55,root.bursty2,145,885760
04:10:55,root.batch0,3,-1024
04:10:56,root.default,0,0
04:10:56,root.batch6,0,0
04:10:56,root.batch7,0,0
04:10:56,root.batch1,0,0
04:10:56,root.batch4,0,0
04:10:56,root.batch5,0,0
04:10:56,root.batch2,0,0
04:10:56,root.batch3,0,0
04:10:56,root.bursty0,103,627712
04:10:56,root.bursty1,137,836608
04:10:56,root.bursty2,145,885760
04:10:56,root.batch0,3,-1024
04:10:57,root.default,0,0
04:10:57,root.batch6,0,0
04:10:57,root.batch7,0,0
04:10:57,root.batch1,0,0
04:10:57,root.batch4,0,0
04:10:57,root.batch5,0,0
04:10:57,root.batch2,0,0
04:10:57,root.batch3,0,0
04:10:57,root.bursty0,167,685056
04:10:57,root.bursty1,137,836608
04:10:57,root.bursty2,145,885760
04:10:57,root.batch0,3,-1024
04:10:58,root.default,0,0
04:10:58,root.batch6,0,0
04:10:58,root.batch7,0,0
04:10:58,root.batch1,0,0
04:10:58,root.batch4,0,0
04:10:58,root.batch5,0,0
04:10:58,root.batch2,0,0
04:10:58,root.batch3,0,0
04:10:58,root.bursty0,213,730112
04:10:58,root.bursty1,138,842752
04:10:58,root.bursty2,145,885760
04:10:58,root.batch0,3,-1024
04:10:59,root.default,0,0
04:10:59,root.batch6,0,0
04:10:59,root.batch7,0,0
04:10:59,root.batch1,0,0
04:10:59,root.batch4,0,0
04:10:59,root.batch5,0,0
04:10:59,root.batch2,0,0
04:10:59,root.batch3,0,0
04:10:59,root.bursty0,237,689152
04:10:59,root.bursty1,138,842752
04:10:59,root.bursty2,145,885760
04:10:59,root.batch0,3,-1024
04:11:00,root.default,0,0
04:11:00,root.batch6,0,0
04:11:00,root.batch7,0,0
04:11:00,root.batch1,0,0
04:11:00,root.batch4,0,0
04:11:00,root.batch5,0,0
04:11:00,root.batch2,0,0
04:11:00,root.batch3,0,0
04:11:00,root.bursty0,218,596992
04:11:00,root.bursty1,145,885760
04:11:00,root.bursty2,145,885760
04:11:00,root.batch0,3,-1024
04:11:01,root.default,0,0
04:11:01,root.batch6,0,0
04:11:01,root.batch7,0,0
04:11:01,root.batch1,0,0
04:11:01,root.batch4,0,0
04:11:01,root.batch5,0,0
04:11:01,root.batch2,0,0
04:11:01,root.batch3,0,0
04:11:01,root.bursty0,188,494592
04:11:01,root.bursty1,150,916480
04:11:01,root.bursty2,154,941056
04:11:01,root.batch0,3,-1024
04:11:02,root.default,0,0
04:11:02,root.batch6,0,0
04:11:02,root.batch7,0,0
04:11:02,root.batch1,0,0
04:11:02,root.batch4,0,0
04:11:02,root.batch5,0,0
04:11:02,root.batch2,0,0
04:11:02,root.batch3,0,0
04:11:02,root.bursty0,185,476160
04:11:02,root.bursty1,152,928768
04:11:02,root.bursty2,164,1002496
04:11:02,root.batch0,3,-1024
04:11:03,root.default,0,0
04:11:03,root.batch6,0,0
04:11:03,root.batch7,0,0
04:11:03,root.batch1,0,0
04:11:03,root.batch4,0,0
04:11:03,root.batch5,0,0
04:11:03,root.batch2,0,0
04:11:03,root.batch3,0,0
04:11:03,root.bursty0,181,467968
04:11:03,root.bursty1,163,996352
04:11:03,root.bursty2,169,1033216
04:11:03,root.batch0,3,-1024
04:11:04,root.default,0,0
04:11:04,root.batch6,0,0
04:11:04,root.batch7,0,0
04:11:04,root.batch1,0,0
04:11:04,root.batch4,0,0
04:11:04,root.batch5,0,0
04:11:04,root.batch2,0,0
04:11:04,root.batch3,0,0
04:11:04,root.bursty0,141,386048
04:11:04,root.bursty1,169,1033216
04:11:04,root.bursty2,171,1045504
04:11:04,root.batch0,3,-1024
04:11:06,root.default,0,0
04:11:06,root.batch6,0,0
04:11:06,root.batch7,0,0
04:11:06,root.batch1,0,0
04:11:06,root.batch4,0,0
04:11:06,root.batch5,0,0
04:11:06,root.batch2,0,0
04:11:06,root.batch3,0,0
04:11:06,root.bursty0,89,279552
04:11:06,root.bursty2,175,1070080
04:11:06,root.bursty1,178,1088512
04:11:06,root.batch0,3,-1024
04:11:07,root.default,0,0
04:11:07,root.batch6,0,0
04:11:07,root.batch7,0,0
04:11:07,root.batch1,0,0
04:11:07,root.batch4,0,0
04:11:07,root.batch5,0,0
04:11:07,root.batch2,0,0
04:11:07,root.batch3,0,0
04:11:07,root.bursty0,43,185344
04:11:07,root.bursty1,184,1125376
04:11:07,root.bursty2,184,1125376
04:11:07,root.batch0,3,-1024
04:11:08,root.default,0,0
04:11:08,root.batch6,0,0
04:11:08,root.batch7,0,0
04:11:08,root.batch1,0,0
04:11:08,root.batch4,0,0
04:11:08,root.batch5,0,0
04:11:08,root.batch2,0,0
04:11:08,root.batch3,0,0
04:11:08,root.bursty0,31,160768
04:11:08,root.bursty1,187,1143808
04:11:08,root.bursty2,187,1143808
04:11:08,root.batch0,3,-1024
04:11:09,root.default,0,0
04:11:09,root.batch6,0,0
04:11:09,root.batch7,0,0
04:11:09,root.batch1,0,0
04:11:09,root.batch4,0,0
04:11:09,root.batch5,0,0
04:11:09,root.batch2,0,0
04:11:09,root.batch3,0,0
04:11:09,root.bursty0,25,148480
04:11:09,root.bursty2,187,1143808
04:11:09,root.bursty1,189,1156096
04:11:09,root.batch0,3,-1024
04:11:10,root.default,0,0
04:11:10,root.batch6,0,0
04:11:10,root.batch7,0,0
04:11:10,root.batch1,0,0
04:11:10,root.batch4,0,0
04:11:10,root.batch5,0,0
04:11:10,root.batch2,0,0
04:11:10,root.batch3,0,0
04:11:10,root.bursty0,25,148480
04:11:10,root.bursty2,189,1156096
04:11:10,root.bursty1,189,1156096
04:11:10,root.batch0,3,-1024
04:11:11,root.default,0,0
04:11:11,root.batch6,0,0
04:11:11,root.batch7,0,0
04:11:11,root.batch1,0,0
04:11:11,root.batch4,0,0
04:11:11,root.batch5,0,0
04:11:11,root.batch2,0,0
04:11:11,root.batch3,0,0
04:11:11,root.bursty0,25,148480
04:11:11,root.bursty2,189,1156096
04:11:11,root.bursty1,189,1156096
04:11:11,root.batch0,3,-1024
04:11:12,root.default,0,0
04:11:12,root.batch6,0,0
04:11:12,root.batch7,0,0
04:11:12,root.batch1,0,0
04:11:12,root.batch4,0,0
04:11:12,root.batch5,0,0
04:11:12,root.batch2,0,0
04:11:12,root.batch3,0,0
04:11:12,root.bursty0,25,148480
04:11:12,root.bursty2,189,1156096
04:11:12,root.bursty1,189,1156096
04:11:12,root.batch0,3,-1024
04:11:13,root.default,0,0
04:11:13,root.batch6,0,0
04:11:13,root.batch7,0,0
04:11:13,root.batch1,0,0
04:11:13,root.batch4,0,0
04:11:13,root.batch5,0,0
04:11:13,root.batch2,0,0
04:11:13,root.batch3,0,0
04:11:13,root.bursty0,25,148480
04:11:13,root.bursty2,189,1156096
04:11:13,root.bursty1,189,1156096
04:11:13,root.batch0,3,-1024
04:11:14,root.default,0,0
04:11:14,root.batch6,0,0
04:11:14,root.batch7,0,0
04:11:14,root.batch1,0,0
04:11:14,root.batch4,0,0
04:11:14,root.batch5,0,0
04:11:14,root.batch2,0,0
04:11:14,root.batch3,0,0
04:11:14,root.bursty0,25,148480
04:11:14,root.bursty2,189,1156096
04:11:14,root.bursty1,189,1156096
04:11:14,root.batch0,3,-1024
04:11:15,root.default,0,0
04:11:15,root.batch6,0,0
04:11:15,root.batch7,0,0
04:11:15,root.batch1,0,0
04:11:15,root.batch4,0,0
04:11:15,root.batch5,0,0
04:11:15,root.batch2,0,0
04:11:15,root.batch3,0,0
04:11:15,root.bursty0,25,148480
04:11:15,root.bursty2,189,1156096
04:11:15,root.bursty1,189,1156096
04:11:15,root.batch0,3,-1024
04:11:16,root.default,0,0
04:11:16,root.batch6,0,0
04:11:16,root.batch7,0,0
04:11:16,root.batch1,0,0
04:11:16,root.batch4,0,0
04:11:16,root.batch5,0,0
04:11:16,root.batch2,0,0
04:11:16,root.batch3,0,0
04:11:16,root.bursty0,25,148480
04:11:16,root.bursty2,190,1162240
04:11:16,root.bursty1,188,1149952
04:11:16,root.batch0,3,-1024
04:11:17,root.default,0,0
04:11:17,root.batch6,0,0
04:11:17,root.batch7,0,0
04:11:17,root.batch1,0,0
04:11:17,root.batch4,0,0
04:11:17,root.batch5,0,0
04:11:17,root.batch2,0,0
04:11:17,root.batch3,0,0
04:11:17,root.bursty0,25,148480
04:11:17,root.bursty1,183,1119232
04:11:17,root.bursty2,195,1192960
04:11:17,root.batch0,3,-1024
04:11:18,root.default,0,0
04:11:18,root.batch6,0,0
04:11:18,root.batch7,0,0
04:11:18,root.batch1,0,0
04:11:18,root.batch4,0,0
04:11:18,root.batch5,0,0
04:11:18,root.batch2,0,0
04:11:18,root.batch3,0,0
04:11:18,root.bursty0,25,148480
04:11:18,root.bursty1,173,1057792
04:11:18,root.bursty2,203,1242112
04:11:18,root.batch0,3,-1024
04:11:19,root.default,0,0
04:11:19,root.batch6,0,0
04:11:19,root.batch7,0,0
04:11:19,root.batch1,0,0
04:11:19,root.batch4,0,0
04:11:19,root.batch5,0,0
04:11:19,root.batch2,0,0
04:11:19,root.batch3,0,0
04:11:19,root.bursty0,25,148480
04:11:19,root.bursty1,168,1027072
04:11:19,root.bursty2,202,1235968
04:11:19,root.batch0,3,-1024
04:11:20,root.default,0,0
04:11:20,root.batch6,0,0
04:11:20,root.batch7,0,0
04:11:20,root.batch1,0,0
04:11:20,root.batch4,0,0
04:11:20,root.batch5,0,0
04:11:20,root.batch2,0,0
04:11:20,root.batch3,0,0
04:11:20,root.bursty0,25,148480
04:11:20,root.bursty2,183,1119232
04:11:20,root.bursty1,184,1125376
04:11:20,root.batch0,3,-1024
04:11:21,root.default,0,0
04:11:21,root.batch6,0,0
04:11:21,root.batch7,0,0
04:11:21,root.batch1,0,0
04:11:21,root.batch4,0,0
04:11:21,root.batch5,0,0
04:11:21,root.batch2,0,0
04:11:21,root.batch3,0,0
04:11:21,root.bursty0,25,148480
04:11:21,root.bursty2,172,1051648
04:11:21,root.bursty1,197,1205248
04:11:21,root.batch0,3,-1024
04:11:22,root.default,0,0
04:11:22,root.batch6,0,0
04:11:22,root.batch7,0,0
04:11:22,root.batch1,0,0
04:11:22,root.batch4,0,0
04:11:22,root.batch5,0,0
04:11:22,root.batch2,0,0
04:11:22,root.batch3,0,0
04:11:22,root.bursty0,25,148480
04:11:22,root.bursty2,169,1033216
04:11:22,root.bursty1,197,1205248
04:11:22,root.batch0,3,-1024
04:11:23,root.default,0,0
04:11:23,root.batch6,0,0
04:11:23,root.batch7,0,0
04:11:23,root.batch1,0,0
04:11:23,root.batch4,0,0
04:11:23,root.batch5,0,0
04:11:23,root.batch2,0,0
04:11:23,root.batch3,0,0
04:11:23,root.bursty0,25,148480
04:11:23,root.bursty2,168,1027072
04:11:23,root.bursty1,199,1217536
04:11:23,root.batch0,3,-1024
04:11:24,root.default,0,0
04:11:24,root.batch6,0,0
04:11:24,root.batch7,0,0
04:11:24,root.batch1,0,0
04:11:24,root.batch4,0,0
04:11:24,root.batch5,0,0
04:11:24,root.batch2,0,0
04:11:24,root.batch3,0,0
04:11:24,root.bursty0,25,148480
04:11:24,root.bursty2,168,1027072
04:11:24,root.bursty1,200,1223680
04:11:24,root.batch0,3,-1024
04:11:25,root.default,0,0
04:11:25,root.batch6,0,0
04:11:25,root.batch7,0,0
04:11:25,root.batch1,0,0
04:11:25,root.batch4,0,0
04:11:25,root.batch5,0,0
04:11:25,root.batch2,0,0
04:11:25,root.batch3,0,0
04:11:25,root.bursty0,25,148480
04:11:25,root.bursty2,168,1027072
04:11:25,root.bursty1,198,1211392
04:11:25,root.batch0,3,-1024
04:11:26,root.default,0,0
04:11:26,root.batch6,0,0
04:11:26,root.batch7,0,0
04:11:26,root.batch1,0,0
04:11:26,root.batch4,0,0
04:11:26,root.batch5,0,0
04:11:26,root.batch2,0,0
04:11:26,root.batch3,0,0
04:11:26,root.bursty0,22,130048
04:11:26,root.bursty2,180,1100800
04:11:26,root.bursty1,190,1162240
04:11:26,root.batch0,3,-1024
04:11:27,root.default,0,0
04:11:27,root.batch6,0,0
04:11:27,root.batch7,0,0
04:11:27,root.batch1,0,0
04:11:27,root.batch4,0,0
04:11:27,root.batch5,0,0
04:11:27,root.batch2,0,0
04:11:27,root.batch3,0,0
04:11:27,root.bursty0,9,50176
04:11:27,root.bursty1,185,1131520
04:11:27,root.bursty2,199,1217536
04:11:27,root.batch0,3,-1024
04:11:28,root.default,0,0
04:11:28,root.batch6,0,0
04:11:28,root.batch7,0,0
04:11:28,root.batch1,0,0
04:11:28,root.batch4,0,0
04:11:28,root.batch5,0,0
04:11:28,root.batch2,0,0
04:11:28,root.batch3,0,0
04:11:28,root.bursty0,3,13312
04:11:28,root.bursty1,197,1197056
04:11:28,root.bursty2,204,1248256
04:11:28,root.batch0,3,-1024
04:11:29,root.default,0,0
04:11:29,root.batch6,0,0
04:11:29,root.batch7,0,0
04:11:29,root.batch1,0,0
04:11:29,root.batch4,0,0
04:11:29,root.batch5,0,0
04:11:29,root.batch2,0,0
04:11:29,root.batch3,0,0
04:11:29,root.bursty0,2,7168
04:11:29,root.bursty1,217,1238016
04:11:29,root.bursty2,211,1242112
04:11:29,root.batch0,3,-1024
04:11:30,root.default,0,0
04:11:30,root.batch6,0,0
04:11:30,root.batch7,0,0
04:11:30,root.batch1,0,0
04:11:30,root.batch4,0,0
04:11:30,root.batch5,0,0
04:11:30,root.batch2,0,0
04:11:30,root.batch3,0,0
04:11:30,root.bursty0,2,7168
04:11:30,root.bursty1,237,1278976
04:11:30,root.bursty2,231,1283072
04:11:30,root.batch0,3,-1024
04:11:31,root.default,0,0
04:11:31,root.batch6,0,0
04:11:31,root.batch7,0,0
04:11:31,root.batch1,0,0
04:11:31,root.batch4,0,0
04:11:31,root.batch5,0,0
04:11:31,root.batch2,0,0
04:11:31,root.batch3,0,0
04:11:31,root.bursty0,1,1024
04:11:31,root.bursty1,242,1235968
04:11:31,root.bursty2,233,1262592
04:11:31,root.batch0,3,-1024
04:11:32,root.default,0,0
04:11:32,root.batch6,0,0
04:11:32,root.batch7,0,0
04:11:32,root.batch1,0,0
04:11:32,root.batch4,0,0
04:11:32,root.batch5,0,0
04:11:32,root.batch2,0,0
04:11:32,root.batch3,0,0
04:11:32,root.bursty0,1,1024
04:11:32,root.bursty1,265,1205248
04:11:32,root.bursty2,239,1242112
04:11:32,root.batch0,3,-1024
04:11:33,root.default,0,0
04:11:33,root.batch6,0,0
04:11:33,root.batch7,0,0
04:11:33,root.batch1,0,0
04:11:33,root.batch4,0,0
04:11:33,root.batch5,0,0
04:11:33,root.batch2,0,0
04:11:33,root.batch3,0,0
04:11:33,root.bursty0,1,1024
04:11:33,root.bursty1,314,1211392
04:11:33,root.bursty2,242,1219584
04:11:33,root.batch0,3,-1024
04:11:34,root.default,0,0
04:11:34,root.batch6,0,0
04:11:34,root.batch7,0,0
04:11:34,root.batch1,0,0
04:11:34,root.batch4,0,0
04:11:34,root.batch5,0,0
04:11:34,root.batch2,0,0
04:11:34,root.batch3,0,0
04:11:34,root.bursty0,1,1024
04:11:34,root.bursty1,346,1181696
04:11:34,root.bursty2,270,1268736
04:11:34,root.batch0,3,-1024
04:11:35,root.default,0,0
04:11:35,root.batch6,0,0
04:11:35,root.batch7,0,0
04:11:35,root.batch1,0,0
04:11:35,root.batch4,0,0
04:11:35,root.batch5,0,0
04:11:35,root.batch2,0,0
04:11:35,root.batch3,0,0
04:11:35,root.bursty0,1,1024
04:11:35,root.bursty1,278,1001472
04:11:35,root.bursty2,335,1389568
04:11:35,root.batch0,3,-1024
04:11:36,root.bursty0,0,0
04:11:36,root.default,0,0
04:11:36,root.batch6,0,0
04:11:36,root.batch7,0,0
04:11:36,root.batch1,0,0
04:11:36,root.batch4,0,0
04:11:36,root.batch5,0,0
04:11:36,root.batch2,0,0
04:11:36,root.batch3,0,0
04:11:36,root.bursty1,235,868352
04:11:36,root.bursty2,335,1359872
04:11:36,root.batch0,77,150528
04:11:37,root.bursty0,0,0
04:11:37,root.default,0,0
04:11:37,root.batch6,0,0
04:11:37,root.batch7,0,0
04:11:37,root.batch1,0,0
04:11:37,root.batch4,0,0
04:11:37,root.batch5,0,0
04:11:37,root.batch2,0,0
04:11:37,root.batch3,0,0
04:11:37,root.bursty1,209,798720
04:11:37,root.bursty2,264,1202176
04:11:37,root.batch0,161,322560
04:11:38,root.bursty0,0,0
04:11:38,root.default,0,0
04:11:38,root.batch6,0,0
04:11:38,root.batch7,0,0
04:11:38,root.batch1,0,0
04:11:38,root.batch4,0,0
04:11:38,root.batch5,0,0
04:11:38,root.batch2,0,0
04:11:38,root.batch3,0,0
04:11:38,root.bursty1,182,722944
04:11:38,root.bursty2,252,1161216
04:11:38,root.batch0,249,502784
04:11:39,root.bursty0,0,0
04:11:39,root.default,0,0
04:11:39,root.batch6,0,0
04:11:39,root.batch7,0,0
04:11:39,root.batch1,0,0
04:11:39,root.batch4,0,0
04:11:39,root.batch5,0,0
04:11:39,root.batch2,0,0
04:11:39,root.batch3,0,0
04:11:39,root.bursty1,140,636928
04:11:39,root.bursty2,232,1103872
04:11:39,root.batch0,333,674816
04:11:40,root.bursty0,0,0
04:11:40,root.default,0,0
04:11:40,root.batch6,0,0
04:11:40,root.batch7,0,0
04:11:40,root.batch1,0,0
04:11:40,root.batch4,0,0
04:11:40,root.batch5,0,0
04:11:40,root.batch2,0,0
04:11:40,root.batch3,0,0
04:11:40,root.bursty1,110,575488
04:11:40,root.bursty2,224,1087488
04:11:40,root.batch0,407,826368
04:11:41,root.bursty0,0,0
04:11:41,root.default,0,0
04:11:41,root.batch6,0,0
04:11:41,root.batch7,0,0
04:11:41,root.batch1,0,0
04:11:41,root.batch4,0,0
04:11:41,root.batch5,0,0
04:11:41,root.batch2,0,0
04:11:41,root.batch3,0,0
04:11:41,root.bursty1,96,546816
04:11:41,root.bursty2,191,1018880
04:11:41,root.batch0,453,920576
04:11:42,root.bursty0,0,0
04:11:42,root.default,0,0
04:11:42,root.batch6,0,0
04:11:42,root.batch7,0,0
04:11:42,root.batch1,0,0
04:11:42,root.batch4,0,0
04:11:42,root.batch5,0,0
04:11:42,root.batch2,0,0
04:11:42,root.batch3,0,0
04:11:42,root.bursty1,88,530432
04:11:42,root.bursty2,179,994304
04:11:42,root.batch0,497,1010688
04:11:43,root.bursty0,0,0
04:11:43,root.default,0,0
04:11:43,root.batch6,0,0
04:11:43,root.batch7,0,0
04:11:43,root.batch1,0,0
04:11:43,root.batch4,0,0
04:11:43,root.batch5,0,0
04:11:43,root.batch2,0,0
04:11:43,root.batch3,0,0
04:11:43,root.bursty1,88,530432
04:11:43,root.bursty2,165,965632
04:11:43,root.batch0,511,1039360
04:11:44,root.bursty0,0,0
04:11:44,root.default,0,0
04:11:44,root.batch6,0,0
04:11:44,root.batch7,0,0
04:11:44,root.batch1,0,0
04:11:44,root.batch4,0,0
04:11:44,root.batch5,0,0
04:11:44,root.batch2,0,0
04:11:44,root.batch3,0,0
04:11:44,root.bursty1,88,530432
04:11:44,root.bursty2,161,957440
04:11:44,root.batch0,521,1059840
04:11:45,root.bursty0,0,0
04:11:45,root.default,0,0
04:11:45,root.batch6,0,0
04:11:45,root.batch7,0,0
04:11:45,root.batch1,0,0
04:11:45,root.batch4,0,0
04:11:45,root.batch5,0,0
04:11:45,root.batch2,0,0
04:11:45,root.batch3,0,0
04:11:45,root.bursty1,88,530432
04:11:45,root.bursty2,159,953344
04:11:45,root.batch0,529,1076224
04:11:46,root.bursty0,0,0
04:11:46,root.default,0,0
04:11:46,root.batch6,0,0
04:11:46,root.batch7,0,0
04:11:46,root.batch1,0,0
04:11:46,root.batch4,0,0
04:11:46,root.batch5,0,0
04:11:46,root.batch2,0,0
04:11:46,root.batch3,0,0
04:11:46,root.bursty1,87,524288
04:11:46,root.bursty2,158,939008
04:11:46,root.batch0,537,1092608
04:11:47,root.bursty0,0,0
04:11:47,root.default,0,0
04:11:47,root.batch6,0,0
04:11:47,root.batch7,0,0
04:11:47,root.batch1,0,0
04:11:47,root.batch4,0,0
04:11:47,root.batch5,0,0
04:11:47,root.batch2,0,0
04:11:47,root.batch3,0,0
04:11:47,root.bursty1,86,518144
04:11:47,root.bursty2,159,928768
04:11:47,root.batch0,543,1104896
04:11:48,root.bursty0,0,0
04:11:48,root.default,0,0
04:11:48,root.batch6,0,0
04:11:48,root.batch7,0,0
04:11:48,root.batch1,0,0
04:11:48,root.batch4,0,0
04:11:48,root.batch5,0,0
04:11:48,root.batch2,0,0
04:11:48,root.batch3,0,0
04:11:48,root.bursty1,77,462848
04:11:48,root.bursty2,157,883712
04:11:48,root.batch0,573,1166336
04:11:49,root.bursty0,0,0
04:11:49,root.default,0,0
04:11:49,root.batch6,0,0
04:11:49,root.batch7,0,0
04:11:49,root.batch1,0,0
04:11:49,root.batch4,0,0
04:11:49,root.batch5,0,0
04:11:49,root.batch2,0,0
04:11:49,root.batch3,0,0
04:11:49,root.bursty1,56,333824
04:11:49,root.bursty2,159,879616
04:11:49,root.batch0,617,1256448
04:11:50,root.bursty0,0,0
04:11:50,root.default,0,0
04:11:50,root.batch6,0,0
04:11:50,root.batch7,0,0
04:11:50,root.batch1,0,0
04:11:50,root.batch4,0,0
04:11:50,root.batch5,0,0
04:11:50,root.batch2,0,0
04:11:50,root.batch3,0,0
04:11:50,root.bursty1,34,198656
04:11:50,root.bursty2,156,861184
04:11:50,root.batch0,661,1346560
04:11:51,root.bursty0,0,0
04:11:51,root.default,0,0
04:11:51,root.batch6,0,0
04:11:51,root.batch7,0,0
04:11:51,root.batch1,0,0
04:11:51,root.batch4,0,0
04:11:51,root.batch5,0,0
04:11:51,root.batch2,0,0
04:11:51,root.batch3,0,0
04:11:51,root.bursty1,26,149504
04:11:51,root.bursty2,149,809984
04:11:51,root.batch0,729,1485824
04:11:52,root.bursty0,0,0
04:11:52,root.default,0,0
04:11:52,root.batch6,0,0
04:11:52,root.batch7,0,0
04:11:52,root.batch1,0,0
04:11:52,root.batch4,0,0
04:11:52,root.batch5,0,0
04:11:52,root.batch2,0,0
04:11:52,root.batch3,0,0
04:11:52,root.bursty1,24,137216
04:11:52,root.bursty2,140,721920
04:11:52,root.batch0,753,1534976
04:11:53,root.bursty0,0,0
04:11:53,root.default,0,0
04:11:53,root.batch6,0,0
04:11:53,root.batch7,0,0
04:11:53,root.batch1,0,0
04:11:53,root.batch4,0,0
04:11:53,root.batch5,0,0
04:11:53,root.batch2,0,0
04:11:53,root.batch3,0,0
04:11:53,root.bursty1,22,124928
04:11:53,root.bursty2,120,599040
04:11:53,root.batch0,823,1678336
04:11:54,root.bursty0,0,0
04:11:54,root.default,0,0
04:11:54,root.batch6,0,0
04:11:54,root.batch7,0,0
04:11:54,root.batch1,0,0
04:11:54,root.batch4,0,0
04:11:54,root.batch5,0,0
04:11:54,root.batch2,0,0
04:11:54,root.batch3,0,0
04:11:54,root.bursty1,67,401408
04:11:54,root.bursty2,90,439296
04:11:54,root.batch0,771,1571840
04:11:55,root.bursty0,0,0
04:11:55,root.default,0,0
04:11:55,root.batch6,0,0
04:11:55,root.batch7,0,0
04:11:55,root.batch1,0,0
04:11:55,root.batch4,0,0
04:11:55,root.batch5,0,0
04:11:55,root.batch2,0,0
04:11:55,root.batch3,0,0
04:11:55,root.bursty2,59,281600
04:11:55,root.bursty1,109,659456
04:11:55,root.batch0,699,1424384
04:11:56,root.bursty0,0,0
04:11:56,root.default,0,0
04:11:56,root.batch6,0,0
04:11:56,root.batch7,0,0
04:11:56,root.batch1,0,0
04:11:56,root.batch4,0,0
04:11:56,root.batch5,0,0
04:11:56,root.batch2,0,0
04:11:56,root.batch3,0,0
04:11:56,root.bursty2,33,121856
04:11:56,root.bursty1,149,905216
04:11:56,root.batch0,681,1387520
04:11:57,root.bursty0,0,0
04:11:57,root.default,0,0
04:11:57,root.batch6,0,0
04:11:57,root.batch7,0,0
04:11:57,root.batch1,0,0
04:11:57,root.batch4,0,0
04:11:57,root.batch5,0,0
04:11:57,root.batch2,0,0
04:11:57,root.batch3,0,0
04:11:57,root.bursty2,17,31744
04:11:57,root.bursty1,177,1077248
04:11:57,root.batch0,639,1301504
04:11:58,root.bursty0,0,0
04:11:58,root.default,0,0
04:11:58,root.batch6,0,0
04:11:58,root.batch7,0,0
04:11:58,root.batch1,0,0
04:11:58,root.batch4,0,0
04:11:58,root.batch5,0,0
04:11:58,root.batch2,0,0
04:11:58,root.batch3,0,0
04:11:58,root.bursty2,17,31744
04:11:58,root.bursty1,205,1249280
04:11:58,root.batch0,591,1203200
04:11:59,root.bursty0,0,0
04:11:59,root.default,0,0
04:11:59,root.batch6,0,0
04:11:59,root.batch7,0,0
04:11:59,root.batch1,0,0
04:11:59,root.batch4,0,0
04:11:59,root.batch5,0,0
04:11:59,root.batch2,0,0
04:11:59,root.batch3,0,0
04:11:59,root.bursty2,17,31744
04:11:59,root.bursty1,230,1402880
04:11:59,root.batch0,535,1088512
04:12:00,root.bursty0,0,0
04:12:00,root.default,0,0
04:12:00,root.batch6,0,0
04:12:00,root.batch7,0,0
04:12:00,root.batch1,0,0
04:12:00,root.batch4,0,0
04:12:00,root.batch5,0,0
04:12:00,root.batch2,0,0
04:12:00,root.batch3,0,0
04:12:00,root.bursty2,11,19456
04:12:00,root.bursty1,242,1476608
04:12:00,root.batch0,487,990208
04:12:02,root.default,0,0
04:12:02,root.batch6,0,0
04:12:02,root.batch7,0,0
04:12:02,root.batch1,0,0
04:12:02,root.batch4,0,0
04:12:02,root.batch5,0,0
04:12:02,root.batch2,0,0
04:12:02,root.batch3,0,0
04:12:02,root.bursty0,1,1024
04:12:02,root.bursty2,11,44032
04:12:02,root.bursty1,261,1593344
04:12:02,root.batch0,431,875520
04:12:03,root.default,0,0
04:12:03,root.batch6,0,0
04:12:03,root.batch7,0,0
04:12:03,root.batch1,0,0
04:12:03,root.batch4,0,0
04:12:03,root.batch5,0,0
04:12:03,root.batch2,0,0
04:12:03,root.batch3,0,0
04:12:03,root.bursty0,1,1024
04:12:03,root.bursty2,23,117760
04:12:03,root.bursty1,266,1624064
04:12:03,root.batch0,367,744448
04:12:04,root.default,0,0
04:12:04,root.batch6,0,0
04:12:04,root.batch7,0,0
04:12:04,root.batch1,0,0
04:12:04,root.batch4,0,0
04:12:04,root.batch5,0,0
04:12:04,root.batch2,0,0
04:12:04,root.batch3,0,0
04:12:04,root.bursty0,1,1024
04:12:04,root.bursty2,42,234496
04:12:04,root.bursty1,269,1642496
04:12:04,root.batch0,311,629760
04:12:05,root.default,0,0
04:12:05,root.batch6,0,0
04:12:05,root.batch7,0,0
04:12:05,root.batch1,0,0
04:12:05,root.batch4,0,0
04:12:05,root.batch5,0,0
04:12:05,root.batch2,0,0
04:12:05,root.batch3,0,0
04:12:05,root.bursty0,1,1024
04:12:05,root.bursty2,57,326656
04:12:05,root.bursty1,270,1648640
04:12:05,root.batch0,263,531456
04:12:06,root.default,0,0
04:12:06,root.batch6,0,0
04:12:06,root.batch7,0,0
04:12:06,root.batch1,0,0
04:12:06,root.batch4,0,0
04:12:06,root.batch5,0,0
04:12:06,root.batch2,0,0
04:12:06,root.batch3,0,0
04:12:06,root.bursty0,1,1024
04:12:06,root.bursty2,68,394240
04:12:06,root.bursty1,270,1648640
04:12:06,root.batch0,223,449536
04:12:07,root.default,0,0
04:12:07,root.batch6,0,0
04:12:07,root.batch7,0,0
04:12:07,root.batch1,0,0
04:12:07,root.batch4,0,0
04:12:07,root.batch5,0,0
04:12:07,root.batch2,0,0
04:12:07,root.batch3,0,0
04:12:07,root.bursty0,1,1024
04:12:07,root.bursty2,82,480256
04:12:07,root.bursty1,269,1647616
04:12:07,root.batch0,185,371712
04:12:08,root.default,0,0
04:12:08,root.batch6,0,0
04:12:08,root.batch7,0,0
04:12:08,root.batch1,0,0
04:12:08,root.batch4,0,0
04:12:08,root.batch5,0,0
04:12:08,root.batch2,0,0
04:12:08,root.batch3,0,0
04:12:08,root.bursty0,1,1024
04:12:08,root.bursty2,96,574464
04:12:08,root.bursty1,269,1647616
04:12:08,root.batch0,141,281600
04:12:09,root.default,0,0
04:12:09,root.batch6,0,0
04:12:09,root.batch7,0,0
04:12:09,root.batch1,0,0
04:12:09,root.batch4,0,0
04:12:09,root.batch5,0,0
04:12:09,root.batch2,0,0
04:12:09,root.batch3,0,0
04:12:09,root.bursty0,1,1024
04:12:09,root.bursty2,106,635904
04:12:09,root.bursty1,269,1647616
04:12:09,root.batch0,97,191488
04:12:10,root.default,0,0
04:12:10,root.batch6,0,0
04:12:10,root.batch7,0,0
04:12:10,root.batch1,0,0
04:12:10,root.batch4,0,0
04:12:10,root.batch5,0,0
04:12:10,root.batch2,0,0
04:12:10,root.batch3,0,0
04:12:10,root.bursty0,1,1024
04:12:10,root.bursty2,119,715776
04:12:10,root.bursty1,269,1647616
04:12:10,root.batch0,55,105472
04:12:11,root.default,0,0
04:12:11,root.batch6,0,0
04:12:11,root.batch7,0,0
04:12:11,root.batch1,0,0
04:12:11,root.batch4,0,0
04:12:11,root.batch5,0,0
04:12:11,root.batch2,0,0
04:12:11,root.batch3,0,0
04:12:11,root.bursty0,1,1024
04:12:11,root.bursty2,127,764928
04:12:11,root.bursty1,269,1647616
04:12:11,root.batch0,29,52224
04:12:12,root.default,0,0
04:12:12,root.batch6,0,0
04:12:12,root.batch7,0,0
04:12:12,root.batch1,0,0
04:12:12,root.batch4,0,0
04:12:12,root.batch5,0,0
04:12:12,root.batch2,0,0
04:12:12,root.batch3,0,0
04:12:12,root.bursty0,1,1024
04:12:12,root.bursty2,128,771072
04:12:12,root.bursty1,269,1647616
04:12:12,root.batch0,25,44032
04:12:13,root.default,0,0
04:12:13,root.batch6,0,0
04:12:13,root.batch7,0,0
04:12:13,root.batch1,0,0
04:12:13,root.batch4,0,0
04:12:13,root.batch5,0,0
04:12:13,root.batch2,0,0
04:12:13,root.batch3,0,0
04:12:13,root.bursty0,1,1024
04:12:13,root.bursty2,130,788480
04:12:13,root.bursty1,269,1647616
04:12:13,root.batch0,17,27648
04:12:14,root.default,0,0
04:12:14,root.batch6,0,0
04:12:14,root.batch7,0,0
04:12:14,root.batch1,0,0
04:12:14,root.batch4,0,0
04:12:14,root.batch5,0,0
04:12:14,root.batch2,0,0
04:12:14,root.batch3,0,0
04:12:14,root.bursty0,1,1024
04:12:14,root.bursty2,133,806912
04:12:14,root.bursty1,269,1647616
04:12:14,root.batch0,7,7168
04:12:15,root.default,0,0
04:12:15,root.batch6,0,0
04:12:15,root.batch7,0,0
04:12:15,root.batch1,0,0
04:12:15,root.batch4,0,0
04:12:15,root.batch5,0,0
04:12:15,root.batch2,0,0
04:12:15,root.batch3,0,0
04:12:15,root.bursty0,1,1024
04:12:15,root.bursty2,133,806912
04:12:15,root.bursty1,269,1647616
04:12:15,root.batch0,5,3072
04:12:16,root.default,0,0
04:12:16,root.batch6,0,0
04:12:16,root.batch7,0,0
04:12:16,root.batch1,0,0
04:12:16,root.batch4,0,0
04:12:16,root.batch5,0,0
04:12:16,root.batch2,0,0
04:12:16,root.batch3,0,0
04:12:16,root.bursty0,1,1024
04:12:16,root.bursty2,134,813056
04:12:16,root.bursty1,269,1647616
04:12:16,root.batch0,3,-1024
04:12:17,root.default,0,0
04:12:17,root.batch6,0,0
04:12:17,root.batch7,0,0
04:12:17,root.batch1,0,0
04:12:17,root.batch4,0,0
04:12:17,root.batch5,0,0
04:12:17,root.batch2,0,0
04:12:17,root.batch3,0,0
04:12:17,root.bursty0,1,1024
04:12:17,root.bursty2,134,813056
04:12:17,root.bursty1,269,1647616
04:12:17,root.batch0,3,-1024
04:12:18,root.default,0,0
04:12:18,root.batch6,0,0
04:12:18,root.batch7,0,0
04:12:18,root.batch1,0,0
04:12:18,root.batch4,0,0
04:12:18,root.batch5,0,0
04:12:18,root.batch2,0,0
04:12:18,root.batch3,0,0
04:12:18,root.bursty0,1,1024
04:12:18,root.bursty2,134,813056
04:12:18,root.bursty1,269,1647616
04:12:18,root.batch0,3,-1024
04:12:19,root.default,0,0
04:12:19,root.batch6,0,0
04:12:19,root.batch7,0,0
04:12:19,root.batch1,0,0
04:12:19,root.batch4,0,0
04:12:19,root.batch5,0,0
04:12:19,root.batch2,0,0
04:12:19,root.batch3,0,0
04:12:19,root.bursty0,1,1024
04:12:19,root.bursty2,134,813056
04:12:19,root.bursty1,269,1647616
04:12:19,root.batch0,3,-1024
04:12:20,root.default,0,0
04:12:20,root.batch6,0,0
04:12:20,root.batch7,0,0
04:12:20,root.batch1,0,0
04:12:20,root.batch4,0,0
04:12:20,root.batch5,0,0
04:12:20,root.batch2,0,0
04:12:20,root.batch3,0,0
04:12:20,root.bursty0,1,1024
04:12:20,root.bursty2,134,813056
04:12:20,root.bursty1,269,1647616
04:12:20,root.batch0,3,-1024
04:12:21,root.default,0,0
04:12:21,root.batch6,0,0
04:12:21,root.batch7,0,0
04:12:21,root.batch1,0,0
04:12:21,root.batch4,0,0
04:12:21,root.batch5,0,0
04:12:21,root.batch2,0,0
04:12:21,root.batch3,0,0
04:12:21,root.bursty0,1,1024
04:12:21,root.bursty2,134,813056
04:12:21,root.bursty1,269,1647616
04:12:21,root.batch0,3,-1024
04:12:22,root.default,0,0
04:12:22,root.batch6,0,0
04:12:22,root.batch7,0,0
04:12:22,root.batch1,0,0
04:12:22,root.batch4,0,0
04:12:22,root.batch5,0,0
04:12:22,root.batch2,0,0
04:12:22,root.batch3,0,0
04:12:22,root.bursty0,1,1024
04:12:22,root.bursty2,134,813056
04:12:22,root.bursty1,269,1647616
04:12:22,root.batch0,3,-1024
04:12:23,root.default,0,0
04:12:23,root.batch6,0,0
04:12:23,root.batch7,0,0
04:12:23,root.batch1,0,0
04:12:23,root.batch4,0,0
04:12:23,root.batch5,0,0
04:12:23,root.batch2,0,0
04:12:23,root.batch3,0,0
04:12:23,root.bursty0,1,1024
04:12:23,root.bursty2,134,813056
04:12:23,root.bursty1,269,1647616
04:12:23,root.batch0,3,-1024
04:12:24,root.default,0,0
04:12:24,root.batch6,0,0
04:12:24,root.batch7,0,0
04:12:24,root.batch1,0,0
04:12:24,root.batch4,0,0
04:12:24,root.batch5,0,0
04:12:24,root.batch2,0,0
04:12:24,root.batch3,0,0
04:12:24,root.bursty0,1,1024
04:12:24,root.bursty2,134,813056
04:12:24,root.bursty1,269,1647616
04:12:24,root.batch0,3,-1024
04:12:25,root.default,0,0
04:12:25,root.batch6,0,0
04:12:25,root.batch7,0,0
04:12:25,root.batch1,0,0
04:12:25,root.batch4,0,0
04:12:25,root.batch5,0,0
04:12:25,root.batch2,0,0
04:12:25,root.batch3,0,0
04:12:25,root.bursty0,1,1024
04:12:25,root.bursty2,134,813056
04:12:25,root.bursty1,269,1647616
04:12:25,root.batch0,3,-1024
04:12:26,root.default,0,0
04:12:26,root.batch6,0,0
04:12:26,root.batch7,0,0
04:12:26,root.batch1,0,0
04:12:26,root.batch4,0,0
04:12:26,root.batch5,0,0
04:12:26,root.batch2,0,0
04:12:26,root.batch3,0,0
04:12:26,root.bursty0,1,1024
04:12:26,root.bursty2,134,813056
04:12:26,root.bursty1,269,1647616
04:12:26,root.batch0,3,-1024
04:12:27,root.default,0,0
04:12:27,root.batch6,0,0
04:12:27,root.batch7,0,0
04:12:27,root.batch1,0,0
04:12:27,root.batch4,0,0
04:12:27,root.batch5,0,0
04:12:27,root.batch2,0,0
04:12:27,root.batch3,0,0
04:12:27,root.bursty0,1,1024
04:12:27,root.bursty2,134,813056
04:12:27,root.bursty1,269,1647616
04:12:27,root.batch0,3,-1024
04:12:28,root.default,0,0
04:12:28,root.batch6,0,0
04:12:28,root.batch7,0,0
04:12:28,root.batch1,0,0
04:12:28,root.batch4,0,0
04:12:28,root.batch5,0,0
04:12:28,root.batch2,0,0
04:12:28,root.batch3,0,0
04:12:28,root.bursty0,1,1024
04:12:28,root.bursty2,134,813056
04:12:28,root.bursty1,269,1647616
04:12:28,root.batch0,3,-1024
04:12:29,root.default,0,0
04:12:29,root.batch6,0,0
04:12:29,root.batch7,0,0
04:12:29,root.batch1,0,0
04:12:29,root.batch4,0,0
04:12:29,root.batch5,0,0
04:12:29,root.batch2,0,0
04:12:29,root.batch3,0,0
04:12:29,root.bursty0,1,1024
04:12:29,root.bursty2,135,819200
04:12:29,root.bursty1,268,1641472
04:12:29,root.batch0,3,-1024
04:12:30,root.default,0,0
04:12:30,root.batch6,0,0
04:12:30,root.batch7,0,0
04:12:30,root.batch1,0,0
04:12:30,root.batch4,0,0
04:12:30,root.batch5,0,0
04:12:30,root.batch2,0,0
04:12:30,root.batch3,0,0
04:12:30,root.bursty0,1,1024
04:12:30,root.bursty2,135,819200
04:12:30,root.bursty1,264,1616896
04:12:30,root.batch0,3,-1024
04:12:31,root.default,0,0
04:12:31,root.batch6,0,0
04:12:31,root.batch7,0,0
04:12:31,root.batch1,0,0
04:12:31,root.batch4,0,0
04:12:31,root.batch5,0,0
04:12:31,root.batch2,0,0
04:12:31,root.batch3,0,0
04:12:31,root.bursty0,2,7168
04:12:31,root.bursty2,141,856064
04:12:31,root.bursty1,252,1543168
04:12:31,root.batch0,3,-1024
04:12:32,root.default,0,0
04:12:32,root.batch6,0,0
04:12:32,root.batch7,0,0
04:12:32,root.batch1,0,0
04:12:32,root.batch4,0,0
04:12:32,root.batch5,0,0
04:12:32,root.batch2,0,0
04:12:32,root.batch3,0,0
04:12:32,root.bursty0,7,37888
04:12:32,root.bursty2,148,899072
04:12:32,root.bursty1,233,1426432
04:12:32,root.batch0,3,-1024
04:12:33,root.default,0,0
04:12:33,root.batch6,0,0
04:12:33,root.batch7,0,0
04:12:33,root.batch1,0,0
04:12:33,root.batch4,0,0
04:12:33,root.batch5,0,0
04:12:33,root.batch2,0,0
04:12:33,root.batch3,0,0
04:12:33,root.bursty0,23,136192
04:12:33,root.bursty2,156,948224
04:12:33,root.bursty1,209,1278976
04:12:33,root.batch0,3,-1024
04:12:34,root.default,0,0
04:12:34,root.batch6,0,0
04:12:34,root.batch7,0,0
04:12:34,root.batch1,0,0
04:12:34,root.batch4,0,0
04:12:34,root.batch5,0,0
04:12:34,root.batch2,0,0
04:12:34,root.batch3,0,0
04:12:34,root.bursty0,44,265216
04:12:34,root.bursty2,160,972800
04:12:34,root.bursty1,181,1106944
04:12:34,root.batch0,3,-1024
04:12:35,root.default,0,0
04:12:35,root.batch6,0,0
04:12:35,root.batch7,0,0
04:12:35,root.batch1,0,0
04:12:35,root.batch4,0,0
04:12:35,root.batch5,0,0
04:12:35,root.batch2,0,0
04:12:35,root.batch3,0,0
04:12:35,root.bursty0,63,381952
04:12:35,root.bursty1,150,916480
04:12:35,root.bursty2,165,1003520
04:12:35,root.batch0,3,-1024
04:12:36,root.default,0,0
04:12:36,root.batch6,0,0
04:12:36,root.batch7,0,0
04:12:36,root.batch1,0,0
04:12:36,root.batch4,0,0
04:12:36,root.batch5,0,0
04:12:36,root.batch2,0,0
04:12:36,root.batch3,0,0
04:12:36,root.bursty0,96,584704
04:12:36,root.bursty1,116,707584
04:12:36,root.bursty2,169,1028096
04:12:36,root.batch0,3,-1024
04:12:37,root.default,0,0
04:12:37,root.batch6,0,0
04:12:37,root.batch7,0,0
04:12:37,root.batch1,0,0
04:12:37,root.batch4,0,0
04:12:37,root.batch5,0,0
04:12:37,root.batch2,0,0
04:12:37,root.batch3,0,0
04:12:37,root.bursty1,97,590848
04:12:37,root.bursty0,121,738304
04:12:37,root.bursty2,169,1028096
04:12:37,root.batch0,3,-1024
04:12:38,root.default,0,0
04:12:38,root.batch6,0,0
04:12:38,root.batch7,0,0
04:12:38,root.batch1,0,0
04:12:38,root.batch4,0,0
04:12:38,root.batch5,0,0
04:12:38,root.batch2,0,0
04:12:38,root.batch3,0,0
04:12:38,root.bursty1,93,566272
04:12:38,root.bursty0,132,805888
04:12:38,root.bursty2,148,899072
04:12:38,root.batch0,3,-1024
04:12:39,root.default,0,0
04:12:39,root.batch6,0,0
04:12:39,root.batch7,0,0
04:12:39,root.batch1,0,0
04:12:39,root.batch4,0,0
04:12:39,root.batch5,0,0
04:12:39,root.batch2,0,0
04:12:39,root.batch3,0,0
04:12:39,root.bursty1,113,689152
04:12:39,root.bursty2,125,757760
04:12:39,root.bursty0,132,805888
04:12:39,root.batch0,3,-1024
04:12:40,root.default,0,0
04:12:40,root.batch6,0,0
04:12:40,root.batch7,0,0
04:12:40,root.batch1,0,0
04:12:40,root.batch4,0,0
04:12:40,root.batch5,0,0
04:12:40,root.batch2,0,0
04:12:40,root.batch3,0,0
04:12:40,root.bursty2,119,720896
04:12:40,root.bursty1,122,744448
04:12:40,root.bursty0,132,805888
04:12:40,root.batch0,3,-1024
04:12:41,root.default,0,0
04:12:41,root.batch6,0,0
04:12:41,root.batch7,0,0
04:12:41,root.batch1,0,0
04:12:41,root.batch4,0,0
04:12:41,root.batch5,0,0
04:12:41,root.batch2,0,0
04:12:41,root.batch3,0,0
04:12:41,root.bursty2,118,714752
04:12:41,root.bursty1,127,775168
04:12:41,root.bursty0,132,805888
04:12:41,root.batch0,3,-1024
04:12:42,root.default,0,0
04:12:42,root.batch6,0,0
04:12:42,root.batch7,0,0
04:12:42,root.batch1,0,0
04:12:42,root.batch4,0,0
04:12:42,root.batch5,0,0
04:12:42,root.batch2,0,0
04:12:42,root.batch3,0,0
04:12:42,root.bursty2,129,782336
04:12:42,root.bursty1,131,799744
04:12:42,root.bursty0,133,812032
04:12:42,root.batch0,3,-1024
04:12:43,root.default,0,0
04:12:43,root.batch6,0,0
04:12:43,root.batch7,0,0
04:12:43,root.batch1,0,0
04:12:43,root.batch4,0,0
04:12:43,root.batch5,0,0
04:12:43,root.batch2,0,0
04:12:43,root.batch3,0,0
04:12:43,root.bursty2,131,794624
04:12:43,root.bursty1,133,812032
04:12:43,root.bursty0,134,818176
04:12:43,root.batch0,3,-1024
04:12:44,root.default,0,0
04:12:44,root.batch6,0,0
04:12:44,root.batch7,0,0
04:12:44,root.batch1,0,0
04:12:44,root.batch4,0,0
04:12:44,root.batch5,0,0
04:12:44,root.batch2,0,0
04:12:44,root.batch3,0,0
04:12:44,root.bursty2,131,794624
04:12:44,root.bursty1,133,812032
04:12:44,root.bursty0,134,818176
04:12:44,root.batch0,3,-1024
04:12:45,root.default,0,0
04:12:45,root.batch6,0,0
04:12:45,root.batch7,0,0
04:12:45,root.batch1,0,0
04:12:45,root.batch4,0,0
04:12:45,root.batch5,0,0
04:12:45,root.batch2,0,0
04:12:45,root.batch3,0,0
04:12:45,root.bursty2,132,800768
04:12:45,root.bursty0,134,818176
04:12:45,root.bursty1,135,824320
04:12:45,root.batch0,3,-1024
04:12:46,root.default,0,0
04:12:46,root.batch6,0,0
04:12:46,root.batch7,0,0
04:12:46,root.batch1,0,0
04:12:46,root.batch4,0,0
04:12:46,root.batch5,0,0
04:12:46,root.batch2,0,0
04:12:46,root.batch3,0,0
04:12:46,root.bursty2,134,813056
04:12:46,root.bursty0,134,818176
04:12:46,root.bursty1,135,824320
04:12:46,root.batch0,3,-1024
04:12:47,root.default,0,0
04:12:47,root.batch6,0,0
04:12:47,root.batch7,0,0
04:12:47,root.batch1,0,0
04:12:47,root.batch4,0,0
04:12:47,root.batch5,0,0
04:12:47,root.batch2,0,0
04:12:47,root.batch3,0,0
04:12:47,root.bursty2,135,819200
04:12:47,root.bursty0,134,818176
04:12:47,root.bursty1,135,824320
04:12:47,root.batch0,3,-1024
04:12:48,root.default,0,0
04:12:48,root.batch6,0,0
04:12:48,root.batch7,0,0
04:12:48,root.batch1,0,0
04:12:48,root.batch4,0,0
04:12:48,root.batch5,0,0
04:12:48,root.batch2,0,0
04:12:48,root.batch3,0,0
04:12:48,root.bursty0,134,818176
04:12:48,root.bursty2,135,819200
04:12:48,root.bursty1,135,824320
04:12:48,root.batch0,3,-1024
04:12:49,root.default,0,0
04:12:49,root.batch6,0,0
04:12:49,root.batch7,0,0
04:12:49,root.batch1,0,0
04:12:49,root.batch4,0,0
04:12:49,root.batch5,0,0
04:12:49,root.batch2,0,0
04:12:49,root.batch3,0,0
04:12:49,root.bursty0,134,818176
04:12:49,root.bursty2,135,819200
04:12:49,root.bursty1,135,824320
04:12:49,root.batch0,3,-1024
04:12:50,root.default,0,0
04:12:50,root.batch6,0,0
04:12:50,root.batch7,0,0
04:12:50,root.batch1,0,0
04:12:50,root.batch4,0,0
04:12:50,root.batch5,0,0
04:12:50,root.batch2,0,0
04:12:50,root.batch3,0,0
04:12:50,root.bursty0,135,824320
04:12:50,root.bursty2,134,813056
04:12:50,root.bursty1,135,824320
04:12:50,root.batch0,3,-1024
04:12:51,root.default,0,0
04:12:51,root.batch6,0,0
04:12:51,root.batch7,0,0
04:12:51,root.batch1,0,0
04:12:51,root.batch4,0,0
04:12:51,root.batch5,0,0
04:12:51,root.batch2,0,0
04:12:51,root.batch3,0,0
04:12:51,root.bursty2,134,813056
04:12:51,root.bursty0,135,824320
04:12:51,root.bursty1,135,824320
04:12:51,root.batch0,3,-1024
04:12:52,root.default,0,0
04:12:52,root.batch6,0,0
04:12:52,root.batch7,0,0
04:12:52,root.batch1,0,0
04:12:52,root.batch4,0,0
04:12:52,root.batch5,0,0
04:12:52,root.batch2,0,0
04:12:52,root.batch3,0,0
04:12:52,root.bursty2,133,806912
04:12:52,root.bursty0,135,824320
04:12:52,root.bursty1,135,824320
04:12:52,root.batch0,3,-1024
04:12:53,root.default,0,0
04:12:53,root.batch6,0,0
04:12:53,root.batch7,0,0
04:12:53,root.batch1,0,0
04:12:53,root.batch4,0,0
04:12:53,root.batch5,0,0
04:12:53,root.batch2,0,0
04:12:53,root.batch3,0,0
04:12:53,root.bursty2,134,813056
04:12:53,root.bursty0,135,824320
04:12:53,root.bursty1,135,824320
04:12:53,root.batch0,3,-1024
04:12:54,root.default,0,0
04:12:54,root.batch6,0,0
04:12:54,root.batch7,0,0
04:12:54,root.batch1,0,0
04:12:54,root.batch4,0,0
04:12:54,root.batch5,0,0
04:12:54,root.batch2,0,0
04:12:54,root.batch3,0,0
04:12:54,root.bursty2,134,813056
04:12:54,root.bursty0,135,824320
04:12:54,root.bursty1,135,824320
04:12:54,root.batch0,3,-1024
04:12:55,root.default,0,0
04:12:55,root.batch6,0,0
04:12:55,root.batch7,0,0
04:12:55,root.batch1,0,0
04:12:55,root.batch4,0,0
04:12:55,root.batch5,0,0
04:12:55,root.batch2,0,0
04:12:55,root.batch3,0,0
04:12:55,root.bursty2,134,813056
04:12:55,root.bursty0,135,824320
04:12:55,root.bursty1,135,824320
04:12:55,root.batch0,3,-1024
04:12:56,root.default,0,0
04:12:56,root.batch6,0,0
04:12:56,root.batch7,0,0
04:12:56,root.batch1,0,0
04:12:56,root.batch4,0,0
04:12:56,root.batch5,0,0
04:12:56,root.batch2,0,0
04:12:56,root.batch3,0,0
04:12:56,root.bursty2,134,813056
04:12:56,root.bursty0,135,824320
04:12:56,root.bursty1,135,824320
04:12:56,root.batch0,3,-1024
04:12:57,root.default,0,0
04:12:57,root.batch6,0,0
04:12:57,root.batch7,0,0
04:12:57,root.batch1,0,0
04:12:57,root.batch4,0,0
04:12:57,root.batch5,0,0
04:12:57,root.batch2,0,0
04:12:57,root.batch3,0,0
04:12:57,root.bursty2,134,813056
04:12:57,root.bursty0,135,824320
04:12:57,root.bursty1,135,824320
04:12:57,root.batch0,3,-1024
04:12:58,root.default,0,0
04:12:58,root.batch6,0,0
04:12:58,root.batch7,0,0
04:12:58,root.batch1,0,0
04:12:58,root.batch4,0,0
04:12:58,root.batch5,0,0
04:12:58,root.batch2,0,0
04:12:58,root.batch3,0,0
04:12:58,root.bursty2,134,813056
04:12:58,root.bursty0,135,824320
04:12:58,root.bursty1,135,824320
04:12:58,root.batch0,3,-1024
04:13:00,root.default,0,0
04:13:00,root.batch6,0,0
04:13:00,root.batch7,0,0
04:13:00,root.batch1,0,0
04:13:00,root.batch4,0,0
04:13:00,root.batch5,0,0
04:13:00,root.batch2,0,0
04:13:00,root.batch3,0,0
04:13:00,root.bursty2,134,813056
04:13:00,root.bursty0,135,824320
04:13:00,root.bursty1,135,824320
04:13:00,root.batch0,3,-1024
04:13:01,root.default,0,0
04:13:01,root.batch6,0,0
04:13:01,root.batch7,0,0
04:13:01,root.batch1,0,0
04:13:01,root.batch4,0,0
04:13:01,root.batch5,0,0
04:13:01,root.batch2,0,0
04:13:01,root.batch3,0,0
04:13:01,root.bursty2,133,806912
04:13:01,root.bursty0,135,824320
04:13:01,root.bursty1,135,824320
04:13:01,root.batch0,3,-1024
04:13:02,root.default,0,0
04:13:02,root.batch6,0,0
04:13:02,root.batch7,0,0
04:13:02,root.batch1,0,0
04:13:02,root.batch4,0,0
04:13:02,root.batch5,0,0
04:13:02,root.batch2,0,0
04:13:02,root.batch3,0,0
04:13:02,root.bursty2,132,800768
04:13:02,root.bursty0,130,793600
04:13:02,root.bursty1,136,830464
04:13:02,root.batch0,3,-1024
04:13:03,root.default,0,0
04:13:03,root.batch6,0,0
04:13:03,root.batch7,0,0
04:13:03,root.batch1,0,0
04:13:03,root.batch4,0,0
04:13:03,root.batch5,0,0
04:13:03,root.batch2,0,0
04:13:03,root.batch3,0,0
04:13:03,root.bursty0,125,762880
04:13:03,root.bursty2,132,800768
04:13:03,root.bursty1,139,848896
04:13:03,root.batch0,3,-1024
04:13:04,root.default,0,0
04:13:04,root.batch6,0,0
04:13:04,root.batch7,0,0
04:13:04,root.batch1,0,0
04:13:04,root.batch4,0,0
04:13:04,root.batch5,0,0
04:13:04,root.batch2,0,0
04:13:04,root.batch3,0,0
04:13:04,root.bursty0,125,762880
04:13:04,root.bursty2,129,782336
04:13:04,root.bursty1,143,873472
04:13:04,root.batch0,3,-1024
04:13:05,root.default,0,0
04:13:05,root.batch6,0,0
04:13:05,root.batch7,0,0
04:13:05,root.batch1,0,0
04:13:05,root.batch4,0,0
04:13:05,root.batch5,0,0
04:13:05,root.batch2,0,0
04:13:05,root.batch3,0,0
04:13:05,root.bursty0,125,762880
04:13:05,root.bursty2,130,788480
04:13:05,root.bursty1,143,873472
04:13:05,root.batch0,3,-1024
04:13:06,root.default,0,0
04:13:06,root.batch6,0,0
04:13:06,root.batch7,0,0
04:13:06,root.batch1,0,0
04:13:06,root.batch4,0,0
04:13:06,root.batch5,0,0
04:13:06,root.batch2,0,0
04:13:06,root.batch3,0,0
04:13:06,root.bursty0,119,726016
04:13:06,root.bursty2,129,782336
04:13:06,root.bursty1,143,873472
04:13:06,root.batch0,3,-1024
04:13:07,root.default,0,0
04:13:07,root.batch6,0,0
04:13:07,root.batch7,0,0
04:13:07,root.batch1,0,0
04:13:07,root.batch4,0,0
04:13:07,root.batch5,0,0
04:13:07,root.batch2,0,0
04:13:07,root.batch3,0,0
04:13:07,root.bursty0,120,732160
04:13:07,root.bursty2,128,776192
04:13:07,root.bursty1,143,873472
04:13:07,root.batch0,3,-1024
04:13:08,root.default,0,0
04:13:08,root.batch6,0,0
04:13:08,root.batch7,0,0
04:13:08,root.batch1,0,0
04:13:08,root.batch4,0,0
04:13:08,root.batch5,0,0
04:13:08,root.batch2,0,0
04:13:08,root.batch3,0,0
04:13:08,root.bursty0,117,713728
04:13:08,root.bursty2,134,813056
04:13:08,root.bursty1,142,867328
04:13:08,root.batch0,3,-1024
04:13:09,root.default,0,0
04:13:09,root.batch6,0,0
04:13:09,root.batch7,0,0
04:13:09,root.batch1,0,0
04:13:09,root.batch4,0,0
04:13:09,root.batch5,0,0
04:13:09,root.batch2,0,0
04:13:09,root.batch3,0,0
04:13:09,root.bursty0,122,744448
04:13:09,root.bursty2,134,813056
04:13:09,root.bursty1,135,824320
04:13:09,root.batch0,3,-1024
04:13:10,root.default,0,0
04:13:10,root.batch6,0,0
04:13:10,root.batch7,0,0
04:13:10,root.batch1,0,0
04:13:10,root.batch4,0,0
04:13:10,root.batch5,0,0
04:13:10,root.batch2,0,0
04:13:10,root.batch3,0,0
04:13:10,root.bursty1,120,732160
04:13:10,root.bursty0,134,818176
04:13:10,root.bursty2,135,819200
04:13:10,root.batch0,3,-1024
04:13:11,root.default,0,0
04:13:11,root.batch6,0,0
04:13:11,root.batch7,0,0
04:13:11,root.batch1,0,0
04:13:11,root.batch4,0,0
04:13:11,root.batch5,0,0
04:13:11,root.batch2,0,0
04:13:11,root.batch3,0,0
04:13:11,root.bursty1,106,646144
04:13:11,root.bursty0,136,830464
04:13:11,root.bursty2,138,837632
04:13:11,root.batch0,3,-1024
04:13:12,root.default,0,0
04:13:12,root.batch6,0,0
04:13:12,root.batch7,0,0
04:13:12,root.batch1,0,0
04:13:12,root.batch4,0,0
04:13:12,root.batch5,0,0
04:13:12,root.batch2,0,0
04:13:12,root.batch3,0,0
04:13:12,root.bursty1,119,726016
04:13:12,root.bursty2,128,776192
04:13:12,root.bursty0,136,830464
04:13:12,root.batch0,3,-1024
04:13:13,root.default,0,0
04:13:13,root.batch6,0,0
04:13:13,root.batch7,0,0
04:13:13,root.batch1,0,0
04:13:13,root.batch4,0,0
04:13:13,root.batch5,0,0
04:13:13,root.batch2,0,0
04:13:13,root.batch3,0,0
04:13:13,root.bursty2,126,763904
04:13:13,root.bursty1,125,762880
04:13:13,root.bursty0,136,830464
04:13:13,root.batch0,3,-1024
04:13:14,root.default,0,0
04:13:14,root.batch6,0,0
04:13:14,root.batch7,0,0
04:13:14,root.batch1,0,0
04:13:14,root.batch4,0,0
04:13:14,root.batch5,0,0
04:13:14,root.batch2,0,0
04:13:14,root.batch3,0,0
04:13:14,root.bursty1,149,689152
04:13:14,root.bursty2,125,757760
04:13:14,root.bursty0,135,824320
04:13:14,root.batch0,3,-1024
04:13:15,root.default,0,0
04:13:15,root.batch6,0,0
04:13:15,root.batch7,0,0
04:13:15,root.batch1,0,0
04:13:15,root.batch4,0,0
04:13:15,root.batch5,0,0
04:13:15,root.batch2,0,0
04:13:15,root.batch3,0,0
04:13:15,root.bursty2,124,751616
04:13:15,root.bursty1,200,748544
04:13:15,root.bursty0,134,818176
04:13:15,root.batch0,3,-1024
04:13:16,root.default,0,0
04:13:16,root.batch6,0,0
04:13:16,root.batch7,0,0
04:13:16,root.batch1,0,0
04:13:16,root.batch4,0,0
04:13:16,root.batch5,0,0
04:13:16,root.batch2,0,0
04:13:16,root.batch3,0,0
04:13:16,root.bursty2,128,776192
04:13:16,root.bursty1,221,779264
04:13:16,root.bursty0,134,818176
04:13:16,root.batch0,3,-1024
04:13:17,root.default,0,0
04:13:17,root.batch6,0,0
04:13:17,root.batch7,0,0
04:13:17,root.batch1,0,0
04:13:17,root.batch4,0,0
04:13:17,root.batch5,0,0
04:13:17,root.batch2,0,0
04:13:17,root.batch3,0,0
04:13:17,root.bursty0,134,818176
04:13:17,root.bursty1,242,818176
04:13:17,root.bursty2,135,819200
04:13:17,root.batch0,3,-1024
04:13:18,root.default,0,0
04:13:18,root.batch6,0,0
04:13:18,root.batch7,0,0
04:13:18,root.batch1,0,0
04:13:18,root.batch4,0,0
04:13:18,root.batch5,0,0
04:13:18,root.batch2,0,0
04:13:18,root.batch3,0,0
04:13:18,root.bursty2,137,831488
04:13:18,root.bursty1,251,832512
04:13:18,root.bursty0,137,836608
04:13:18,root.batch0,3,-1024
04:13:19,root.default,0,0
04:13:19,root.batch6,0,0
04:13:19,root.batch7,0,0
04:13:19,root.batch1,0,0
04:13:19,root.batch4,0,0
04:13:19,root.batch5,0,0
04:13:19,root.batch2,0,0
04:13:19,root.batch3,0,0
04:13:19,root.bursty1,245,820224
04:13:19,root.bursty2,140,849920
04:13:19,root.bursty0,138,842752
04:13:19,root.batch0,3,-1024
04:13:20,root.default,0,0
04:13:20,root.batch6,0,0
04:13:20,root.batch7,0,0
04:13:20,root.batch1,0,0
04:13:20,root.batch4,0,0
04:13:20,root.batch5,0,0
04:13:20,root.batch2,0,0
04:13:20,root.batch3,0,0
04:13:20,root.bursty1,237,803840
04:13:20,root.bursty0,140,855040
04:13:20,root.bursty2,142,862208
04:13:20,root.batch0,3,-1024
04:13:21,root.default,0,0
04:13:21,root.batch6,0,0
04:13:21,root.batch7,0,0
04:13:21,root.batch1,0,0
04:13:21,root.batch4,0,0
04:13:21,root.batch5,0,0
04:13:21,root.batch2,0,0
04:13:21,root.batch3,0,0
04:13:21,root.bursty1,228,784384
04:13:21,root.bursty2,141,856064
04:13:21,root.bursty0,141,861184
04:13:21,root.batch0,3,-1024
04:13:22,root.default,0,0
04:13:22,root.batch6,0,0
04:13:22,root.batch7,0,0
04:13:22,root.batch1,0,0
04:13:22,root.batch4,0,0
04:13:22,root.batch5,0,0
04:13:22,root.batch2,0,0
04:13:22,root.batch3,0,0
04:13:22,root.bursty1,192,710656
04:13:22,root.bursty0,144,879616
04:13:22,root.bursty2,145,880640
04:13:22,root.batch0,3,-1024
04:13:23,root.default,0,0
04:13:23,root.batch6,0,0
04:13:23,root.batch7,0,0
04:13:23,root.batch1,0,0
04:13:23,root.batch4,0,0
04:13:23,root.batch5,0,0
04:13:23,root.batch2,0,0
04:13:23,root.batch3,0,0
04:13:23,root.bursty1,142,608256
04:13:23,root.bursty0,152,928768
04:13:23,root.bursty2,155,942080
04:13:23,root.batch0,3,-1024
04:13:24,root.default,0,0
04:13:24,root.batch6,0,0
04:13:24,root.batch7,0,0
04:13:24,root.batch1,0,0
04:13:24,root.batch4,0,0
04:13:24,root.batch5,0,0
04:13:24,root.batch2,0,0
04:13:24,root.batch3,0,0
04:13:24,root.bursty1,114,550912
04:13:24,root.bursty2,157,954368
04:13:24,root.bursty0,157,959488
04:13:24,root.batch0,3,-1024
04:13:25,root.default,0,0
04:13:25,root.batch6,0,0
04:13:25,root.batch7,0,0
04:13:25,root.batch1,0,0
04:13:25,root.batch4,0,0
04:13:25,root.batch5,0,0
04:13:25,root.batch2,0,0
04:13:25,root.batch3,0,0
04:13:25,root.bursty1,100,522240
04:13:25,root.bursty2,160,972800
04:13:25,root.bursty0,159,971776
04:13:25,root.batch0,3,-1024
04:13:26,root.default,0,0
04:13:26,root.batch6,0,0
04:13:26,root.batch7,0,0
04:13:26,root.batch1,0,0
04:13:26,root.batch4,0,0
04:13:26,root.batch5,0,0
04:13:26,root.batch2,0,0
04:13:26,root.batch3,0,0
04:13:26,root.bursty1,88,497664
04:13:26,root.bursty0,159,971776
04:13:26,root.bursty2,161,978944
04:13:26,root.batch0,3,-1024
04:13:27,root.default,0,0
04:13:27,root.batch6,0,0
04:13:27,root.batch7,0,0
04:13:27,root.batch1,0,0
04:13:27,root.batch4,0,0
04:13:27,root.batch5,0,0
04:13:27,root.batch2,0,0
04:13:27,root.batch3,0,0
04:13:27,root.bursty1,84,489472
04:13:27,root.bursty0,160,977920
04:13:27,root.bursty2,163,991232
04:13:27,root.batch0,3,-1024
04:13:28,root.default,0,0
04:13:28,root.batch6,0,0
04:13:28,root.batch7,0,0
04:13:28,root.batch1,0,0
04:13:28,root.batch4,0,0
04:13:28,root.batch5,0,0
04:13:28,root.batch2,0,0
04:13:28,root.batch3,0,0
04:13:28,root.bursty1,80,481280
04:13:28,root.bursty0,162,990208
04:13:28,root.bursty2,163,991232
04:13:28,root.batch0,3,-1024
04:13:29,root.default,0,0
04:13:29,root.batch6,0,0
04:13:29,root.batch7,0,0
04:13:29,root.batch1,0,0
04:13:29,root.batch4,0,0
04:13:29,root.batch5,0,0
04:13:29,root.batch2,0,0
04:13:29,root.batch3,0,0
04:13:29,root.bursty1,80,481280
04:13:29,root.bursty0,162,990208
04:13:29,root.bursty2,163,991232
04:13:29,root.batch0,3,-1024
04:13:30,root.default,0,0
04:13:30,root.batch6,0,0
04:13:30,root.batch7,0,0
04:13:30,root.batch1,0,0
04:13:30,root.batch4,0,0
04:13:30,root.batch5,0,0
04:13:30,root.batch2,0,0
04:13:30,root.batch3,0,0
04:13:30,root.bursty1,80,481280
04:13:30,root.bursty0,162,990208
04:13:30,root.bursty2,163,991232
04:13:30,root.batch0,3,-1024
04:13:31,root.default,0,0
04:13:31,root.batch6,0,0
04:13:31,root.batch7,0,0
04:13:31,root.batch1,0,0
04:13:31,root.batch4,0,0
04:13:31,root.batch5,0,0
04:13:31,root.batch2,0,0
04:13:31,root.batch3,0,0
04:13:31,root.bursty1,79,475136
04:13:31,root.bursty2,162,985088
04:13:31,root.bursty0,163,996352
04:13:31,root.batch0,3,-1024
04:13:32,root.default,0,0
04:13:32,root.batch6,0,0
04:13:32,root.batch7,0,0
04:13:32,root.batch1,0,0
04:13:32,root.batch4,0,0
04:13:32,root.batch5,0,0
04:13:32,root.batch2,0,0
04:13:32,root.batch3,0,0
04:13:32,root.bursty1,76,456704
04:13:32,root.bursty2,161,978944
04:13:32,root.bursty0,166,1014784
04:13:32,root.batch0,3,-1024
04:13:33,root.default,0,0
04:13:33,root.batch6,0,0
04:13:33,root.batch7,0,0
04:13:33,root.batch1,0,0
04:13:33,root.batch4,0,0
04:13:33,root.batch5,0,0
04:13:33,root.batch2,0,0
04:13:33,root.batch3,0,0
04:13:33,root.bursty1,74,444416
04:13:33,root.bursty2,162,985088
04:13:33,root.bursty0,165,1008640
04:13:33,root.batch0,3,-1024
04:13:34,root.default,0,0
04:13:34,root.batch6,0,0
04:13:34,root.batch7,0,0
04:13:34,root.batch1,0,0
04:13:34,root.batch4,0,0
04:13:34,root.batch5,0,0
04:13:34,root.batch2,0,0
04:13:34,root.batch3,0,0
04:13:34,root.bursty1,72,432128
04:13:34,root.bursty0,157,959488
04:13:34,root.bursty2,166,1009664
04:13:34,root.batch0,3,-1024
04:13:35,root.default,0,0
04:13:35,root.batch6,0,0
04:13:35,root.batch7,0,0
04:13:35,root.batch1,0,0
04:13:35,root.batch4,0,0
04:13:35,root.batch5,0,0
04:13:35,root.batch2,0,0
04:13:35,root.batch3,0,0
04:13:35,root.bursty1,72,432128
04:13:35,root.bursty0,151,922624
04:13:35,root.bursty2,171,1040384
04:13:35,root.batch0,3,-1024
04:13:36,root.default,0,0
04:13:36,root.batch6,0,0
04:13:36,root.batch7,0,0
04:13:36,root.batch1,0,0
04:13:36,root.batch4,0,0
04:13:36,root.batch5,0,0
04:13:36,root.batch2,0,0
04:13:36,root.batch3,0,0
04:13:36,root.bursty1,72,432128
04:13:36,root.bursty0,150,916480
04:13:36,root.bursty2,171,1040384
04:13:36,root.batch0,3,-1024
04:13:37,root.default,0,0
04:13:37,root.batch6,0,0
04:13:37,root.batch7,0,0
04:13:37,root.batch1,0,0
04:13:37,root.batch4,0,0
04:13:37,root.batch5,0,0
04:13:37,root.batch2,0,0
04:13:37,root.batch3,0,0
04:13:37,root.bursty1,72,432128
04:13:37,root.bursty0,157,959488
04:13:37,root.bursty2,164,997376
04:13:37,root.batch0,3,-1024
04:13:38,root.default,0,0
04:13:38,root.batch6,0,0
04:13:38,root.batch7,0,0
04:13:38,root.batch1,0,0
04:13:38,root.batch4,0,0
04:13:38,root.batch5,0,0
04:13:38,root.batch2,0,0
04:13:38,root.batch3,0,0
04:13:38,root.bursty1,72,432128
04:13:38,root.bursty0,156,953344
04:13:38,root.bursty2,162,985088
04:13:38,root.batch0,3,-1024
04:13:39,root.default,0,0
04:13:39,root.batch6,0,0
04:13:39,root.batch7,0,0
04:13:39,root.batch1,0,0
04:13:39,root.batch4,0,0
04:13:39,root.batch5,0,0
04:13:39,root.batch2,0,0
04:13:39,root.batch3,0,0
04:13:39,root.bursty1,72,432128
04:13:39,root.bursty0,157,959488
04:13:39,root.bursty2,168,1021952
04:13:39,root.batch0,3,-1024
04:13:40,root.default,0,0
04:13:40,root.batch6,0,0
04:13:40,root.batch7,0,0
04:13:40,root.batch1,0,0
04:13:40,root.batch4,0,0
04:13:40,root.batch5,0,0
04:13:40,root.batch2,0,0
04:13:40,root.batch3,0,0
04:13:40,root.bursty1,75,450560
04:13:40,root.bursty0,140,855040
04:13:40,root.bursty2,175,1064960
04:13:40,root.batch0,3,-1024
04:13:41,root.default,0,0
04:13:41,root.batch6,0,0
04:13:41,root.batch7,0,0
04:13:41,root.batch1,0,0
04:13:41,root.batch4,0,0
04:13:41,root.batch5,0,0
04:13:41,root.batch2,0,0
04:13:41,root.batch3,0,0
04:13:41,root.bursty1,77,462848
04:13:41,root.bursty0,138,842752
04:13:41,root.bursty2,172,1046528
04:13:41,root.batch0,3,-1024
04:13:42,root.default,0,0
04:13:42,root.batch6,0,0
04:13:42,root.batch7,0,0
04:13:42,root.batch1,0,0
04:13:42,root.batch4,0,0
04:13:42,root.batch5,0,0
04:13:42,root.batch2,0,0
04:13:42,root.batch3,0,0
04:13:42,root.bursty1,86,518144
04:13:42,root.bursty0,136,830464
04:13:42,root.bursty2,172,1046528
04:13:42,root.batch0,3,-1024
04:13:43,root.default,0,0
04:13:43,root.batch6,0,0
04:13:43,root.batch7,0,0
04:13:43,root.batch1,0,0
04:13:43,root.batch4,0,0
04:13:43,root.batch5,0,0
04:13:43,root.batch2,0,0
04:13:43,root.batch3,0,0
04:13:43,root.bursty1,90,542720
04:13:43,root.bursty0,136,830464
04:13:43,root.bursty2,171,1040384
04:13:43,root.batch0,3,-1024
04:13:44,root.default,0,0
04:13:44,root.batch6,0,0
04:13:44,root.batch7,0,0
04:13:44,root.batch1,0,0
04:13:44,root.batch4,0,0
04:13:44,root.batch5,0,0
04:13:44,root.batch2,0,0
04:13:44,root.batch3,0,0
04:13:44,root.bursty1,107,647168
04:13:44,root.bursty0,136,830464
04:13:44,root.bursty2,155,942080
04:13:44,root.batch0,3,-1024
04:13:45,root.default,0,0
04:13:45,root.batch6,0,0
04:13:45,root.batch7,0,0
04:13:45,root.batch1,0,0
04:13:45,root.batch4,0,0
04:13:45,root.batch5,0,0
04:13:45,root.batch2,0,0
04:13:45,root.batch3,0,0
04:13:45,root.bursty1,127,770048
04:13:45,root.bursty0,136,830464
04:13:45,root.bursty2,139,843776
04:13:45,root.batch0,3,-1024
04:13:46,root.default,0,0
04:13:46,root.batch6,0,0
04:13:46,root.batch7,0,0
04:13:46,root.batch1,0,0
04:13:46,root.batch4,0,0
04:13:46,root.batch5,0,0
04:13:46,root.batch2,0,0
04:13:46,root.batch3,0,0
04:13:46,root.bursty2,142,804864
04:13:46,root.bursty1,138,837632
04:13:46,root.bursty0,136,830464
04:13:46,root.batch0,3,-1024
04:13:47,root.default,0,0
04:13:47,root.batch6,0,0
04:13:47,root.batch7,0,0
04:13:47,root.batch1,0,0
04:13:47,root.batch4,0,0
04:13:47,root.batch5,0,0
04:13:47,root.batch2,0,0
04:13:47,root.batch3,0,0
04:13:47,root.bursty2,167,778240
04:13:47,root.bursty0,136,830464
04:13:47,root.bursty1,146,886784
04:13:47,root.batch0,3,-1024
04:13:48,root.default,0,0
04:13:48,root.batch6,0,0
04:13:48,root.batch7,0,0
04:13:48,root.batch1,0,0
04:13:48,root.batch4,0,0
04:13:48,root.batch5,0,0
04:13:48,root.batch2,0,0
04:13:48,root.batch3,0,0
04:13:48,root.bursty2,194,788480
04:13:48,root.bursty0,135,824320
04:13:48,root.bursty1,146,886784
04:13:48,root.batch0,3,-1024
04:13:49,root.default,0,0
04:13:49,root.batch6,0,0
04:13:49,root.batch7,0,0
04:13:49,root.batch1,0,0
04:13:49,root.batch4,0,0
04:13:49,root.batch5,0,0
04:13:49,root.batch2,0,0
04:13:49,root.batch3,0,0
04:13:49,root.bursty2,209,790528
04:13:49,root.bursty0,135,824320
04:13:49,root.bursty1,148,899072
04:13:49,root.batch0,3,-1024
04:13:50,root.default,0,0
04:13:50,root.batch6,0,0
04:13:50,root.batch7,0,0
04:13:50,root.batch1,0,0
04:13:50,root.batch4,0,0
04:13:50,root.batch5,0,0
04:13:50,root.batch2,0,0
04:13:50,root.batch3,0,0
04:13:50,root.bursty0,133,812032
04:13:50,root.bursty2,227,811008
04:13:50,root.bursty1,149,905216
04:13:50,root.batch0,3,-1024
04:13:51,root.default,0,0
04:13:51,root.batch6,0,0
04:13:51,root.batch7,0,0
04:13:51,root.batch1,0,0
04:13:51,root.batch4,0,0
04:13:51,root.batch5,0,0
04:13:51,root.batch2,0,0
04:13:51,root.batch3,0,0
04:13:51,root.bursty0,132,805888
04:13:51,root.bursty2,237,815104
04:13:51,root.bursty1,148,904192
04:13:51,root.batch0,3,-1024
04:13:52,root.default,0,0
04:13:52,root.batch6,0,0
04:13:52,root.batch7,0,0
04:13:52,root.batch1,0,0
04:13:52,root.batch4,0,0
04:13:52,root.batch5,0,0
04:13:52,root.batch2,0,0
04:13:52,root.batch3,0,0
04:13:52,root.bursty2,241,790528
04:13:52,root.bursty0,131,799744
04:13:52,root.bursty1,151,922624
04:13:52,root.batch0,3,-1024
04:13:53,root.default,0,0
04:13:53,root.batch6,0,0
04:13:53,root.batch7,0,0
04:13:53,root.batch1,0,0
04:13:53,root.batch4,0,0
04:13:53,root.batch5,0,0
04:13:53,root.batch2,0,0
04:13:53,root.batch3,0,0
04:13:53,root.bursty2,245,790528
04:13:53,root.bursty0,130,793600
04:13:53,root.bursty1,152,928768
04:13:53,root.batch0,3,-1024
04:13:54,root.default,0,0
04:13:54,root.batch6,0,0
04:13:54,root.batch7,0,0
04:13:54,root.batch1,0,0
04:13:54,root.batch4,0,0
04:13:54,root.batch5,0,0
04:13:54,root.batch2,0,0
04:13:54,root.batch3,0,0
04:13:54,root.bursty2,219,770048
04:13:54,root.bursty0,133,812032
04:13:54,root.bursty1,152,928768
04:13:54,root.batch0,3,-1024
04:13:55,root.default,0,0
04:13:55,root.batch6,0,0
04:13:55,root.batch7,0,0
04:13:55,root.batch1,0,0
04:13:55,root.batch4,0,0
04:13:55,root.batch5,0,0
04:13:55,root.batch2,0,0
04:13:55,root.batch3,0,0
04:13:55,root.bursty2,186,731136
04:13:55,root.bursty0,136,830464
04:13:55,root.bursty1,152,928768
04:13:55,root.batch0,3,-1024
04:13:56,root.default,0,0
04:13:56,root.batch6,0,0
04:13:56,root.batch7,0,0
04:13:56,root.batch1,0,0
04:13:56,root.batch4,0,0
04:13:56,root.batch5,0,0
04:13:56,root.batch2,0,0
04:13:56,root.batch3,0,0
04:13:56,root.bursty2,169,733184
04:13:56,root.bursty0,135,824320
04:13:56,root.bursty1,152,928768
04:13:56,root.batch0,3,-1024
04:13:58,root.default,0,0
04:13:58,root.batch6,0,0
04:13:58,root.batch7,0,0
04:13:58,root.batch1,0,0
04:13:58,root.batch4,0,0
04:13:58,root.batch5,0,0
04:13:58,root.batch2,0,0
04:13:58,root.batch3,0,0
04:13:58,root.bursty2,151,737280
04:13:58,root.bursty0,135,824320
04:13:58,root.bursty1,152,928768
04:13:58,root.batch0,3,-1024
04:13:59,root.default,0,0
04:13:59,root.batch6,0,0
04:13:59,root.batch7,0,0
04:13:59,root.batch1,0,0
04:13:59,root.batch4,0,0
04:13:59,root.batch5,0,0
04:13:59,root.batch2,0,0
04:13:59,root.batch3,0,0
04:13:59,root.bursty2,137,733184
04:13:59,root.bursty0,134,818176
04:13:59,root.bursty1,152,928768
04:13:59,root.batch0,3,-1024
04:14:00,root.default,0,0
04:14:00,root.batch6,0,0
04:14:00,root.batch7,0,0
04:14:00,root.batch1,0,0
04:14:00,root.batch4,0,0
04:14:00,root.batch5,0,0
04:14:00,root.batch2,0,0
04:14:00,root.batch3,0,0
04:14:00,root.bursty2,130,714752
04:14:00,root.bursty0,134,818176
04:14:00,root.bursty1,153,934912
04:14:00,root.batch0,3,-1024
04:14:01,root.default,0,0
04:14:01,root.batch6,0,0
04:14:01,root.batch7,0,0
04:14:01,root.batch1,0,0
04:14:01,root.batch4,0,0
04:14:01,root.batch5,0,0
04:14:01,root.batch2,0,0
04:14:01,root.batch3,0,0
04:14:01,root.bursty2,124,718848
04:14:01,root.bursty0,133,812032
04:14:01,root.bursty1,153,934912
04:14:01,root.batch0,3,-1024
04:14:02,root.default,0,0
04:14:02,root.batch6,0,0
04:14:02,root.batch7,0,0
04:14:02,root.batch1,0,0
04:14:02,root.batch4,0,0
04:14:02,root.batch5,0,0
04:14:02,root.batch2,0,0
04:14:02,root.batch3,0,0
04:14:02,root.bursty2,118,706560
04:14:02,root.bursty0,132,805888
04:14:02,root.bursty1,156,953344
04:14:02,root.batch0,3,-1024
04:14:03,root.default,0,0
04:14:03,root.batch6,0,0
04:14:03,root.batch7,0,0
04:14:03,root.batch1,0,0
04:14:03,root.batch4,0,0
04:14:03,root.batch5,0,0
04:14:03,root.batch2,0,0
04:14:03,root.batch3,0,0
04:14:03,root.bursty2,121,733184
04:14:03,root.bursty0,127,775168
04:14:03,root.bursty1,156,953344
04:14:03,root.batch0,3,-1024
04:14:04,root.default,0,0
04:14:04,root.batch6,0,0
04:14:04,root.batch7,0,0
04:14:04,root.batch1,0,0
04:14:04,root.batch4,0,0
04:14:04,root.batch5,0,0
04:14:04,root.batch2,0,0
04:14:04,root.batch3,0,0
04:14:04,root.bursty0,123,750592
04:14:04,root.bursty2,124,751616
04:14:04,root.bursty1,156,953344
04:14:04,root.batch0,3,-1024
04:14:05,root.default,0,0
04:14:05,root.batch6,0,0
04:14:05,root.batch7,0,0
04:14:05,root.batch1,0,0
04:14:05,root.batch4,0,0
04:14:05,root.batch5,0,0
04:14:05,root.batch2,0,0
04:14:05,root.batch3,0,0
04:14:05,root.bursty2,123,745472
04:14:05,root.bursty0,125,762880
04:14:05,root.bursty1,156,953344
04:14:05,root.batch0,3,-1024
04:14:06,root.default,0,0
04:14:06,root.batch6,0,0
04:14:06,root.batch7,0,0
04:14:06,root.batch1,0,0
04:14:06,root.batch4,0,0
04:14:06,root.batch5,0,0
04:14:06,root.batch2,0,0
04:14:06,root.batch3,0,0
04:14:06,root.bursty0,112,683008
04:14:06,root.bursty2,134,813056
04:14:06,root.bursty1,156,953344
04:14:06,root.batch0,3,-1024
04:14:07,root.default,0,0
04:14:07,root.batch6,0,0
04:14:07,root.batch7,0,0
04:14:07,root.batch1,0,0
04:14:07,root.batch4,0,0
04:14:07,root.batch5,0,0
04:14:07,root.batch2,0,0
04:14:07,root.batch3,0,0
04:14:07,root.bursty0,104,633856
04:14:07,root.bursty2,141,856064
04:14:07,root.bursty1,156,953344
04:14:07,root.batch0,3,-1024
04:14:08,root.default,0,0
04:14:08,root.batch6,0,0
04:14:08,root.batch7,0,0
04:14:08,root.batch1,0,0
04:14:08,root.batch4,0,0
04:14:08,root.batch5,0,0
04:14:08,root.batch2,0,0
04:14:08,root.batch3,0,0
04:14:08,root.bursty0,99,603136
04:14:08,root.bursty2,146,886784
04:14:08,root.bursty1,156,953344
04:14:08,root.batch0,3,-1024
04:14:09,root.default,0,0
04:14:09,root.batch6,0,0
04:14:09,root.batch7,0,0
04:14:09,root.batch1,0,0
04:14:09,root.batch4,0,0
04:14:09,root.batch5,0,0
04:14:09,root.batch2,0,0
04:14:09,root.batch3,0,0
04:14:09,root.bursty0,103,627712
04:14:09,root.bursty2,144,874496
04:14:09,root.bursty1,156,953344
04:14:09,root.batch0,3,-1024
04:14:10,root.default,0,0
04:14:10,root.batch6,0,0
04:14:10,root.batch7,0,0
04:14:10,root.batch1,0,0
04:14:10,root.batch4,0,0
04:14:10,root.batch5,0,0
04:14:10,root.batch2,0,0
04:14:10,root.batch3,0,0
04:14:10,root.bursty0,108,658432
04:14:10,root.bursty2,139,843776
04:14:10,root.bursty1,155,947200
04:14:10,root.batch0,3,-1024
04:14:11,root.default,0,0
04:14:11,root.batch6,0,0
04:14:11,root.batch7,0,0
04:14:11,root.batch1,0,0
04:14:11,root.batch4,0,0
04:14:11,root.batch5,0,0
04:14:11,root.batch2,0,0
04:14:11,root.batch3,0,0
04:14:11,root.bursty0,166,728064
04:14:11,root.bursty2,135,819200
04:14:11,root.bursty1,139,848896
04:14:11,root.batch0,3,-1024
04:14:12,root.default,0,0
04:14:12,root.batch6,0,0
04:14:12,root.batch7,0,0
04:14:12,root.batch1,0,0
04:14:12,root.batch4,0,0
04:14:12,root.batch5,0,0
04:14:12,root.batch2,0,0
04:14:12,root.batch3,0,0
04:14:12,root.bursty0,240,814080
04:14:12,root.bursty2,134,813056
04:14:12,root.bursty1,104,633856
04:14:12,root.batch0,3,-1024
04:14:13,root.default,0,0
04:14:13,root.batch6,0,0
04:14:13,root.batch7,0,0
04:14:13,root.batch1,0,0
04:14:13,root.batch4,0,0
04:14:13,root.batch5,0,0
04:14:13,root.batch2,0,0
04:14:13,root.batch3,0,0
04:14:13,root.bursty1,113,689152
04:14:13,root.bursty2,133,806912
04:14:13,root.bursty0,256,846848
04:14:13,root.batch0,3,-1024
04:14:14,root.default,0,0
04:14:14,root.batch6,0,0
04:14:14,root.batch7,0,0
04:14:14,root.batch1,0,0
04:14:14,root.batch4,0,0
04:14:14,root.batch5,0,0
04:14:14,root.batch2,0,0
04:14:14,root.batch3,0,0
04:14:14,root.bursty1,116,707584
04:14:14,root.bursty2,137,831488
04:14:14,root.bursty0,252,838656
04:14:14,root.batch0,3,-1024
04:14:15,root.default,0,0
04:14:15,root.batch6,0,0
04:14:15,root.batch7,0,0
04:14:15,root.batch1,0,0
04:14:15,root.batch4,0,0
04:14:15,root.batch5,0,0
04:14:15,root.batch2,0,0
04:14:15,root.batch3,0,0
04:14:15,root.bursty0,240,814080
04:14:15,root.bursty1,118,719872
04:14:15,root.bursty2,141,856064
04:14:15,root.batch0,3,-1024
04:14:16,root.default,0,0
04:14:16,root.batch6,0,0
04:14:16,root.batch7,0,0
04:14:16,root.batch1,0,0
04:14:16,root.batch4,0,0
04:14:16,root.batch5,0,0
04:14:16,root.batch2,0,0
04:14:16,root.batch3,0,0
04:14:16,root.bursty0,240,814080
04:14:16,root.bursty1,139,848896
04:14:16,root.bursty2,142,862208
04:14:16,root.batch0,3,-1024
04:14:17,root.default,0,0
04:14:17,root.batch6,0,0
04:14:17,root.batch7,0,0
04:14:17,root.batch1,0,0
04:14:17,root.batch4,0,0
04:14:17,root.batch5,0,0
04:14:17,root.batch2,0,0
04:14:17,root.batch3,0,0
04:14:17,root.bursty0,236,805888
04:14:17,root.bursty1,143,873472
04:14:17,root.bursty2,140,849920
04:14:17,root.batch0,3,-1024
04:14:18,root.default,0,0
04:14:18,root.batch6,0,0
04:14:18,root.batch7,0,0
04:14:18,root.batch1,0,0
04:14:18,root.batch4,0,0
04:14:18,root.batch5,0,0
04:14:18,root.batch2,0,0
04:14:18,root.batch3,0,0
04:14:18,root.bursty0,194,719872
04:14:18,root.bursty2,143,868352
04:14:18,root.bursty1,149,910336
04:14:18,root.batch0,3,-1024
04:14:19,root.default,0,0
04:14:19,root.batch6,0,0
04:14:19,root.batch7,0,0
04:14:19,root.batch1,0,0
04:14:19,root.batch4,0,0
04:14:19,root.batch5,0,0
04:14:19,root.batch2,0,0
04:14:19,root.batch3,0,0
04:14:19,root.bursty0,150,629760
04:14:19,root.bursty1,154,941056
04:14:19,root.bursty2,157,954368
04:14:19,root.batch0,3,-1024
04:14:20,root.default,0,0
04:14:20,root.batch6,0,0
04:14:20,root.batch7,0,0
04:14:20,root.batch1,0,0
04:14:20,root.batch4,0,0
04:14:20,root.batch5,0,0
04:14:20,root.batch2,0,0
04:14:20,root.batch3,0,0
04:14:20,root.bursty0,96,519168
04:14:20,root.bursty1,160,977920
04:14:20,root.bursty2,160,972800
04:14:20,root.batch0,3,-1024
04:14:21,root.default,0,0
04:14:21,root.batch6,0,0
04:14:21,root.batch7,0,0
04:14:21,root.batch1,0,0
04:14:21,root.batch4,0,0
04:14:21,root.batch5,0,0
04:14:21,root.batch2,0,0
04:14:21,root.batch3,0,0
04:14:21,root.bursty0,86,498688
04:14:21,root.bursty2,161,978944
04:14:21,root.bursty1,162,990208
04:14:21,root.batch0,3,-1024
04:14:22,root.default,0,0
04:14:22,root.batch6,0,0
04:14:22,root.batch7,0,0
04:14:22,root.batch1,0,0
04:14:22,root.batch4,0,0
04:14:22,root.batch5,0,0
04:14:22,root.batch2,0,0
04:14:22,root.batch3,0,0
04:14:22,root.bursty0,79,480256
04:14:22,root.bursty1,162,990208
04:14:22,root.bursty2,162,985088
04:14:22,root.batch0,3,-1024
04:14:23,root.default,0,0
04:14:23,root.batch6,0,0
04:14:23,root.batch7,0,0
04:14:23,root.batch1,0,0
04:14:23,root.batch4,0,0
04:14:23,root.batch5,0,0
04:14:23,root.batch2,0,0
04:14:23,root.batch3,0,0
04:14:23,root.bursty0,76,461824
04:14:23,root.bursty2,158,965632
04:14:23,root.bursty1,162,990208
04:14:23,root.batch0,3,-1024
04:14:24,root.default,0,0
04:14:24,root.batch6,0,0
04:14:24,root.batch7,0,0
04:14:24,root.batch1,0,0
04:14:24,root.batch4,0,0
04:14:24,root.batch5,0,0
04:14:24,root.batch2,0,0
04:14:24,root.batch3,0,0
04:14:24,root.bursty0,68,412672
04:14:24,root.bursty2,161,984064
04:14:24,root.bursty1,169,1033216
04:14:24,root.batch0,3,-1024
04:14:25,root.default,0,0
04:14:25,root.batch6,0,0
04:14:25,root.batch7,0,0
04:14:25,root.batch1,0,0
04:14:25,root.batch4,0,0
04:14:25,root.batch5,0,0
04:14:25,root.batch2,0,0
04:14:25,root.batch3,0,0
04:14:25,root.bursty0,61,369664
04:14:25,root.bursty2,163,996352
04:14:25,root.bursty1,173,1057792
04:14:25,root.batch0,3,-1024
04:14:26,root.default,0,0
04:14:26,root.batch6,0,0
04:14:26,root.batch7,0,0
04:14:26,root.batch1,0,0
04:14:26,root.batch4,0,0
04:14:26,root.batch5,0,0
04:14:26,root.batch2,0,0
04:14:26,root.batch3,0,0
04:14:26,root.bursty0,56,338944
04:14:26,root.bursty2,163,996352
04:14:26,root.bursty1,174,1063936
04:14:26,root.batch0,3,-1024
04:14:27,root.default,0,0
04:14:27,root.batch6,0,0
04:14:27,root.batch7,0,0
04:14:27,root.batch1,0,0
04:14:27,root.batch4,0,0
04:14:27,root.batch5,0,0
04:14:27,root.batch2,0,0
04:14:27,root.batch3,0,0
04:14:27,root.bursty0,55,332800
04:14:27,root.bursty2,165,1008640
04:14:27,root.bursty1,175,1070080
04:14:27,root.batch0,3,-1024
04:14:28,root.default,0,0
04:14:28,root.batch6,0,0
04:14:28,root.batch7,0,0
04:14:28,root.batch1,0,0
04:14:28,root.batch4,0,0
04:14:28,root.batch5,0,0
04:14:28,root.batch2,0,0
04:14:28,root.batch3,0,0
04:14:28,root.bursty0,55,332800
04:14:28,root.bursty2,170,1039360
04:14:28,root.bursty1,175,1070080
04:14:28,root.batch0,3,-1024
04:14:29,root.default,0,0
04:14:29,root.batch6,0,0
04:14:29,root.batch7,0,0
04:14:29,root.batch1,0,0
04:14:29,root.batch4,0,0
04:14:29,root.batch5,0,0
04:14:29,root.batch2,0,0
04:14:29,root.batch3,0,0
04:14:29,root.bursty0,55,332800
04:14:29,root.bursty2,172,1051648
04:14:29,root.bursty1,174,1063936
04:14:29,root.batch0,3,-1024
04:14:30,root.default,0,0
04:14:30,root.batch6,0,0
04:14:30,root.batch7,0,0
04:14:30,root.batch1,0,0
04:14:30,root.batch4,0,0
04:14:30,root.batch5,0,0
04:14:30,root.batch2,0,0
04:14:30,root.batch3,0,0
04:14:30,root.bursty0,55,332800
04:14:30,root.bursty2,169,1033216
04:14:30,root.bursty1,175,1070080
04:14:30,root.batch0,3,-1024
04:14:31,root.default,0,0
04:14:31,root.batch6,0,0
04:14:31,root.batch7,0,0
04:14:31,root.batch1,0,0
04:14:31,root.batch4,0,0
04:14:31,root.batch5,0,0
04:14:31,root.batch2,0,0
04:14:31,root.batch3,0,0
04:14:31,root.bursty0,56,333824
04:14:31,root.bursty2,169,1033216
04:14:31,root.bursty1,172,1051648
04:14:31,root.batch0,3,-1024
04:14:32,root.default,0,0
04:14:32,root.batch6,0,0
04:14:32,root.batch7,0,0
04:14:32,root.batch1,0,0
04:14:32,root.batch4,0,0
04:14:32,root.batch5,0,0
04:14:32,root.batch2,0,0
04:14:32,root.batch3,0,0
04:14:32,root.bursty0,56,333824
04:14:32,root.bursty2,159,971776
04:14:32,root.bursty1,176,1076224
04:14:32,root.batch0,3,-1024
04:14:33,root.default,0,0
04:14:33,root.batch6,0,0
04:14:33,root.batch7,0,0
04:14:33,root.batch1,0,0
04:14:33,root.batch4,0,0
04:14:33,root.batch5,0,0
04:14:33,root.batch2,0,0
04:14:33,root.batch3,0,0
04:14:33,root.bursty0,56,333824
04:14:33,root.bursty2,160,977920
04:14:33,root.bursty1,177,1082368
04:14:33,root.batch0,3,-1024
04:14:34,root.default,0,0
04:14:34,root.batch6,0,0
04:14:34,root.batch7,0,0
04:14:34,root.batch1,0,0
04:14:34,root.batch4,0,0
04:14:34,root.batch5,0,0
04:14:34,root.batch2,0,0
04:14:34,root.batch3,0,0
04:14:34,root.bursty0,53,315392
04:14:34,root.bursty2,161,984064
04:14:34,root.bursty1,177,1082368
04:14:34,root.batch0,3,-1024
04:14:35,root.default,0,0
04:14:35,root.batch6,0,0
04:14:35,root.batch7,0,0
04:14:35,root.batch1,0,0
04:14:35,root.batch4,0,0
04:14:35,root.batch5,0,0
04:14:35,root.batch2,0,0
04:14:35,root.batch3,0,0
04:14:35,root.bursty0,47,278528
04:14:35,root.bursty1,177,1082368
04:14:35,root.bursty2,161,984064
04:14:35,root.batch0,3,-1024
04:14:36,root.default,0,0
04:14:36,root.batch6,0,0
04:14:36,root.batch7,0,0
04:14:36,root.batch1,0,0
04:14:36,root.batch4,0,0
04:14:36,root.batch5,0,0
04:14:36,root.batch2,0,0
04:14:36,root.batch3,0,0
04:14:36,root.bursty0,31,180224
04:14:36,root.bursty2,171,1045504
04:14:36,root.bursty1,180,1100800
04:14:36,root.batch0,3,-1024
04:14:37,root.default,0,0
04:14:37,root.batch6,0,0
04:14:37,root.batch7,0,0
04:14:37,root.batch1,0,0
04:14:37,root.batch4,0,0
04:14:37,root.batch5,0,0
04:14:37,root.batch2,0,0
04:14:37,root.batch3,0,0
04:14:37,root.bursty0,16,88064
04:14:37,root.bursty1,181,1106944
04:14:37,root.bursty2,190,1162240
04:14:37,root.batch0,3,-1024
04:14:38,root.default,0,0
04:14:38,root.batch6,0,0
04:14:38,root.batch7,0,0
04:14:38,root.batch1,0,0
04:14:38,root.batch4,0,0
04:14:38,root.batch5,0,0
04:14:38,root.batch2,0,0
04:14:38,root.batch3,0,0
04:14:38,root.bursty0,5,20480
04:14:38,root.bursty1,190,1162240
04:14:38,root.bursty2,198,1211392
04:14:38,root.batch0,3,-1024
04:14:39,root.default,0,0
04:14:39,root.batch6,0,0
04:14:39,root.batch7,0,0
04:14:39,root.batch1,0,0
04:14:39,root.batch4,0,0
04:14:39,root.batch5,0,0
04:14:39,root.batch2,0,0
04:14:39,root.batch3,0,0
04:14:39,root.bursty0,2,2048
04:14:39,root.bursty1,199,1217536
04:14:39,root.bursty2,201,1229824
04:14:39,root.batch0,3,-1024
04:14:40,root.default,0,0
04:14:40,root.batch6,0,0
04:14:40,root.batch7,0,0
04:14:40,root.batch1,0,0
04:14:40,root.batch4,0,0
04:14:40,root.batch5,0,0
04:14:40,root.batch2,0,0
04:14:40,root.batch3,0,0
04:14:40,root.bursty0,2,2048
04:14:40,root.bursty1,200,1223680
04:14:40,root.bursty2,202,1235968
04:14:40,root.batch0,3,-1024
04:14:41,root.default,0,0
04:14:41,root.batch6,0,0
04:14:41,root.batch7,0,0
04:14:41,root.batch1,0,0
04:14:41,root.batch4,0,0
04:14:41,root.batch5,0,0
04:14:41,root.batch2,0,0
04:14:41,root.batch3,0,0
04:14:41,root.bursty0,2,2048
04:14:41,root.bursty1,200,1223680
04:14:41,root.bursty2,201,1229824
04:14:41,root.batch0,3,-1024
04:14:42,root.default,0,0
04:14:42,root.batch6,0,0
04:14:42,root.batch7,0,0
04:14:42,root.batch1,0,0
04:14:42,root.batch4,0,0
04:14:42,root.batch5,0,0
04:14:42,root.batch2,0,0
04:14:42,root.batch3,0,0
04:14:42,root.bursty0,2,2048
04:14:42,root.bursty1,193,1180672
04:14:42,root.bursty2,202,1235968
04:14:42,root.batch0,3,-1024
04:14:43,root.default,0,0
04:14:43,root.batch6,0,0
04:14:43,root.batch7,0,0
04:14:43,root.batch1,0,0
04:14:43,root.batch4,0,0
04:14:43,root.batch5,0,0
04:14:43,root.batch2,0,0
04:14:43,root.batch3,0,0
04:14:43,root.bursty0,2,2048
04:14:43,root.bursty1,188,1149952
04:14:43,root.bursty2,200,1223680
04:14:43,root.batch0,3,-1024
04:14:44,root.default,0,0
04:14:44,root.batch6,0,0
04:14:44,root.batch7,0,0
04:14:44,root.batch1,0,0
04:14:44,root.batch4,0,0
04:14:44,root.batch5,0,0
04:14:44,root.batch2,0,0
04:14:44,root.batch3,0,0
04:14:44,root.bursty0,1,1024
04:14:44,root.bursty1,192,1174528
04:14:44,root.bursty2,198,1211392
04:14:44,root.batch0,3,-1024
04:14:45,root.default,0,0
04:14:45,root.batch6,0,0
04:14:45,root.batch7,0,0
04:14:45,root.batch1,0,0
04:14:45,root.batch4,0,0
04:14:45,root.batch5,0,0
04:14:45,root.batch2,0,0
04:14:45,root.batch3,0,0
04:14:45,root.bursty0,1,1024
04:14:45,root.bursty1,181,1106944
04:14:45,root.bursty2,197,1205248
04:14:45,root.batch0,3,-1024
04:14:46,root.default,0,0
04:14:46,root.batch6,0,0
04:14:46,root.batch7,0,0
04:14:46,root.batch1,0,0
04:14:46,root.batch4,0,0
04:14:46,root.batch5,0,0
04:14:46,root.batch2,0,0
04:14:46,root.batch3,0,0
04:14:46,root.bursty0,1,1024
04:14:46,root.bursty2,200,1223680
04:14:46,root.bursty1,185,1131520
04:14:46,root.batch0,3,-1024
04:14:47,root.default,0,0
04:14:47,root.batch6,0,0
04:14:47,root.batch7,0,0
04:14:47,root.batch1,0,0
04:14:47,root.batch4,0,0
04:14:47,root.batch5,0,0
04:14:47,root.batch2,0,0
04:14:47,root.batch3,0,0
04:14:47,root.bursty0,1,1024
04:14:47,root.bursty1,177,1082368
04:14:47,root.bursty2,203,1242112
04:14:47,root.batch0,3,-1024
04:14:48,root.default,0,0
04:14:48,root.batch6,0,0
04:14:48,root.batch7,0,0
04:14:48,root.batch1,0,0
04:14:48,root.batch4,0,0
04:14:48,root.batch5,0,0
04:14:48,root.batch2,0,0
04:14:48,root.batch3,0,0
04:14:48,root.bursty0,11,62464
04:14:48,root.bursty1,177,1082368
04:14:48,root.bursty2,191,1168384
04:14:48,root.batch0,3,-1024
04:14:49,root.default,0,0
04:14:49,root.batch6,0,0
04:14:49,root.batch7,0,0
04:14:49,root.batch1,0,0
04:14:49,root.batch4,0,0
04:14:49,root.batch5,0,0
04:14:49,root.batch2,0,0
04:14:49,root.batch3,0,0
04:14:49,root.bursty0,32,191488
04:14:49,root.bursty1,176,1076224
04:14:49,root.bursty2,186,1137664
04:14:49,root.batch0,3,-1024
04:14:50,root.default,0,0
04:14:50,root.batch6,0,0
04:14:50,root.batch7,0,0
04:14:50,root.batch1,0,0
04:14:50,root.batch4,0,0
04:14:50,root.batch5,0,0
04:14:50,root.batch2,0,0
04:14:50,root.batch3,0,0
04:14:50,root.bursty0,39,234496
04:14:50,root.bursty1,175,1070080
04:14:50,root.bursty2,185,1131520
04:14:50,root.batch0,3,-1024
04:14:51,root.default,0,0
04:14:51,root.batch6,0,0
04:14:51,root.batch7,0,0
04:14:51,root.batch1,0,0
04:14:51,root.batch4,0,0
04:14:51,root.batch5,0,0
04:14:51,root.batch2,0,0
04:14:51,root.batch3,0,0
04:14:51,root.bursty0,44,265216
04:14:51,root.bursty1,170,1039360
04:14:51,root.bursty2,184,1125376
04:14:51,root.batch0,3,-1024
04:14:52,root.default,0,0
04:14:52,root.batch6,0,0
04:14:52,root.batch7,0,0
04:14:52,root.batch1,0,0
04:14:52,root.batch4,0,0
04:14:52,root.batch5,0,0
04:14:52,root.batch2,0,0
04:14:52,root.batch3,0,0
04:14:52,root.bursty0,50,302080
04:14:52,root.bursty1,169,1033216
04:14:52,root.bursty2,181,1106944
04:14:52,root.batch0,3,-1024
04:14:53,root.default,0,0
04:14:53,root.batch6,0,0
04:14:53,root.batch7,0,0
04:14:53,root.batch1,0,0
04:14:53,root.batch4,0,0
04:14:53,root.batch5,0,0
04:14:53,root.batch2,0,0
04:14:53,root.batch3,0,0
04:14:53,root.bursty0,56,338944
04:14:53,root.bursty1,162,990208
04:14:53,root.bursty2,174,1063936
04:14:53,root.batch0,3,-1024
04:14:55,root.default,0,0
04:14:55,root.batch6,0,0
04:14:55,root.batch7,0,0
04:14:55,root.batch1,0,0
04:14:55,root.batch4,0,0
04:14:55,root.batch5,0,0
04:14:55,root.batch2,0,0
04:14:55,root.batch3,0,0
04:14:55,root.bursty0,70,424960
04:14:55,root.bursty1,158,965632
04:14:55,root.bursty2,165,1008640
04:14:55,root.batch0,3,-1024
04:14:56,root.default,0,0
04:14:56,root.batch6,0,0
04:14:56,root.batch7,0,0
04:14:56,root.batch1,0,0
04:14:56,root.batch4,0,0
04:14:56,root.batch5,0,0
04:14:56,root.batch2,0,0
04:14:56,root.batch3,0,0
04:14:56,root.bursty0,84,510976
04:14:56,root.bursty2,155,947200
04:14:56,root.bursty1,157,959488
04:14:56,root.batch0,3,-1024
04:14:57,root.default,0,0
04:14:57,root.batch6,0,0
04:14:57,root.batch7,0,0
04:14:57,root.batch1,0,0
04:14:57,root.batch4,0,0
04:14:57,root.batch5,0,0
04:14:57,root.batch2,0,0
04:14:57,root.batch3,0,0
04:14:57,root.bursty0,94,572416
04:14:57,root.bursty2,144,879616
04:14:57,root.bursty1,156,953344
04:14:57,root.batch0,3,-1024
04:14:58,root.default,0,0
04:14:58,root.batch6,0,0
04:14:58,root.batch7,0,0
04:14:58,root.batch1,0,0
04:14:58,root.batch4,0,0
04:14:58,root.batch5,0,0
04:14:58,root.batch2,0,0
04:14:58,root.batch3,0,0
04:14:58,root.bursty0,104,633856
04:14:58,root.bursty2,133,812032
04:14:58,root.bursty1,156,953344
04:14:58,root.batch0,3,-1024
04:14:59,root.default,0,0
04:14:59,root.batch6,0,0
04:14:59,root.batch7,0,0
04:14:59,root.batch1,0,0
04:14:59,root.batch4,0,0
04:14:59,root.batch5,0,0
04:14:59,root.batch2,0,0
04:14:59,root.batch3,0,0
04:14:59,root.bursty0,115,701440
04:14:59,root.bursty2,126,769024
04:14:59,root.bursty1,156,953344
04:14:59,root.batch0,3,-1024
04:15:00,root.default,0,0
04:15:00,root.batch6,0,0
04:15:00,root.batch7,0,0
04:15:00,root.batch1,0,0
04:15:00,root.batch4,0,0
04:15:00,root.batch5,0,0
04:15:00,root.batch2,0,0
04:15:00,root.batch3,0,0
04:15:00,root.bursty0,122,744448
04:15:00,root.bursty2,124,756736
04:15:00,root.bursty1,155,947200
04:15:00,root.batch0,3,-1024
04:15:01,root.default,0,0
04:15:01,root.batch6,0,0
04:15:01,root.batch7,0,0
04:15:01,root.batch1,0,0
04:15:01,root.batch4,0,0
04:15:01,root.batch5,0,0
04:15:01,root.batch2,0,0
04:15:01,root.batch3,0,0
04:15:01,root.bursty2,120,732160
04:15:01,root.bursty0,126,769024
04:15:01,root.bursty1,155,947200
04:15:01,root.batch0,3,-1024
04:15:02,root.default,0,0
04:15:02,root.batch6,0,0
04:15:02,root.batch7,0,0
04:15:02,root.batch1,0,0
04:15:02,root.batch4,0,0
04:15:02,root.batch5,0,0
04:15:02,root.batch2,0,0
04:15:02,root.batch3,0,0
04:15:02,root.bursty2,119,726016
04:15:02,root.bursty0,129,787456
04:15:02,root.bursty1,151,922624
04:15:02,root.batch0,3,-1024
04:15:03,root.default,0,0
04:15:03,root.batch6,0,0
04:15:03,root.batch7,0,0
04:15:03,root.batch1,0,0
04:15:03,root.batch4,0,0
04:15:03,root.batch5,0,0
04:15:03,root.batch2,0,0
04:15:03,root.batch3,0,0
04:15:03,root.bursty2,110,670720
04:15:03,root.bursty0,137,836608
04:15:03,root.bursty1,150,916480
04:15:03,root.batch0,3,-1024
04:15:04,root.default,0,0
04:15:04,root.batch6,0,0
04:15:04,root.batch7,0,0
04:15:04,root.batch1,0,0
04:15:04,root.batch4,0,0
04:15:04,root.batch5,0,0
04:15:04,root.batch2,0,0
04:15:04,root.batch3,0,0
04:15:04,root.bursty2,103,627712
04:15:04,root.bursty0,142,867328
04:15:04,root.bursty1,150,916480
04:15:04,root.batch0,3,-1024
04:15:05,root.default,0,0
04:15:05,root.batch6,0,0
04:15:05,root.batch7,0,0
04:15:05,root.batch1,0,0
04:15:05,root.batch4,0,0
04:15:05,root.batch5,0,0
04:15:05,root.batch2,0,0
04:15:05,root.batch3,0,0
04:15:05,root.bursty2,89,541696
04:15:05,root.bursty0,148,904192
04:15:05,root.bursty1,150,916480
04:15:05,root.batch0,3,-1024
04:15:06,root.default,0,0
04:15:06,root.batch6,0,0
04:15:06,root.batch7,0,0
04:15:06,root.batch1,0,0
04:15:06,root.batch4,0,0
04:15:06,root.batch5,0,0
04:15:06,root.batch2,0,0
04:15:06,root.batch3,0,0
04:15:06,root.bursty2,84,510976
04:15:06,root.bursty1,147,898048
04:15:06,root.bursty0,155,947200
04:15:06,root.batch0,3,-1024
04:15:07,root.default,0,0
04:15:07,root.batch6,0,0
04:15:07,root.batch7,0,0
04:15:07,root.batch1,0,0
04:15:07,root.batch4,0,0
04:15:07,root.batch5,0,0
04:15:07,root.batch2,0,0
04:15:07,root.batch3,0,0
04:15:07,root.bursty2,82,498688
04:15:07,root.bursty1,146,891904
04:15:07,root.bursty0,158,965632
04:15:07,root.batch0,3,-1024
04:15:08,root.default,0,0
04:15:08,root.batch6,0,0
04:15:08,root.batch7,0,0
04:15:08,root.batch1,0,0
04:15:08,root.batch4,0,0
04:15:08,root.batch5,0,0
04:15:08,root.batch2,0,0
04:15:08,root.batch3,0,0
04:15:08,root.bursty2,90,547840
04:15:08,root.bursty1,141,861184
04:15:08,root.bursty0,162,990208
04:15:08,root.batch0,3,-1024
04:15:09,root.default,0,0
04:15:09,root.batch6,0,0
04:15:09,root.batch7,0,0
04:15:09,root.batch1,0,0
04:15:09,root.batch4,0,0
04:15:09,root.batch5,0,0
04:15:09,root.batch2,0,0
04:15:09,root.batch3,0,0
04:15:09,root.bursty2,101,615424
04:15:09,root.bursty1,130,793600
04:15:09,root.bursty0,162,990208
04:15:09,root.batch0,3,-1024
04:15:10,root.default,0,0
04:15:10,root.batch6,0,0
04:15:10,root.batch7,0,0
04:15:10,root.batch1,0,0
04:15:10,root.batch4,0,0
04:15:10,root.batch5,0,0
04:15:10,root.batch2,0,0
04:15:10,root.batch3,0,0
04:15:10,root.bursty2,110,670720
04:15:10,root.bursty1,127,775168
04:15:10,root.bursty0,162,990208
04:15:10,root.batch0,3,-1024
04:15:11,root.default,0,0
04:15:11,root.batch6,0,0
04:15:11,root.batch7,0,0
04:15:11,root.batch1,0,0
04:15:11,root.batch4,0,0
04:15:11,root.batch5,0,0
04:15:11,root.batch2,0,0
04:15:11,root.batch3,0,0
04:15:11,root.bursty2,113,689152
04:15:11,root.bursty1,127,775168
04:15:11,root.bursty0,162,990208
04:15:11,root.batch0,3,-1024
04:15:12,root.default,0,0
04:15:12,root.batch6,0,0
04:15:12,root.batch7,0,0
04:15:12,root.batch1,0,0
04:15:12,root.batch4,0,0
04:15:12,root.batch5,0,0
04:15:12,root.batch2,0,0
04:15:12,root.batch3,0,0
04:15:12,root.bursty2,114,695296
04:15:12,root.bursty1,126,769024
04:15:12,root.bursty0,162,990208
04:15:12,root.batch0,3,-1024
04:15:13,root.default,0,0
04:15:13,root.batch6,0,0
04:15:13,root.batch7,0,0
04:15:13,root.batch1,0,0
04:15:13,root.batch4,0,0
04:15:13,root.batch5,0,0
04:15:13,root.batch2,0,0
04:15:13,root.batch3,0,0
04:15:13,root.bursty2,117,713728
04:15:13,root.bursty1,113,689152
04:15:13,root.bursty0,162,990208
04:15:13,root.batch0,3,-1024
04:15:14,root.default,0,0
04:15:14,root.batch6,0,0
04:15:14,root.batch7,0,0
04:15:14,root.batch1,0,0
04:15:14,root.batch4,0,0
04:15:14,root.batch5,0,0
04:15:14,root.batch2,0,0
04:15:14,root.batch3,0,0
04:15:14,root.bursty1,106,572416
04:15:14,root.bursty2,139,848896
04:15:14,root.bursty0,162,990208
04:15:14,root.batch0,3,-1024
04:15:15,root.default,0,0
04:15:15,root.batch6,0,0
04:15:15,root.batch7,0,0
04:15:15,root.batch1,0,0
04:15:15,root.batch4,0,0
04:15:15,root.batch5,0,0
04:15:15,root.batch2,0,0
04:15:15,root.batch3,0,0
04:15:15,root.bursty1,144,560128
04:15:15,root.bursty2,149,910336
04:15:15,root.bursty0,162,990208
04:15:15,root.batch0,3,-1024
04:15:16,root.default,0,0
04:15:16,root.batch6,0,0
04:15:16,root.batch7,0,0
04:15:16,root.batch1,0,0
04:15:16,root.batch4,0,0
04:15:16,root.batch5,0,0
04:15:16,root.batch2,0,0
04:15:16,root.batch3,0,0
04:15:16,root.bursty1,175,537600
04:15:16,root.bursty2,147,898048
04:15:16,root.bursty0,162,990208
04:15:16,root.batch0,3,-1024
04:15:17,root.default,0,0
04:15:17,root.batch6,0,0
04:15:17,root.batch7,0,0
04:15:17,root.batch1,0,0
04:15:17,root.batch4,0,0
04:15:17,root.batch5,0,0
04:15:17,root.batch2,0,0
04:15:17,root.batch3,0,0
04:15:17,root.bursty1,226,580608
04:15:17,root.bursty2,143,873472
04:15:17,root.bursty0,162,990208
04:15:17,root.batch0,3,-1024
04:15:18,root.default,0,0
04:15:18,root.batch6,0,0
04:15:18,root.batch7,0,0
04:15:18,root.batch1,0,0
04:15:18,root.batch4,0,0
04:15:18,root.batch5,0,0
04:15:18,root.batch2,0,0
04:15:18,root.batch3,0,0
04:15:18,root.bursty1,207,450560
04:15:18,root.bursty2,182,941056
04:15:18,root.bursty0,162,990208
04:15:18,root.batch0,3,-1024
04:15:19,root.default,0,0
04:15:19,root.batch6,0,0
04:15:19,root.batch7,0,0
04:15:19,root.batch1,0,0
04:15:19,root.batch4,0,0
04:15:19,root.batch5,0,0
04:15:19,root.batch2,0,0
04:15:19,root.batch3,0,0
04:15:19,root.bursty1,162,329728
04:15:19,root.bursty0,150,916480
04:15:19,root.bursty2,236,1043456
04:15:19,root.batch0,3,-1024
04:15:20,root.default,0,0
04:15:20,root.batch6,0,0
04:15:20,root.batch7,0,0
04:15:20,root.batch1,0,0
04:15:20,root.batch4,0,0
04:15:20,root.batch5,0,0
04:15:20,root.batch2,0,0
04:15:20,root.batch3,0,0
04:15:20,root.bursty1,160,325632
04:15:20,root.bursty0,171,1045504
04:15:20,root.bursty2,248,1068032
04:15:20,root.batch0,3,-1024
04:15:21,root.default,0,0
04:15:21,root.batch6,0,0
04:15:21,root.batch7,0,0
04:15:21,root.batch1,0,0
04:15:21,root.batch4,0,0
04:15:21,root.batch5,0,0
04:15:21,root.batch2,0,0
04:15:21,root.batch3,0,0
04:15:21,root.bursty1,136,276480
04:15:21,root.bursty0,180,1100800
04:15:21,root.bursty2,268,1108992
04:15:21,root.batch0,3,-1024
04:15:22,root.default,0,0
04:15:22,root.batch6,0,0
04:15:22,root.batch7,0,0
04:15:22,root.batch1,0,0
04:15:22,root.batch4,0,0
04:15:22,root.batch5,0,0
04:15:22,root.batch2,0,0
04:15:22,root.batch3,0,0
04:15:22,root.bursty1,88,178176
04:15:22,root.bursty0,189,1156096
04:15:22,root.bursty2,284,1141760
04:15:22,root.batch0,3,-1024
04:15:23,root.default,0,0
04:15:23,root.batch6,0,0
04:15:23,root.batch7,0,0
04:15:23,root.batch1,0,0
04:15:23,root.batch4,0,0
04:15:23,root.batch5,0,0
04:15:23,root.batch2,0,0
04:15:23,root.batch3,0,0
04:15:23,root.bursty1,30,59392
04:15:23,root.bursty0,196,1199104
04:15:23,root.bursty2,312,1199104
04:15:23,root.batch0,3,-1024
04:15:24,root.default,0,0
04:15:24,root.batch6,0,0
04:15:24,root.batch7,0,0
04:15:24,root.batch1,0,0
04:15:24,root.batch4,0,0
04:15:24,root.batch5,0,0
04:15:24,root.batch2,0,0
04:15:24,root.batch3,0,0
04:15:24,root.bursty1,6,10240
04:15:24,root.bursty2,299,1169408
04:15:24,root.bursty0,200,1223680
04:15:24,root.batch0,3,-1024
04:15:25,root.default,0,0
04:15:25,root.batch6,0,0
04:15:25,root.batch7,0,0
04:15:25,root.batch1,0,0
04:15:25,root.batch4,0,0
04:15:25,root.batch5,0,0
04:15:25,root.batch2,0,0
04:15:25,root.batch3,0,0
04:15:25,root.bursty1,4,6144
04:15:25,root.bursty2,257,1083392
04:15:25,root.bursty0,221,1352704
04:15:25,root.batch0,3,-1024
04:15:26,root.default,0,0
04:15:26,root.batch6,0,0
04:15:26,root.batch7,0,0
04:15:26,root.batch1,0,0
04:15:26,root.batch4,0,0
04:15:26,root.batch5,0,0
04:15:26,root.batch2,0,0
04:15:26,root.batch3,0,0
04:15:26,root.bursty1,2,2048
04:15:26,root.bursty2,213,993280
04:15:26,root.bursty0,237,1451008
04:15:26,root.batch0,3,-1024
04:15:27,root.default,0,0
04:15:27,root.batch6,0,0
04:15:27,root.batch7,0,0
04:15:27,root.batch1,0,0
04:15:27,root.batch4,0,0
04:15:27,root.batch5,0,0
04:15:27,root.batch2,0,0
04:15:27,root.batch3,0,0
04:15:27,root.bursty1,2,2048
04:15:27,root.bursty2,193,952320
04:15:27,root.bursty0,242,1481728
04:15:27,root.batch0,3,-1024
04:15:28,root.default,0,0
04:15:28,root.batch6,0,0
04:15:28,root.batch7,0,0
04:15:28,root.batch1,0,0
04:15:28,root.batch4,0,0
04:15:28,root.batch5,0,0
04:15:28,root.batch2,0,0
04:15:28,root.batch3,0,0
04:15:28,root.bursty1,2,2048
04:15:28,root.bursty2,171,907264
04:15:28,root.bursty0,250,1530880
04:15:28,root.batch0,3,-1024
04:15:29,root.default,0,0
04:15:29,root.batch6,0,0
04:15:29,root.batch7,0,0
04:15:29,root.batch1,0,0
04:15:29,root.batch4,0,0
04:15:29,root.batch5,0,0
04:15:29,root.batch2,0,0
04:15:29,root.batch3,0,0
04:15:29,root.bursty1,2,2048
04:15:29,root.bursty2,155,874496
04:15:29,root.bursty0,258,1580032
04:15:29,root.batch0,3,-1024
04:15:30,root.default,0,0
04:15:30,root.batch6,0,0
04:15:30,root.batch7,0,0
04:15:30,root.batch1,0,0
04:15:30,root.batch4,0,0
04:15:30,root.batch5,0,0
04:15:30,root.batch2,0,0
04:15:30,root.batch3,0,0
04:15:30,root.bursty1,3,8192
04:15:30,root.bursty2,143,849920
04:15:30,root.bursty0,261,1598464
04:15:30,root.batch0,3,-1024
04:15:31,root.default,0,0
04:15:31,root.batch6,0,0
04:15:31,root.batch7,0,0
04:15:31,root.batch1,0,0
04:15:31,root.batch4,0,0
04:15:31,root.batch5,0,0
04:15:31,root.batch2,0,0
04:15:31,root.batch3,0,0
04:15:31,root.bursty1,3,13312
04:15:31,root.bursty2,141,845824
04:15:31,root.bursty0,258,1580032
04:15:31,root.batch0,3,-1024
04:15:32,root.default,0,0
04:15:32,root.batch6,0,0
04:15:32,root.batch7,0,0
04:15:32,root.batch1,0,0
04:15:32,root.batch4,0,0
04:15:32,root.batch5,0,0
04:15:32,root.batch2,0,0
04:15:32,root.batch3,0,0
04:15:32,root.bursty1,5,25600
04:15:32,root.bursty2,138,827392
04:15:32,root.bursty0,253,1549312
04:15:32,root.batch0,3,-1024
04:15:33,root.default,0,0
04:15:33,root.batch6,0,0
04:15:33,root.batch7,0,0
04:15:33,root.batch1,0,0
04:15:33,root.batch4,0,0
04:15:33,root.batch5,0,0
04:15:33,root.batch2,0,0
04:15:33,root.batch3,0,0
04:15:33,root.bursty1,12,68608
04:15:33,root.bursty2,133,796672
04:15:33,root.bursty0,254,1555456
04:15:33,root.batch0,3,-1024
04:15:34,root.default,0,0
04:15:34,root.batch6,0,0
04:15:34,root.batch7,0,0
04:15:34,root.batch1,0,0
04:15:34,root.batch4,0,0
04:15:34,root.batch5,0,0
04:15:34,root.batch2,0,0
04:15:34,root.batch3,0,0
04:15:34,root.bursty1,20,117760
04:15:34,root.bursty2,126,753664
04:15:34,root.bursty0,258,1580032
04:15:34,root.batch0,3,-1024
04:15:35,root.default,0,0
04:15:35,root.batch6,0,0
04:15:35,root.batch7,0,0
04:15:35,root.batch1,0,0
04:15:35,root.batch4,0,0
04:15:35,root.batch5,0,0
04:15:35,root.batch2,0,0
04:15:35,root.batch3,0,0
04:15:35,root.bursty1,30,179200
04:15:35,root.bursty2,116,692224
04:15:35,root.bursty0,252,1543168
04:15:35,root.batch0,3,-1024
04:15:36,root.default,0,0
04:15:36,root.batch6,0,0
04:15:36,root.batch7,0,0
04:15:36,root.batch1,0,0
04:15:36,root.batch4,0,0
04:15:36,root.batch5,0,0
04:15:36,root.batch2,0,0
04:15:36,root.batch3,0,0
04:15:36,root.bursty1,42,252928
04:15:36,root.bursty2,100,593920
04:15:36,root.bursty0,258,1580032
04:15:36,root.batch0,3,-1024
04:15:37,root.default,0,0
04:15:37,root.batch6,0,0
04:15:37,root.batch7,0,0
04:15:37,root.batch1,0,0
04:15:37,root.batch4,0,0
04:15:37,root.batch5,0,0
04:15:37,root.batch2,0,0
04:15:37,root.batch3,0,0
04:15:37,root.bursty1,67,406528
04:15:37,root.bursty2,80,471040
04:15:37,root.bursty0,254,1555456
04:15:37,root.batch0,3,-1024
04:15:38,root.default,0,0
04:15:38,root.batch6,0,0
04:15:38,root.batch7,0,0
04:15:38,root.batch1,0,0
04:15:38,root.batch4,0,0
04:15:38,root.batch5,0,0
04:15:38,root.batch2,0,0
04:15:38,root.batch3,0,0
04:15:38,root.bursty2,82,434176
04:15:38,root.bursty1,81,492544
04:15:38,root.bursty0,254,1555456
04:15:38,root.batch0,3,-1024
04:15:39,root.default,0,0
04:15:39,root.batch6,0,0
04:15:39,root.batch7,0,0
04:15:39,root.batch1,0,0
04:15:39,root.batch4,0,0
04:15:39,root.batch5,0,0
04:15:39,root.batch2,0,0
04:15:39,root.batch3,0,0
04:15:39,root.bursty2,78,409600
04:15:39,root.bursty1,85,517120
04:15:39,root.bursty0,254,1555456
04:15:39,root.batch0,3,-1024
04:15:40,root.default,0,0
04:15:40,root.batch6,0,0
04:15:40,root.batch7,0,0
04:15:40,root.batch1,0,0
04:15:40,root.batch4,0,0
04:15:40,root.batch5,0,0
04:15:40,root.batch2,0,0
04:15:40,root.batch3,0,0
04:15:40,root.bursty2,77,403456
04:15:40,root.bursty1,87,529408
04:15:40,root.bursty0,254,1555456
04:15:40,root.batch0,3,-1024
04:15:41,root.default,0,0
04:15:41,root.batch6,0,0
04:15:41,root.batch7,0,0
04:15:41,root.batch1,0,0
04:15:41,root.batch4,0,0
04:15:41,root.batch5,0,0
04:15:41,root.batch2,0,0
04:15:41,root.batch3,0,0
04:15:41,root.bursty2,77,403456
04:15:41,root.bursty1,87,529408
04:15:41,root.bursty0,254,1555456
04:15:41,root.batch0,3,-1024
04:15:42,root.default,0,0
04:15:42,root.batch6,0,0
04:15:42,root.batch7,0,0
04:15:42,root.batch1,0,0
04:15:42,root.batch4,0,0
04:15:42,root.batch5,0,0
04:15:42,root.batch2,0,0
04:15:42,root.batch3,0,0
04:15:42,root.bursty2,76,397312
04:15:42,root.bursty1,87,529408
04:15:42,root.bursty0,254,1555456
04:15:42,root.batch0,3,-1024
04:15:43,root.default,0,0
04:15:43,root.batch6,0,0
04:15:43,root.batch7,0,0
04:15:43,root.batch1,0,0
04:15:43,root.batch4,0,0
04:15:43,root.batch5,0,0
04:15:43,root.batch2,0,0
04:15:43,root.batch3,0,0
04:15:43,root.bursty2,75,391168
04:15:43,root.bursty1,87,529408
04:15:43,root.bursty0,254,1555456
04:15:43,root.batch0,3,-1024
04:15:44,root.default,0,0
04:15:44,root.batch6,0,0
04:15:44,root.batch7,0,0
04:15:44,root.batch1,0,0
04:15:44,root.batch4,0,0
04:15:44,root.batch5,0,0
04:15:44,root.batch2,0,0
04:15:44,root.batch3,0,0
04:15:44,root.bursty2,71,366592
04:15:44,root.bursty1,87,529408
04:15:44,root.bursty0,254,1555456
04:15:44,root.batch0,3,-1024
04:15:45,root.default,0,0
04:15:45,root.batch6,0,0
04:15:45,root.batch7,0,0
04:15:45,root.batch1,0,0
04:15:45,root.batch4,0,0
04:15:45,root.batch5,0,0
04:15:45,root.batch2,0,0
04:15:45,root.batch3,0,0
04:15:45,root.bursty2,63,366592
04:15:45,root.bursty1,87,529408
04:15:45,root.bursty0,254,1555456
04:15:45,root.batch0,3,-1024
04:15:46,root.default,0,0
04:15:46,root.batch6,0,0
04:15:46,root.batch7,0,0
04:15:46,root.batch1,0,0
04:15:46,root.batch4,0,0
04:15:46,root.batch5,0,0
04:15:46,root.batch2,0,0
04:15:46,root.batch3,0,0
04:15:46,root.bursty2,64,372736
04:15:46,root.bursty1,87,529408
04:15:46,root.bursty0,254,1555456
04:15:46,root.batch0,3,-1024
04:15:47,root.default,0,0
04:15:47,root.batch6,0,0
04:15:47,root.batch7,0,0
04:15:47,root.batch1,0,0
04:15:47,root.batch4,0,0
04:15:47,root.batch5,0,0
04:15:47,root.batch2,0,0
04:15:47,root.batch3,0,0
04:15:47,root.bursty2,65,378880
04:15:47,root.bursty1,87,529408
04:15:47,root.bursty0,254,1555456
04:15:47,root.batch0,3,-1024
04:15:48,root.default,0,0
04:15:48,root.batch6,0,0
04:15:48,root.batch7,0,0
04:15:48,root.batch1,0,0
04:15:48,root.batch4,0,0
04:15:48,root.batch5,0,0
04:15:48,root.batch2,0,0
04:15:48,root.batch3,0,0
04:15:48,root.bursty2,66,385024
04:15:48,root.bursty1,87,529408
04:15:48,root.bursty0,250,1530880
04:15:48,root.batch0,3,-1024
04:15:49,root.default,0,0
04:15:49,root.batch6,0,0
04:15:49,root.batch7,0,0
04:15:49,root.batch1,0,0
04:15:49,root.batch4,0,0
04:15:49,root.batch5,0,0
04:15:49,root.batch2,0,0
04:15:49,root.batch3,0,0
04:15:49,root.bursty2,72,421888
04:15:49,root.bursty1,87,529408
04:15:49,root.bursty0,239,1463296
04:15:49,root.batch0,3,-1024
04:15:50,root.default,0,0
04:15:50,root.batch6,0,0
04:15:50,root.batch7,0,0
04:15:50,root.batch1,0,0
04:15:50,root.batch4,0,0
04:15:50,root.batch5,0,0
04:15:50,root.batch2,0,0
04:15:50,root.batch3,0,0
04:15:50,root.bursty1,88,535552
04:15:50,root.bursty2,91,538624
04:15:50,root.bursty0,215,1315840
04:15:50,root.batch0,3,-1024
04:15:51,root.default,0,0
04:15:51,root.batch6,0,0
04:15:51,root.batch7,0,0
04:15:51,root.batch1,0,0
04:15:51,root.batch4,0,0
04:15:51,root.batch5,0,0
04:15:51,root.batch2,0,0
04:15:51,root.batch3,0,0
04:15:51,root.bursty1,99,603136
04:15:51,root.bursty2,103,617472
04:15:51,root.bursty0,195,1192960
04:15:51,root.batch0,3,-1024
04:15:53,root.default,0,0
04:15:53,root.batch6,0,0
04:15:53,root.batch7,0,0
04:15:53,root.batch1,0,0
04:15:53,root.batch4,0,0
04:15:53,root.batch5,0,0
04:15:53,root.batch2,0,0
04:15:53,root.batch3,0,0
04:15:53,root.bursty1,106,646144
04:15:53,root.bursty2,108,648192
04:15:53,root.bursty0,179,1094656
04:15:53,root.batch0,3,-1024
04:15:54,root.default,0,0
04:15:54,root.batch6,0,0
04:15:54,root.batch7,0,0
04:15:54,root.batch1,0,0
04:15:54,root.batch4,0,0
04:15:54,root.batch5,0,0
04:15:54,root.batch2,0,0
04:15:54,root.batch3,0,0
04:15:54,root.bursty2,116,697344
04:15:54,root.bursty1,117,713728
04:15:54,root.bursty0,159,971776
04:15:54,root.batch0,3,-1024
04:15:55,root.default,0,0
04:15:55,root.batch6,0,0
04:15:55,root.batch7,0,0
04:15:55,root.batch1,0,0
04:15:55,root.batch4,0,0
04:15:55,root.batch5,0,0
04:15:55,root.batch2,0,0
04:15:55,root.batch3,0,0
04:15:55,root.bursty1,127,775168
04:15:55,root.bursty2,129,777216
04:15:55,root.bursty0,131,799744
04:15:55,root.batch0,3,-1024
04:15:56,root.default,0,0
04:15:56,root.batch6,0,0
04:15:56,root.batch7,0,0
04:15:56,root.batch1,0,0
04:15:56,root.batch4,0,0
04:15:56,root.batch5,0,0
04:15:56,root.batch2,0,0
04:15:56,root.batch3,0,0
04:15:56,root.bursty0,108,658432
04:15:56,root.bursty2,136,820224
04:15:56,root.bursty1,140,855040
04:15:56,root.batch0,3,-1024
04:15:57,root.default,0,0
04:15:57,root.batch6,0,0
04:15:57,root.batch7,0,0
04:15:57,root.batch1,0,0
04:15:57,root.batch4,0,0
04:15:57,root.batch5,0,0
04:15:57,root.batch2,0,0
04:15:57,root.batch3,0,0
04:15:57,root.bursty0,106,646144
04:15:57,root.bursty2,137,826368
04:15:57,root.bursty1,149,910336
04:15:57,root.batch0,3,-1024
04:15:58,root.default,0,0
04:15:58,root.batch6,0,0
04:15:58,root.batch7,0,0
04:15:58,root.batch1,0,0
04:15:58,root.batch4,0,0
04:15:58,root.batch5,0,0
04:15:58,root.batch2,0,0
04:15:58,root.batch3,0,0
04:15:58,root.bursty0,99,603136
04:15:58,root.bursty2,138,832512
04:15:58,root.bursty1,150,916480
04:15:58,root.batch0,3,-1024
04:15:59,root.default,0,0
04:15:59,root.batch6,0,0
04:15:59,root.batch7,0,0
04:15:59,root.batch1,0,0
04:15:59,root.batch4,0,0
04:15:59,root.batch5,0,0
04:15:59,root.batch2,0,0
04:15:59,root.batch3,0,0
04:15:59,root.bursty0,107,652288
04:15:59,root.bursty2,138,832512
04:15:59,root.bursty1,150,916480
04:15:59,root.batch0,3,-1024
04:16:00,root.default,0,0
04:16:00,root.batch6,0,0
04:16:00,root.batch7,0,0
04:16:00,root.batch1,0,0
04:16:00,root.batch4,0,0
04:16:00,root.batch5,0,0
04:16:00,root.batch2,0,0
04:16:00,root.batch3,0,0
04:16:00,root.bursty0,111,676864
04:16:00,root.bursty2,138,832512
04:16:00,root.bursty1,150,916480
04:16:00,root.batch0,3,-1024
04:16:01,root.default,0,0
04:16:01,root.batch6,0,0
04:16:01,root.batch7,0,0
04:16:01,root.batch1,0,0
04:16:01,root.batch4,0,0
04:16:01,root.batch5,0,0
04:16:01,root.batch2,0,0
04:16:01,root.batch3,0,0
04:16:01,root.bursty0,133,697344
04:16:01,root.bursty2,138,832512
04:16:01,root.bursty1,150,916480
04:16:01,root.batch0,3,-1024
04:16:02,root.default,0,0
04:16:02,root.batch6,0,0
04:16:02,root.batch7,0,0
04:16:02,root.batch1,0,0
04:16:02,root.batch4,0,0
04:16:02,root.batch5,0,0
04:16:02,root.batch2,0,0
04:16:02,root.batch3,0,0
04:16:02,root.bursty0,184,756736
04:16:02,root.bursty2,138,832512
04:16:02,root.bursty1,149,910336
04:16:02,root.batch0,3,-1024
04:16:03,root.default,0,0
04:16:03,root.batch6,0,0
04:16:03,root.batch7,0,0
04:16:03,root.batch1,0,0
04:16:03,root.batch4,0,0
04:16:03,root.batch5,0,0
04:16:03,root.batch2,0,0
04:16:03,root.batch3,0,0
04:16:03,root.bursty0,214,793600
04:16:03,root.bursty2,138,832512
04:16:03,root.bursty1,143,873472
04:16:03,root.batch0,3,-1024
04:16:04,root.default,0,0
04:16:04,root.batch6,0,0
04:16:04,root.batch7,0,0
04:16:04,root.batch1,0,0
04:16:04,root.batch4,0,0
04:16:04,root.batch5,0,0
04:16:04,root.batch2,0,0
04:16:04,root.batch3,0,0
04:16:04,root.bursty0,243,824320
04:16:04,root.bursty2,138,832512
04:16:04,root.bursty1,138,842752
04:16:04,root.batch0,3,-1024
04:16:05,root.default,0,0
04:16:05,root.batch6,0,0
04:16:05,root.batch7,0,0
04:16:05,root.batch1,0,0
04:16:05,root.batch4,0,0
04:16:05,root.batch5,0,0
04:16:05,root.batch2,0,0
04:16:05,root.batch3,0,0
04:16:05,root.bursty1,135,824320
04:16:05,root.bursty0,253,828416
04:16:05,root.bursty2,139,838656
04:16:05,root.batch0,3,-1024
04:16:06,root.default,0,0
04:16:06,root.batch6,0,0
04:16:06,root.batch7,0,0
04:16:06,root.batch1,0,0
04:16:06,root.batch4,0,0
04:16:06,root.batch5,0,0
04:16:06,root.batch2,0,0
04:16:06,root.batch3,0,0
04:16:06,root.bursty0,248,789504
04:16:06,root.bursty1,139,848896
04:16:06,root.bursty2,140,844800
04:16:06,root.batch0,3,-1024
04:16:07,root.default,0,0
04:16:07,root.batch6,0,0
04:16:07,root.batch7,0,0
04:16:07,root.batch1,0,0
04:16:07,root.batch4,0,0
04:16:07,root.batch5,0,0
04:16:07,root.batch2,0,0
04:16:07,root.batch3,0,0
04:16:07,root.bursty0,224,732160
04:16:07,root.bursty1,142,867328
04:16:07,root.bursty2,145,875520
04:16:07,root.batch0,3,-1024
04:16:08,root.default,0,0
04:16:08,root.batch6,0,0
04:16:08,root.batch7,0,0
04:16:08,root.batch1,0,0
04:16:08,root.batch4,0,0
04:16:08,root.batch5,0,0
04:16:08,root.batch2,0,0
04:16:08,root.batch3,0,0
04:16:08,root.bursty0,171,619520
04:16:08,root.bursty2,150,906240
04:16:08,root.bursty1,153,934912
04:16:08,root.batch0,3,-1024
04:16:09,root.default,0,0
04:16:09,root.batch6,0,0
04:16:09,root.batch7,0,0
04:16:09,root.batch1,0,0
04:16:09,root.batch4,0,0
04:16:09,root.batch5,0,0
04:16:09,root.batch2,0,0
04:16:09,root.batch3,0,0
04:16:09,root.bursty0,133,541696
04:16:09,root.bursty2,154,930816
04:16:09,root.bursty1,157,959488
04:16:09,root.batch0,3,-1024
04:16:10,root.default,0,0
04:16:10,root.batch6,0,0
04:16:10,root.batch7,0,0
04:16:10,root.batch1,0,0
04:16:10,root.batch4,0,0
04:16:10,root.batch5,0,0
04:16:10,root.batch2,0,0
04:16:10,root.batch3,0,0
04:16:10,root.bursty0,109,492544
04:16:10,root.bursty1,161,984064
04:16:10,root.bursty2,154,930816
04:16:10,root.batch0,3,-1024
04:16:11,root.default,0,0
04:16:11,root.batch6,0,0
04:16:11,root.batch7,0,0
04:16:11,root.batch1,0,0
04:16:11,root.batch4,0,0
04:16:11,root.batch5,0,0
04:16:11,root.batch2,0,0
04:16:11,root.batch3,0,0
04:16:11,root.bursty0,81,435200
04:16:11,root.bursty2,164,992256
04:16:11,root.bursty1,169,1033216
04:16:11,root.batch0,3,-1024
04:16:12,root.default,0,0
04:16:12,root.batch6,0,0
04:16:12,root.batch7,0,0
04:16:12,root.batch1,0,0
04:16:12,root.batch4,0,0
04:16:12,root.batch5,0,0
04:16:12,root.batch2,0,0
04:16:12,root.batch3,0,0
04:16:12,root.bursty0,69,410624
04:16:12,root.bursty2,165,998400
04:16:12,root.bursty1,169,1033216
04:16:12,root.batch0,3,-1024
04:16:13,root.default,0,0
04:16:13,root.batch6,0,0
04:16:13,root.batch7,0,0
04:16:13,root.batch1,0,0
04:16:13,root.batch4,0,0
04:16:13,root.batch5,0,0
04:16:13,root.batch2,0,0
04:16:13,root.batch3,0,0
04:16:13,root.bursty0,67,406528
04:16:13,root.bursty2,155,936960
04:16:13,root.bursty1,173,1057792
04:16:13,root.batch0,3,-1024
04:16:14,root.default,0,0
04:16:14,root.batch6,0,0
04:16:14,root.batch7,0,0
04:16:14,root.batch1,0,0
04:16:14,root.batch4,0,0
04:16:14,root.batch5,0,0
04:16:14,root.batch2,0,0
04:16:14,root.batch3,0,0
04:16:14,root.bursty0,67,406528
04:16:14,root.bursty2,152,918528
04:16:14,root.bursty1,174,1063936
04:16:14,root.batch0,3,-1024
04:16:15,root.default,0,0
04:16:15,root.batch6,0,0
04:16:15,root.batch7,0,0
04:16:15,root.batch1,0,0
04:16:15,root.batch4,0,0
04:16:15,root.batch5,0,0
04:16:15,root.batch2,0,0
04:16:15,root.batch3,0,0
04:16:15,root.bursty0,67,406528
04:16:15,root.bursty2,157,949248
04:16:15,root.bursty1,175,1070080
04:16:15,root.batch0,3,-1024
04:16:16,root.default,0,0
04:16:16,root.batch6,0,0
04:16:16,root.batch7,0,0
04:16:16,root.batch1,0,0
04:16:16,root.batch4,0,0
04:16:16,root.batch5,0,0
04:16:16,root.batch2,0,0
04:16:16,root.batch3,0,0
04:16:16,root.bursty0,67,406528
04:16:16,root.bursty2,162,979968
04:16:16,root.bursty1,176,1076224
04:16:16,root.batch0,3,-1024
04:16:17,root.default,0,0
04:16:17,root.batch6,0,0
04:16:17,root.batch7,0,0
04:16:17,root.batch1,0,0
04:16:17,root.batch4,0,0
04:16:17,root.batch5,0,0
04:16:17,root.batch2,0,0
04:16:17,root.batch3,0,0
04:16:17,root.bursty0,67,406528
04:16:17,root.bursty2,161,973824
04:16:17,root.bursty1,176,1076224
04:16:17,root.batch0,3,-1024
04:16:18,root.default,0,0
04:16:18,root.batch6,0,0
04:16:18,root.batch7,0,0
04:16:18,root.batch1,0,0
04:16:18,root.batch4,0,0
04:16:18,root.batch5,0,0
04:16:18,root.batch2,0,0
04:16:18,root.batch3,0,0
04:16:18,root.bursty0,67,406528
04:16:18,root.bursty2,162,979968
04:16:18,root.bursty1,176,1076224
04:16:18,root.batch0,3,-1024
04:16:19,root.default,0,0
04:16:19,root.batch6,0,0
04:16:19,root.batch7,0,0
04:16:19,root.batch1,0,0
04:16:19,root.batch4,0,0
04:16:19,root.batch5,0,0
04:16:19,root.batch2,0,0
04:16:19,root.batch3,0,0
04:16:19,root.bursty0,67,406528
04:16:19,root.bursty2,157,949248
04:16:19,root.bursty1,176,1076224
04:16:19,root.batch0,3,-1024
04:16:20,root.default,0,0
04:16:20,root.batch6,0,0
04:16:20,root.batch7,0,0
04:16:20,root.batch1,0,0
04:16:20,root.batch4,0,0
04:16:20,root.batch5,0,0
04:16:20,root.batch2,0,0
04:16:20,root.batch3,0,0
04:16:20,root.bursty0,67,406528
04:16:20,root.bursty2,144,869376
04:16:20,root.bursty1,176,1076224
04:16:20,root.batch0,3,-1024
04:16:21,root.default,0,0
04:16:21,root.batch6,0,0
04:16:21,root.batch7,0,0
04:16:21,root.batch1,0,0
04:16:21,root.batch4,0,0
04:16:21,root.batch5,0,0
04:16:21,root.batch2,0,0
04:16:21,root.batch3,0,0
04:16:21,root.bursty0,67,406528
04:16:21,root.bursty2,152,918528
04:16:21,root.bursty1,174,1063936
04:16:21,root.batch0,3,-1024
04:16:22,root.default,0,0
04:16:22,root.batch6,0,0
04:16:22,root.batch7,0,0
04:16:22,root.batch1,0,0
04:16:22,root.batch4,0,0
04:16:22,root.batch5,0,0
04:16:22,root.batch2,0,0
04:16:22,root.batch3,0,0
04:16:22,root.bursty0,67,406528
04:16:22,root.bursty2,166,1004544
04:16:22,root.bursty1,167,1020928
04:16:22,root.batch0,3,-1024
04:16:23,root.default,0,0
04:16:23,root.batch6,0,0
04:16:23,root.batch7,0,0
04:16:23,root.batch1,0,0
04:16:23,root.batch4,0,0
04:16:23,root.batch5,0,0
04:16:23,root.batch2,0,0
04:16:23,root.batch3,0,0
04:16:23,root.bursty0,67,406528
04:16:23,root.bursty1,159,971776
04:16:23,root.bursty2,172,1041408
04:16:23,root.batch0,3,-1024
04:16:24,root.default,0,0
04:16:24,root.batch6,0,0
04:16:24,root.batch7,0,0
04:16:24,root.batch1,0,0
04:16:24,root.batch4,0,0
04:16:24,root.batch5,0,0
04:16:24,root.batch2,0,0
04:16:24,root.batch3,0,0
04:16:24,root.bursty0,67,406528
04:16:24,root.bursty1,159,971776
04:16:24,root.bursty2,164,992256
04:16:24,root.batch0,3,-1024
04:16:25,root.default,0,0
04:16:25,root.batch6,0,0
04:16:25,root.batch7,0,0
04:16:25,root.batch1,0,0
04:16:25,root.batch4,0,0
04:16:25,root.batch5,0,0
04:16:25,root.batch2,0,0
04:16:25,root.batch3,0,0
04:16:25,root.bursty0,64,388096
04:16:25,root.bursty2,163,986112
04:16:25,root.bursty1,168,1027072
04:16:25,root.batch0,3,-1024
04:16:26,root.default,0,0
04:16:26,root.batch6,0,0
04:16:26,root.batch7,0,0
04:16:26,root.batch1,0,0
04:16:26,root.batch4,0,0
04:16:26,root.batch5,0,0
04:16:26,root.batch2,0,0
04:16:26,root.batch3,0,0
04:16:26,root.bursty0,50,302080
04:16:26,root.bursty2,171,1035264
04:16:26,root.bursty1,171,1045504
04:16:26,root.batch0,3,-1024
04:16:27,root.default,0,0
04:16:27,root.batch6,0,0
04:16:27,root.batch7,0,0
04:16:27,root.batch1,0,0
04:16:27,root.batch4,0,0
04:16:27,root.batch5,0,0
04:16:27,root.batch2,0,0
04:16:27,root.batch3,0,0
04:16:27,root.bursty0,34,203776
04:16:27,root.bursty2,180,1090560
04:16:27,root.bursty1,179,1094656
04:16:27,root.batch0,3,-1024
04:16:28,root.default,0,0
04:16:28,root.batch6,0,0
04:16:28,root.batch7,0,0
04:16:28,root.batch1,0,0
04:16:28,root.batch4,0,0
04:16:28,root.batch5,0,0
04:16:28,root.batch2,0,0
04:16:28,root.batch3,0,0
04:16:28,root.bursty0,16,93184
04:16:28,root.bursty1,186,1137664
04:16:28,root.bursty2,192,1164288
04:16:28,root.batch0,3,-1024
04:16:29,root.default,0,0
04:16:29,root.batch6,0,0
04:16:29,root.batch7,0,0
04:16:29,root.batch1,0,0
04:16:29,root.batch4,0,0
04:16:29,root.batch5,0,0
04:16:29,root.batch2,0,0
04:16:29,root.batch3,0,0
04:16:29,root.bursty0,3,13312
04:16:29,root.bursty2,198,1201152
04:16:29,root.bursty1,200,1223680
04:16:29,root.batch0,3,-1024
04:16:30,root.default,0,0
04:16:30,root.batch6,0,0
04:16:30,root.batch7,0,0
04:16:30,root.batch1,0,0
04:16:30,root.batch4,0,0
04:16:30,root.batch5,0,0
04:16:30,root.batch2,0,0
04:16:30,root.batch3,0,0
04:16:30,root.bursty0,1,1024
04:16:30,root.bursty2,202,1225728
04:16:30,root.bursty1,202,1235968
04:16:30,root.batch0,3,-1024
04:16:31,root.default,0,0
04:16:31,root.batch6,0,0
04:16:31,root.batch7,0,0
04:16:31,root.batch1,0,0
04:16:31,root.batch4,0,0
04:16:31,root.batch5,0,0
04:16:31,root.batch2,0,0
04:16:31,root.batch3,0,0
04:16:31,root.bursty0,1,1024
04:16:31,root.bursty2,202,1225728
04:16:31,root.bursty1,202,1235968
04:16:31,root.batch0,3,-1024
04:16:32,root.default,0,0
04:16:32,root.batch6,0,0
04:16:32,root.batch7,0,0
04:16:32,root.batch1,0,0
04:16:32,root.batch4,0,0
04:16:32,root.batch5,0,0
04:16:32,root.batch2,0,0
04:16:32,root.batch3,0,0
04:16:32,root.bursty0,1,1024
04:16:32,root.bursty2,202,1225728
04:16:32,root.bursty1,202,1235968
04:16:32,root.batch0,3,-1024
04:16:33,root.default,0,0
04:16:33,root.batch6,0,0
04:16:33,root.batch7,0,0
04:16:33,root.batch1,0,0
04:16:33,root.batch4,0,0
04:16:33,root.batch5,0,0
04:16:33,root.batch2,0,0
04:16:33,root.batch3,0,0
04:16:33,root.bursty0,1,1024
04:16:33,root.bursty2,203,1231872
04:16:33,root.bursty1,201,1229824
04:16:33,root.batch0,3,-1024
04:16:34,root.default,0,0
04:16:34,root.batch6,0,0
04:16:34,root.batch7,0,0
04:16:34,root.batch1,0,0
04:16:34,root.batch4,0,0
04:16:34,root.batch5,0,0
04:16:34,root.batch2,0,0
04:16:34,root.batch3,0,0
04:16:34,root.bursty0,1,1024
04:16:34,root.bursty1,201,1229824
04:16:34,root.bursty2,203,1231872
04:16:34,root.batch0,3,-1024
04:16:35,root.default,0,0
04:16:35,root.batch6,0,0
04:16:35,root.batch7,0,0
04:16:35,root.batch1,0,0
04:16:35,root.batch4,0,0
04:16:35,root.batch5,0,0
04:16:35,root.batch2,0,0
04:16:35,root.batch3,0,0
04:16:35,root.bursty0,1,1024
04:16:35,root.bursty1,199,1217536
04:16:35,root.bursty2,204,1238016
04:16:35,root.batch0,3,-1024
04:16:36,root.bursty0,0,0
04:16:36,root.default,0,0
04:16:36,root.batch6,0,0
04:16:36,root.batch7,0,0
04:16:36,root.batch1,0,0
04:16:36,root.batch4,0,0
04:16:36,root.batch5,0,0
04:16:36,root.batch2,0,0
04:16:36,root.batch3,0,0
04:16:36,root.bursty1,189,1156096
04:16:36,root.bursty2,212,1287168
04:16:36,root.batch0,3,-1024
04:16:37,root.bursty0,0,0
04:16:37,root.default,0,0
04:16:37,root.batch6,0,0
04:16:37,root.batch7,0,0
04:16:37,root.batch1,0,0
04:16:37,root.batch4,0,0
04:16:37,root.batch5,0,0
04:16:37,root.batch2,0,0
04:16:37,root.batch3,0,0
04:16:37,root.bursty1,182,1113088
04:16:37,root.bursty2,217,1317888
04:16:37,root.batch0,3,-1024
04:16:38,root.bursty0,0,0
04:16:38,root.default,0,0
04:16:38,root.batch6,0,0
04:16:38,root.batch7,0,0
04:16:38,root.batch1,0,0
04:16:38,root.batch4,0,0
04:16:38,root.batch5,0,0
04:16:38,root.batch2,0,0
04:16:38,root.batch3,0,0
04:16:38,root.bursty1,183,1119232
04:16:38,root.bursty2,213,1293312
04:16:38,root.batch0,3,-1024
04:16:39,root.bursty0,0,0
04:16:39,root.default,0,0
04:16:39,root.batch6,0,0
04:16:39,root.batch7,0,0
04:16:39,root.batch1,0,0
04:16:39,root.batch4,0,0
04:16:39,root.batch5,0,0
04:16:39,root.batch2,0,0
04:16:39,root.batch3,0,0
04:16:39,root.bursty1,190,1162240
04:16:39,root.bursty2,201,1219584
04:16:39,root.batch0,3,-1024
04:16:40,root.bursty0,0,0
04:16:40,root.default,0,0
04:16:40,root.batch6,0,0
04:16:40,root.batch7,0,0
04:16:40,root.batch1,0,0
04:16:40,root.batch4,0,0
04:16:40,root.batch5,0,0
04:16:40,root.batch2,0,0
04:16:40,root.batch3,0,0
04:16:40,root.bursty2,197,1195008
04:16:40,root.bursty1,202,1235968
04:16:40,root.batch0,3,-1024
04:16:41,root.bursty0,0,0
04:16:41,root.default,0,0
04:16:41,root.batch6,0,0
04:16:41,root.batch7,0,0
04:16:41,root.batch1,0,0
04:16:41,root.batch4,0,0
04:16:41,root.batch5,0,0
04:16:41,root.batch2,0,0
04:16:41,root.batch3,0,0
04:16:41,root.bursty2,195,1182720
04:16:41,root.bursty1,201,1229824
04:16:41,root.batch0,3,-1024
04:16:42,root.bursty0,0,0
04:16:42,root.default,0,0
04:16:42,root.batch6,0,0
04:16:42,root.batch7,0,0
04:16:42,root.batch1,0,0
04:16:42,root.batch4,0,0
04:16:42,root.batch5,0,0
04:16:42,root.batch2,0,0
04:16:42,root.batch3,0,0
04:16:42,root.bursty2,199,1207296
04:16:42,root.bursty1,200,1223680
04:16:42,root.batch0,3,-1024
04:16:43,root.bursty0,0,0
04:16:43,root.default,0,0
04:16:43,root.batch6,0,0
04:16:43,root.batch7,0,0
04:16:43,root.batch1,0,0
04:16:43,root.batch4,0,0
04:16:43,root.batch5,0,0
04:16:43,root.batch2,0,0
04:16:43,root.batch3,0,0
04:16:43,root.bursty1,199,1217536
04:16:43,root.bursty2,195,1182720
04:16:43,root.batch0,3,-1024
04:16:44,root.bursty0,0,0
04:16:44,root.default,0,0
04:16:44,root.batch6,0,0
04:16:44,root.batch7,0,0
04:16:44,root.batch1,0,0
04:16:44,root.batch4,0,0
04:16:44,root.batch5,0,0
04:16:44,root.batch2,0,0
04:16:44,root.batch3,0,0
04:16:44,root.bursty2,189,1145856
04:16:44,root.bursty1,202,1235968
04:16:44,root.batch0,3,-1024
04:16:45,root.bursty0,0,0
04:16:45,root.default,0,0
04:16:45,root.batch6,0,0
04:16:45,root.batch7,0,0
04:16:45,root.batch1,0,0
04:16:45,root.batch4,0,0
04:16:45,root.batch5,0,0
04:16:45,root.batch2,0,0
04:16:45,root.batch3,0,0
04:16:45,root.bursty2,194,1176576
04:16:45,root.bursty1,205,1254400
04:16:45,root.batch0,3,-1024
04:16:46,root.bursty0,0,0
04:16:46,root.default,0,0
04:16:46,root.batch6,0,0
04:16:46,root.batch7,0,0
04:16:46,root.batch1,0,0
04:16:46,root.batch4,0,0
04:16:46,root.batch5,0,0
04:16:46,root.batch2,0,0
04:16:46,root.batch3,0,0
04:16:46,root.bursty2,195,1182720
04:16:46,root.bursty1,208,1272832
04:16:46,root.batch0,3,-1024
04:16:47,root.bursty0,0,0
04:16:47,root.default,0,0
04:16:47,root.batch6,0,0
04:16:47,root.batch7,0,0
04:16:47,root.batch1,0,0
04:16:47,root.batch4,0,0
04:16:47,root.batch5,0,0
04:16:47,root.batch2,0,0
04:16:47,root.batch3,0,0
04:16:47,root.bursty2,194,1176576
04:16:47,root.bursty1,208,1272832
04:16:47,root.batch0,3,-1024
04:16:48,root.bursty0,0,0
04:16:48,root.default,0,0
04:16:48,root.batch6,0,0
04:16:48,root.batch7,0,0
04:16:48,root.batch1,0,0
04:16:48,root.batch4,0,0
04:16:48,root.batch5,0,0
04:16:48,root.batch2,0,0
04:16:48,root.batch3,0,0
04:16:48,root.bursty2,194,1176576
04:16:48,root.bursty1,209,1278976
04:16:48,root.batch0,3,-1024
04:16:50,root.bursty0,0,0
04:16:50,root.default,0,0
04:16:50,root.batch6,0,0
04:16:50,root.batch7,0,0
04:16:50,root.batch1,0,0
04:16:50,root.batch4,0,0
04:16:50,root.batch5,0,0
04:16:50,root.batch2,0,0
04:16:50,root.batch3,0,0
04:16:50,root.bursty2,189,1145856
04:16:50,root.bursty1,209,1278976
04:16:50,root.batch0,3,-1024
04:16:51,root.bursty0,0,0
04:16:51,root.default,0,0
04:16:51,root.batch6,0,0
04:16:51,root.batch7,0,0
04:16:51,root.batch1,0,0
04:16:51,root.batch4,0,0
04:16:51,root.batch5,0,0
04:16:51,root.batch2,0,0
04:16:51,root.batch3,0,0
04:16:51,root.bursty2,174,1053696
04:16:51,root.bursty1,210,1285120
04:16:51,root.batch0,3,-1024
04:16:52,root.bursty0,0,0
04:16:52,root.default,0,0
04:16:52,root.batch6,0,0
04:16:52,root.batch7,0,0
04:16:52,root.batch1,0,0
04:16:52,root.batch4,0,0
04:16:52,root.batch5,0,0
04:16:52,root.batch2,0,0
04:16:52,root.batch3,0,0
04:16:52,root.bursty2,174,1053696
04:16:52,root.bursty1,212,1297408
04:16:52,root.batch0,3,-1024
04:16:53,root.bursty0,0,0
04:16:53,root.default,0,0
04:16:53,root.batch6,0,0
04:16:53,root.batch7,0,0
04:16:53,root.batch1,0,0
04:16:53,root.batch4,0,0
04:16:53,root.batch5,0,0
04:16:53,root.batch2,0,0
04:16:53,root.batch3,0,0
04:16:53,root.bursty2,183,1108992
04:16:53,root.bursty1,207,1266688
04:16:53,root.batch0,3,-1024
04:16:54,root.bursty0,0,0
04:16:54,root.default,0,0
04:16:54,root.batch6,0,0
04:16:54,root.batch7,0,0
04:16:54,root.batch1,0,0
04:16:54,root.batch4,0,0
04:16:54,root.batch5,0,0
04:16:54,root.batch2,0,0
04:16:54,root.batch3,0,0
04:16:54,root.bursty2,191,1158144
04:16:54,root.bursty1,196,1199104
04:16:54,root.batch0,3,-1024
04:16:55,root.bursty0,0,0
04:16:55,root.default,0,0
04:16:55,root.batch6,0,0
04:16:55,root.batch7,0,0
04:16:55,root.batch1,0,0
04:16:55,root.batch4,0,0
04:16:55,root.batch5,0,0
04:16:55,root.batch2,0,0
04:16:55,root.batch3,0,0
04:16:55,root.bursty1,179,1094656
04:16:55,root.bursty2,201,1219584
04:16:55,root.batch0,3,-1024
04:16:56,root.bursty0,0,0
04:16:56,root.default,0,0
04:16:56,root.batch6,0,0
04:16:56,root.batch7,0,0
04:16:56,root.batch1,0,0
04:16:56,root.batch4,0,0
04:16:56,root.batch5,0,0
04:16:56,root.batch2,0,0
04:16:56,root.batch3,0,0
04:16:56,root.bursty1,219,1127424
04:16:56,root.bursty2,201,1178624
04:16:56,root.batch0,3,-1024
04:16:57,root.bursty0,0,0
04:16:57,root.default,0,0
04:16:57,root.batch6,0,0
04:16:57,root.batch7,0,0
04:16:57,root.batch1,0,0
04:16:57,root.batch4,0,0
04:16:57,root.batch5,0,0
04:16:57,root.batch2,0,0
04:16:57,root.batch3,0,0
04:16:57,root.bursty2,222,1152000
04:16:57,root.bursty1,250,1145856
04:16:57,root.batch0,3,-1024
04:16:58,root.bursty0,0,0
04:16:58,root.default,0,0
04:16:58,root.batch6,0,0
04:16:58,root.batch7,0,0
04:16:58,root.batch1,0,0
04:16:58,root.batch4,0,0
04:16:58,root.batch5,0,0
04:16:58,root.batch2,0,0
04:16:58,root.batch3,0,0
04:16:58,root.bursty2,256,1172480
04:16:58,root.bursty1,284,1215488
04:16:58,root.batch0,3,-1024
04:16:59,root.bursty0,0,0
04:16:59,root.default,0,0
04:16:59,root.batch6,0,0
04:16:59,root.batch7,0,0
04:16:59,root.batch1,0,0
04:16:59,root.batch4,0,0
04:16:59,root.batch5,0,0
04:16:59,root.batch2,0,0
04:16:59,root.batch3,0,0
04:16:59,root.bursty2,287,1199104
04:16:59,root.bursty1,314,1227776
04:16:59,root.batch0,3,-1024
04:17:00,root.bursty0,0,0
04:17:00,root.default,0,0
04:17:00,root.batch6,0,0
04:17:00,root.batch7,0,0
04:17:00,root.batch1,0,0
04:17:00,root.batch4,0,0
04:17:00,root.batch5,0,0
04:17:00,root.batch2,0,0
04:17:00,root.batch3,0,0
04:17:00,root.bursty1,326,1203200
04:17:00,root.bursty2,321,1252352
04:17:00,root.batch0,3,-1024
04:17:01,root.bursty0,0,0
04:17:01,root.default,0,0
04:17:01,root.batch6,0,0
04:17:01,root.batch7,0,0
04:17:01,root.batch1,0,0
04:17:01,root.batch4,0,0
04:17:01,root.batch5,0,0
04:17:01,root.batch2,0,0
04:17:01,root.batch3,0,0
04:17:01,root.bursty1,305,1156096
04:17:01,root.bursty2,318,1291264
04:17:01,root.batch0,3,-1024
04:17:02,root.bursty0,0,0
04:17:02,root.default,0,0
04:17:02,root.batch6,0,0
04:17:02,root.batch7,0,0
04:17:02,root.batch1,0,0
04:17:02,root.batch4,0,0
04:17:02,root.batch5,0,0
04:17:02,root.batch2,0,0
04:17:02,root.batch3,0,0
04:17:02,root.bursty1,279,1102848
04:17:02,root.bursty2,322,1381376
04:17:02,root.batch0,3,-1024
04:17:03,root.default,0,0
04:17:03,root.batch6,0,0
04:17:03,root.batch7,0,0
04:17:03,root.batch1,0,0
04:17:03,root.batch4,0,0
04:17:03,root.batch5,0,0
04:17:03,root.batch2,0,0
04:17:03,root.batch3,0,0
04:17:03,root.bursty0,1,1024
04:17:03,root.bursty1,260,1062912
04:17:03,root.bursty2,324,1442816
04:17:03,root.batch0,3,-1024
04:17:04,root.default,0,0
04:17:04,root.batch6,0,0
04:17:04,root.batch7,0,0
04:17:04,root.batch1,0,0
04:17:04,root.batch4,0,0
04:17:04,root.batch5,0,0
04:17:04,root.batch2,0,0
04:17:04,root.batch3,0,0
04:17:04,root.bursty0,1,1024
04:17:04,root.bursty1,220,980992
04:17:04,root.bursty2,313,1498112
04:17:04,root.batch0,3,-1024
04:17:05,root.default,0,0
04:17:05,root.batch6,0,0
04:17:05,root.batch7,0,0
04:17:05,root.batch1,0,0
04:17:05,root.batch4,0,0
04:17:05,root.batch5,0,0
04:17:05,root.batch2,0,0
04:17:05,root.batch3,0,0
04:17:05,root.bursty0,1,1024
04:17:05,root.bursty1,166,870400
04:17:05,root.bursty2,303,1608704
04:17:05,root.batch0,3,-1024
04:17:06,root.default,0,0
04:17:06,root.batch6,0,0
04:17:06,root.batch7,0,0
04:17:06,root.batch1,0,0
04:17:06,root.batch4,0,0
04:17:06,root.batch5,0,0
04:17:06,root.batch2,0,0
04:17:06,root.batch3,0,0
04:17:06,root.bursty0,1,1024
04:17:06,root.bursty1,149,823296
04:17:06,root.bursty2,293,1653760
04:17:06,root.batch0,3,-1024
04:17:07,root.default,0,0
04:17:07,root.batch6,0,0
04:17:07,root.batch7,0,0
04:17:07,root.batch1,0,0
04:17:07,root.batch4,0,0
04:17:07,root.batch5,0,0
04:17:07,root.batch2,0,0
04:17:07,root.batch3,0,0
04:17:07,root.bursty0,1,1024
04:17:07,root.bursty1,125,724992
04:17:07,root.bursty2,291,1682432
04:17:07,root.batch0,3,-1024
04:17:08,root.default,0,0
04:17:08,root.batch6,0,0
04:17:08,root.batch7,0,0
04:17:08,root.batch1,0,0
04:17:08,root.batch4,0,0
04:17:08,root.batch5,0,0
04:17:08,root.batch2,0,0
04:17:08,root.batch3,0,0
04:17:08,root.bursty0,1,1024
04:17:08,root.bursty1,106,583680
04:17:08,root.bursty2,318,1799168
04:17:08,root.batch0,3,-1024
04:17:09,root.default,0,0
04:17:09,root.batch6,0,0
04:17:09,root.batch7,0,0
04:17:09,root.batch1,0,0
04:17:09,root.batch4,0,0
04:17:09,root.batch5,0,0
04:17:09,root.batch2,0,0
04:17:09,root.batch3,0,0
04:17:09,root.bursty0,1,1024
04:17:09,root.bursty1,88,473088
04:17:09,root.bursty2,339,1969152
04:17:09,root.batch0,3,-1024
04:17:10,root.default,0,0
04:17:10,root.batch6,0,0
04:17:10,root.batch7,0,0
04:17:10,root.batch1,0,0
04:17:10,root.batch4,0,0
04:17:10,root.batch5,0,0
04:17:10,root.batch2,0,0
04:17:10,root.batch3,0,0
04:17:10,root.bursty0,1,1024
04:17:10,root.bursty1,52,276480
04:17:10,root.bursty2,355,2092032
04:17:10,root.batch0,3,-1024
04:17:11,root.default,0,0
04:17:11,root.batch6,0,0
04:17:11,root.batch7,0,0
04:17:11,root.batch1,0,0
04:17:11,root.batch4,0,0
04:17:11,root.batch5,0,0
04:17:11,root.batch2,0,0
04:17:11,root.batch3,0,0
04:17:11,root.bursty0,1,1024
04:17:11,root.bursty1,38,190464
04:17:11,root.bursty2,381,2251776
04:17:11,root.batch0,3,-1024
04:17:12,root.default,0,0
04:17:12,root.batch6,0,0
04:17:12,root.batch7,0,0
04:17:12,root.batch1,0,0
04:17:12,root.batch4,0,0
04:17:12,root.batch5,0,0
04:17:12,root.batch2,0,0
04:17:12,root.batch3,0,0
04:17:12,root.bursty0,1,1024
04:17:12,root.bursty1,35,180224
04:17:12,root.bursty2,382,2257920
04:17:12,root.batch0,3,-1024
04:17:13,root.default,0,0
04:17:13,root.batch6,0,0
04:17:13,root.batch7,0,0
04:17:13,root.batch1,0,0
04:17:13,root.batch4,0,0
04:17:13,root.batch5,0,0
04:17:13,root.batch2,0,0
04:17:13,root.batch3,0,0
04:17:13,root.bursty0,1,1024
04:17:13,root.bursty1,31,155648
04:17:13,root.bursty2,384,2286592
04:17:13,root.batch0,3,-1024
04:17:14,root.default,0,0
04:17:14,root.batch6,0,0
04:17:14,root.batch7,0,0
04:17:14,root.batch1,0,0
04:17:14,root.batch4,0,0
04:17:14,root.batch5,0,0
04:17:14,root.batch2,0,0
04:17:14,root.batch3,0,0
04:17:14,root.bursty0,1,1024
04:17:14,root.bursty1,27,139264
04:17:14,root.bursty2,379,2288640
04:17:14,root.batch0,3,-1024
04:17:15,root.default,0,0
04:17:15,root.batch6,0,0
04:17:15,root.batch7,0,0
04:17:15,root.batch1,0,0
04:17:15,root.batch4,0,0
04:17:15,root.batch5,0,0
04:17:15,root.batch2,0,0
04:17:15,root.batch3,0,0
04:17:15,root.bursty0,1,1024
04:17:15,root.bursty1,20,96256
04:17:15,root.bursty2,375,2288640
04:17:15,root.batch0,3,-1024
04:17:16,root.default,0,0
04:17:16,root.batch6,0,0
04:17:16,root.batch7,0,0
04:17:16,root.batch1,0,0
04:17:16,root.batch4,0,0
04:17:16,root.batch5,0,0
04:17:16,root.batch2,0,0
04:17:16,root.batch3,0,0
04:17:16,root.bursty0,5,25600
04:17:16,root.bursty1,14,75776
04:17:16,root.bursty2,381,2325504
04:17:16,root.batch0,3,-1024
04:17:17,root.default,0,0
04:17:17,root.batch6,0,0
04:17:17,root.batch7,0,0
04:17:17,root.batch1,0,0
04:17:17,root.batch4,0,0
04:17:17,root.batch5,0,0
04:17:17,root.batch2,0,0
04:17:17,root.batch3,0,0
04:17:17,root.bursty0,9,50176
04:17:17,root.bursty1,14,75776
04:17:17,root.bursty2,382,2331648
04:17:17,root.batch0,3,-1024
04:17:18,root.default,0,0
04:17:18,root.batch6,0,0
04:17:18,root.batch7,0,0
04:17:18,root.batch1,0,0
04:17:18,root.batch4,0,0
04:17:18,root.batch5,0,0
04:17:18,root.batch2,0,0
04:17:18,root.batch3,0,0
04:17:18,root.bursty0,10,56320
04:17:18,root.bursty1,13,69632
04:17:18,root.bursty2,381,2325504
04:17:18,root.batch0,3,-1024
04:17:19,root.default,0,0
04:17:19,root.batch6,0,0
04:17:19,root.batch7,0,0
04:17:19,root.batch1,0,0
04:17:19,root.batch4,0,0
04:17:19,root.batch5,0,0
04:17:19,root.batch2,0,0
04:17:19,root.batch3,0,0
04:17:19,root.bursty0,13,74752
04:17:19,root.bursty1,12,63488
04:17:19,root.bursty2,380,2319360
04:17:19,root.batch0,3,-1024
04:17:20,root.default,0,0
04:17:20,root.batch6,0,0
04:17:20,root.batch7,0,0
04:17:20,root.batch1,0,0
04:17:20,root.batch4,0,0
04:17:20,root.batch5,0,0
04:17:20,root.batch2,0,0
04:17:20,root.batch3,0,0
04:17:20,root.bursty1,11,57344
04:17:20,root.bursty0,17,99328
04:17:20,root.bursty2,375,2288640
04:17:20,root.batch0,3,-1024
04:17:21,root.default,0,0
04:17:21,root.batch6,0,0
04:17:21,root.batch7,0,0
04:17:21,root.batch1,0,0
04:17:21,root.batch4,0,0
04:17:21,root.batch5,0,0
04:17:21,root.batch2,0,0
04:17:21,root.batch3,0,0
04:17:21,root.bursty1,11,57344
04:17:21,root.bursty0,32,191488
04:17:21,root.bursty2,358,2184192
04:17:21,root.batch0,3,-1024
04:17:22,root.default,0,0
04:17:22,root.batch6,0,0
04:17:22,root.batch7,0,0
04:17:22,root.batch1,0,0
04:17:22,root.batch4,0,0
04:17:22,root.batch5,0,0
04:17:22,root.batch2,0,0
04:17:22,root.batch3,0,0
04:17:22,root.bursty1,17,94208
04:17:22,root.bursty0,38,228352
04:17:22,root.bursty2,340,2073600
04:17:22,root.batch0,3,-1024
04:17:23,root.default,0,0
04:17:23,root.batch6,0,0
04:17:23,root.batch7,0,0
04:17:23,root.batch1,0,0
04:17:23,root.batch4,0,0
04:17:23,root.batch5,0,0
04:17:23,root.batch2,0,0
04:17:23,root.batch3,0,0
04:17:23,root.bursty1,27,155648
04:17:23,root.bursty0,42,252928
04:17:23,root.bursty2,327,1993728
04:17:23,root.batch0,3,-1024
04:17:24,root.default,0,0
04:17:24,root.batch6,0,0
04:17:24,root.batch7,0,0
04:17:24,root.batch1,0,0
04:17:24,root.batch4,0,0
04:17:24,root.batch5,0,0
04:17:24,root.batch2,0,0
04:17:24,root.batch3,0,0
04:17:24,root.bursty1,37,217088
04:17:24,root.bursty0,43,259072
04:17:24,root.bursty2,318,1938432
04:17:24,root.batch0,3,-1024
04:17:25,root.default,0,0
04:17:25,root.batch6,0,0
04:17:25,root.batch7,0,0
04:17:25,root.batch1,0,0
04:17:25,root.batch4,0,0
04:17:25,root.batch5,0,0
04:17:25,root.batch2,0,0
04:17:25,root.batch3,0,0
04:17:25,root.bursty1,40,235520
04:17:25,root.bursty0,46,277504
04:17:25,root.bursty2,317,1932288
04:17:25,root.batch0,3,-1024
04:17:26,root.default,0,0
04:17:26,root.batch6,0,0
04:17:26,root.batch7,0,0
04:17:26,root.batch1,0,0
04:17:26,root.batch4,0,0
04:17:26,root.batch5,0,0
04:17:26,root.batch2,0,0
04:17:26,root.batch3,0,0
04:17:26,root.bursty1,42,247808
04:17:26,root.bursty0,46,277504
04:17:26,root.bursty2,317,1932288
04:17:26,root.batch0,3,-1024
04:17:27,root.default,0,0
04:17:27,root.batch6,0,0
04:17:27,root.batch7,0,0
04:17:27,root.batch1,0,0
04:17:27,root.batch4,0,0
04:17:27,root.batch5,0,0
04:17:27,root.batch2,0,0
04:17:27,root.batch3,0,0
04:17:27,root.bursty1,43,253952
04:17:27,root.bursty0,46,277504
04:17:27,root.bursty2,317,1932288
04:17:27,root.batch0,3,-1024
04:17:28,root.default,0,0
04:17:28,root.batch6,0,0
04:17:28,root.batch7,0,0
04:17:28,root.batch1,0,0
04:17:28,root.batch4,0,0
04:17:28,root.batch5,0,0
04:17:28,root.batch2,0,0
04:17:28,root.batch3,0,0
04:17:28,root.bursty1,43,253952
04:17:28,root.bursty0,46,277504
04:17:28,root.bursty2,317,1932288
04:17:28,root.batch0,3,-1024
04:17:29,root.default,0,0
04:17:29,root.batch6,0,0
04:17:29,root.batch7,0,0
04:17:29,root.batch1,0,0
04:17:29,root.batch4,0,0
04:17:29,root.batch5,0,0
04:17:29,root.batch2,0,0
04:17:29,root.batch3,0,0
04:17:29,root.bursty1,43,253952
04:17:29,root.bursty0,46,277504
04:17:29,root.bursty2,317,1932288
04:17:29,root.batch0,3,-1024
04:17:30,root.default,0,0
04:17:30,root.batch6,0,0
04:17:30,root.batch7,0,0
04:17:30,root.batch1,0,0
04:17:30,root.batch4,0,0
04:17:30,root.batch5,0,0
04:17:30,root.batch2,0,0
04:17:30,root.batch3,0,0
04:17:30,root.bursty1,44,260096
04:17:30,root.bursty0,46,277504
04:17:30,root.bursty2,312,1901568
04:17:30,root.batch0,3,-1024
04:17:31,root.default,0,0
04:17:31,root.batch6,0,0
04:17:31,root.batch7,0,0
04:17:31,root.batch1,0,0
04:17:31,root.batch4,0,0
04:17:31,root.batch5,0,0
04:17:31,root.batch2,0,0
04:17:31,root.batch3,0,0
04:17:31,root.bursty0,46,277504
04:17:31,root.bursty1,49,295936
04:17:31,root.bursty2,309,1888256
04:17:31,root.batch0,3,-1024
04:17:32,root.default,0,0
04:17:32,root.batch6,0,0
04:17:32,root.batch7,0,0
04:17:32,root.batch1,0,0
04:17:32,root.batch4,0,0
04:17:32,root.batch5,0,0
04:17:32,root.batch2,0,0
04:17:32,root.batch3,0,0
04:17:32,root.bursty0,50,302080
04:17:32,root.bursty1,62,375808
04:17:32,root.bursty2,291,1777664
04:17:32,root.batch0,3,-1024
04:17:33,root.default,0,0
04:17:33,root.batch6,0,0
04:17:33,root.batch7,0,0
04:17:33,root.batch1,0,0
04:17:33,root.batch4,0,0
04:17:33,root.batch5,0,0
04:17:33,root.batch2,0,0
04:17:33,root.batch3,0,0
04:17:33,root.bursty0,58,351232
04:17:33,root.bursty1,73,443392
04:17:33,root.bursty2,273,1667072
04:17:33,root.batch0,3,-1024
04:17:34,root.default,0,0
04:17:34,root.batch6,0,0
04:17:34,root.batch7,0,0
04:17:34,root.batch1,0,0
04:17:34,root.batch4,0,0
04:17:34,root.batch5,0,0
04:17:34,root.batch2,0,0
04:17:34,root.batch3,0,0
04:17:34,root.bursty0,72,437248
04:17:34,root.bursty1,78,474112
04:17:34,root.bursty2,251,1531904
04:17:34,root.batch0,3,-1024
04:17:35,root.default,0,0
04:17:35,root.batch6,0,0
04:17:35,root.batch7,0,0
04:17:35,root.batch1,0,0
04:17:35,root.batch4,0,0
04:17:35,root.batch5,0,0
04:17:35,root.batch2,0,0
04:17:35,root.batch3,0,0
04:17:35,root.bursty1,85,517120
04:17:35,root.bursty0,95,578560
04:17:35,root.bursty2,222,1353728
04:17:35,root.batch0,3,-1024
04:17:36,root.default,0,0
04:17:36,root.batch6,0,0
04:17:36,root.batch7,0,0
04:17:36,root.batch1,0,0
04:17:36,root.batch4,0,0
04:17:36,root.batch5,0,0
04:17:36,root.batch2,0,0
04:17:36,root.batch3,0,0
04:17:36,root.bursty1,103,627712
04:17:36,root.bursty0,103,627712
04:17:36,root.bursty2,197,1200128
04:17:36,root.batch0,3,-1024
04:17:37,root.default,0,0
04:17:37,root.batch6,0,0
04:17:37,root.batch7,0,0
04:17:37,root.batch1,0,0
04:17:37,root.batch4,0,0
04:17:37,root.batch5,0,0
04:17:37,root.batch2,0,0
04:17:37,root.batch3,0,0
04:17:37,root.bursty0,113,689152
04:17:37,root.bursty1,113,689152
04:17:37,root.bursty2,177,1077248
04:17:37,root.batch0,3,-1024
04:17:38,root.default,0,0
04:17:38,root.batch6,0,0
04:17:38,root.batch7,0,0
04:17:38,root.batch1,0,0
04:17:38,root.batch4,0,0
04:17:38,root.batch5,0,0
04:17:38,root.batch2,0,0
04:17:38,root.batch3,0,0
04:17:38,root.bursty1,119,726016
04:17:38,root.bursty0,120,732160
04:17:38,root.bursty2,162,985088
04:17:38,root.batch0,3,-1024
04:17:39,root.default,0,0
04:17:39,root.batch6,0,0
04:17:39,root.batch7,0,0
04:17:39,root.batch1,0,0
04:17:39,root.batch4,0,0
04:17:39,root.batch5,0,0
04:17:39,root.batch2,0,0
04:17:39,root.batch3,0,0
04:17:39,root.bursty1,133,812032
04:17:39,root.bursty0,133,812032
04:17:39,root.bursty2,134,813056
04:17:39,root.batch0,3,-1024
04:17:40,root.default,0,0
04:17:40,root.batch6,0,0
04:17:40,root.batch7,0,0
04:17:40,root.batch1,0,0
04:17:40,root.batch4,0,0
04:17:40,root.batch5,0,0
04:17:40,root.batch2,0,0
04:17:40,root.batch3,0,0
04:17:40,root.bursty2,117,708608
04:17:40,root.bursty0,141,861184
04:17:40,root.bursty1,143,873472
04:17:40,root.batch0,3,-1024
04:17:41,root.default,0,0
04:17:41,root.batch6,0,0
04:17:41,root.batch7,0,0
04:17:41,root.batch1,0,0
04:17:41,root.batch4,0,0
04:17:41,root.batch5,0,0
04:17:41,root.batch2,0,0
04:17:41,root.batch3,0,0
04:17:41,root.bursty2,112,677888
04:17:41,root.bursty0,142,867328
04:17:41,root.bursty1,147,898048
04:17:41,root.batch0,3,-1024
04:17:42,root.default,0,0
04:17:42,root.batch6,0,0
04:17:42,root.batch7,0,0
04:17:42,root.batch1,0,0
04:17:42,root.batch4,0,0
04:17:42,root.batch5,0,0
04:17:42,root.batch2,0,0
04:17:42,root.batch3,0,0
04:17:42,root.bursty2,112,677888
04:17:42,root.bursty0,142,867328
04:17:42,root.bursty1,147,898048
04:17:42,root.batch0,3,-1024
04:17:44,root.default,0,0
04:17:44,root.batch6,0,0
04:17:44,root.batch7,0,0
04:17:44,root.batch1,0,0
04:17:44,root.batch4,0,0
04:17:44,root.batch5,0,0
04:17:44,root.batch2,0,0
04:17:44,root.batch3,0,0
04:17:44,root.bursty2,115,696320
04:17:44,root.bursty0,142,867328
04:17:44,root.bursty1,147,898048
04:17:44,root.batch0,3,-1024
04:17:45,root.default,0,0
04:17:45,root.batch6,0,0
04:17:45,root.batch7,0,0
04:17:45,root.batch1,0,0
04:17:45,root.batch4,0,0
04:17:45,root.batch5,0,0
04:17:45,root.batch2,0,0
04:17:45,root.batch3,0,0
04:17:45,root.bursty2,115,696320
04:17:45,root.bursty0,142,867328
04:17:45,root.bursty1,147,898048
04:17:45,root.batch0,3,-1024
04:17:46,root.default,0,0
04:17:46,root.batch6,0,0
04:17:46,root.batch7,0,0
04:17:46,root.batch1,0,0
04:17:46,root.batch4,0,0
04:17:46,root.batch5,0,0
04:17:46,root.batch2,0,0
04:17:46,root.batch3,0,0
04:17:46,root.bursty2,116,702464
04:17:46,root.bursty0,141,861184
04:17:46,root.bursty1,147,898048
04:17:46,root.batch0,3,-1024
04:17:47,root.default,0,0
04:17:47,root.batch6,0,0
04:17:47,root.batch7,0,0
04:17:47,root.batch1,0,0
04:17:47,root.batch4,0,0
04:17:47,root.batch5,0,0
04:17:47,root.batch2,0,0
04:17:47,root.batch3,0,0
04:17:47,root.bursty2,117,708608
04:17:47,root.bursty0,140,855040
04:17:47,root.bursty1,147,898048
04:17:47,root.batch0,3,-1024
04:17:48,root.default,0,0
04:17:48,root.batch6,0,0
04:17:48,root.batch7,0,0
04:17:48,root.batch1,0,0
04:17:48,root.batch4,0,0
04:17:48,root.batch5,0,0
04:17:48,root.batch2,0,0
04:17:48,root.batch3,0,0
04:17:48,root.bursty2,121,733184
04:17:48,root.bursty0,134,818176
04:17:48,root.bursty1,147,898048
04:17:48,root.batch0,3,-1024
04:17:49,root.default,0,0
04:17:49,root.batch6,0,0
04:17:49,root.batch7,0,0
04:17:49,root.batch1,0,0
04:17:49,root.batch4,0,0
04:17:49,root.batch5,0,0
04:17:49,root.batch2,0,0
04:17:49,root.batch3,0,0
04:17:49,root.bursty2,124,751616
04:17:49,root.bursty0,131,799744
04:17:49,root.bursty1,147,898048
04:17:49,root.batch0,3,-1024
04:17:50,root.default,0,0
04:17:50,root.batch6,0,0
04:17:50,root.batch7,0,0
04:17:50,root.batch1,0,0
04:17:50,root.batch4,0,0
04:17:50,root.batch5,0,0
04:17:50,root.batch2,0,0
04:17:50,root.batch3,0,0
04:17:50,root.bursty2,126,763904
04:17:50,root.bursty0,129,787456
04:17:50,root.bursty1,147,898048
04:17:50,root.batch0,3,-1024
04:17:51,root.default,0,0
04:17:51,root.batch6,0,0
04:17:51,root.batch7,0,0
04:17:51,root.batch1,0,0
04:17:51,root.batch4,0,0
04:17:51,root.batch5,0,0
04:17:51,root.batch2,0,0
04:17:51,root.batch3,0,0
04:17:51,root.bursty0,124,756736
04:17:51,root.bursty2,128,776192
04:17:51,root.bursty1,146,891904
04:17:51,root.batch0,3,-1024
04:17:52,root.default,0,0
04:17:52,root.batch6,0,0
04:17:52,root.batch7,0,0
04:17:52,root.batch1,0,0
04:17:52,root.batch4,0,0
04:17:52,root.batch5,0,0
04:17:52,root.batch2,0,0
04:17:52,root.batch3,0,0
04:17:52,root.bursty0,110,670720
04:17:52,root.bursty2,140,849920
04:17:52,root.bursty1,142,867328
04:17:52,root.batch0,3,-1024
04:17:53,root.default,0,0
04:17:53,root.batch6,0,0
04:17:53,root.batch7,0,0
04:17:53,root.batch1,0,0
04:17:53,root.batch4,0,0
04:17:53,root.batch5,0,0
04:17:53,root.batch2,0,0
04:17:53,root.batch3,0,0
04:17:53,root.bursty0,114,695296
04:17:53,root.bursty1,130,793600
04:17:53,root.bursty2,153,929792
04:17:53,root.batch0,3,-1024
04:17:54,root.default,0,0
04:17:54,root.batch6,0,0
04:17:54,root.batch7,0,0
04:17:54,root.batch1,0,0
04:17:54,root.batch4,0,0
04:17:54,root.batch5,0,0
04:17:54,root.batch2,0,0
04:17:54,root.batch3,0,0
04:17:54,root.bursty1,121,738304
04:17:54,root.bursty0,121,738304
04:17:54,root.bursty2,157,954368
04:17:54,root.batch0,3,-1024
04:17:55,root.default,0,0
04:17:55,root.batch6,0,0
04:17:55,root.batch7,0,0
04:17:55,root.batch1,0,0
04:17:55,root.batch4,0,0
04:17:55,root.batch5,0,0
04:17:55,root.batch2,0,0
04:17:55,root.batch3,0,0
04:17:55,root.bursty1,115,701440
04:17:55,root.bursty0,125,762880
04:17:55,root.bursty2,161,978944
04:17:55,root.batch0,3,-1024
04:17:56,root.default,0,0
04:17:56,root.batch6,0,0
04:17:56,root.batch7,0,0
04:17:56,root.batch1,0,0
04:17:56,root.batch4,0,0
04:17:56,root.batch5,0,0
04:17:56,root.batch2,0,0
04:17:56,root.batch3,0,0
04:17:56,root.bursty1,115,701440
04:17:56,root.bursty0,126,769024
04:17:56,root.bursty2,162,985088
04:17:56,root.batch0,3,-1024
04:17:57,root.default,0,0
04:17:57,root.batch6,0,0
04:17:57,root.batch7,0,0
04:17:57,root.batch1,0,0
04:17:57,root.batch4,0,0
04:17:57,root.batch5,0,0
04:17:57,root.batch2,0,0
04:17:57,root.batch3,0,0
04:17:57,root.bursty1,116,707584
04:17:57,root.bursty0,126,769024
04:17:57,root.bursty2,162,985088
04:17:57,root.batch0,3,-1024
04:17:58,root.default,0,0
04:17:58,root.batch6,0,0
04:17:58,root.batch7,0,0
04:17:58,root.batch1,0,0
04:17:58,root.batch4,0,0
04:17:58,root.batch5,0,0
04:17:58,root.batch2,0,0
04:17:58,root.batch3,0,0
04:17:58,root.bursty1,116,707584
04:17:58,root.bursty0,126,769024
04:17:58,root.bursty2,162,985088
04:17:58,root.batch0,3,-1024
04:17:59,root.default,0,0
04:17:59,root.batch6,0,0
04:17:59,root.batch7,0,0
04:17:59,root.batch1,0,0
04:17:59,root.batch4,0,0
04:17:59,root.batch5,0,0
04:17:59,root.batch2,0,0
04:17:59,root.batch3,0,0
04:17:59,root.bursty1,116,707584
04:17:59,root.bursty0,126,769024
04:17:59,root.bursty2,162,985088
04:17:59,root.batch0,3,-1024
04:18:00,root.default,0,0
04:18:00,root.batch6,0,0
04:18:00,root.batch7,0,0
04:18:00,root.batch1,0,0
04:18:00,root.batch4,0,0
04:18:00,root.batch5,0,0
04:18:00,root.batch2,0,0
04:18:00,root.batch3,0,0
04:18:00,root.bursty1,116,707584
04:18:00,root.bursty0,126,769024
04:18:00,root.bursty2,162,985088
04:18:00,root.batch0,3,-1024
04:18:01,root.default,0,0
04:18:01,root.batch6,0,0
04:18:01,root.batch7,0,0
04:18:01,root.batch1,0,0
04:18:01,root.batch4,0,0
04:18:01,root.batch5,0,0
04:18:01,root.batch2,0,0
04:18:01,root.batch3,0,0
04:18:01,root.bursty1,114,695296
04:18:01,root.bursty0,128,781312
04:18:01,root.bursty2,162,985088
04:18:01,root.batch0,3,-1024
04:18:02,root.default,0,0
04:18:02,root.batch6,0,0
04:18:02,root.batch7,0,0
04:18:02,root.batch1,0,0
04:18:02,root.batch4,0,0
04:18:02,root.batch5,0,0
04:18:02,root.batch2,0,0
04:18:02,root.batch3,0,0
04:18:02,root.bursty1,113,689152
04:18:02,root.bursty0,126,769024
04:18:02,root.bursty2,163,991232
04:18:02,root.batch0,3,-1024
04:18:03,root.default,0,0
04:18:03,root.batch6,0,0
04:18:03,root.batch7,0,0
04:18:03,root.batch1,0,0
04:18:03,root.batch4,0,0
04:18:03,root.batch5,0,0
04:18:03,root.batch2,0,0
04:18:03,root.batch3,0,0
04:18:03,root.bursty1,106,646144
04:18:03,root.bursty0,130,793600
04:18:03,root.bursty2,163,991232
04:18:03,root.batch0,3,-1024
04:18:04,root.default,0,0
04:18:04,root.batch6,0,0
04:18:04,root.batch7,0,0
04:18:04,root.batch1,0,0
04:18:04,root.batch4,0,0
04:18:04,root.batch5,0,0
04:18:04,root.batch2,0,0
04:18:04,root.batch3,0,0
04:18:04,root.bursty0,115,701440
04:18:04,root.bursty1,119,726016
04:18:04,root.bursty2,163,991232
04:18:04,root.batch0,3,-1024
04:18:05,root.default,0,0
04:18:05,root.batch6,0,0
04:18:05,root.batch7,0,0
04:18:05,root.batch1,0,0
04:18:05,root.batch4,0,0
04:18:05,root.batch5,0,0
04:18:05,root.batch2,0,0
04:18:05,root.batch3,0,0
04:18:05,root.bursty0,107,652288
04:18:05,root.bursty1,126,769024
04:18:05,root.bursty2,163,991232
04:18:05,root.batch0,3,-1024
04:18:06,root.default,0,0
04:18:06,root.batch6,0,0
04:18:06,root.batch7,0,0
04:18:06,root.batch1,0,0
04:18:06,root.batch4,0,0
04:18:06,root.batch5,0,0
04:18:06,root.batch2,0,0
04:18:06,root.batch3,0,0
04:18:06,root.bursty0,103,627712
04:18:06,root.bursty1,122,744448
04:18:06,root.bursty2,163,991232
04:18:06,root.batch0,3,-1024
04:18:07,root.default,0,0
04:18:07,root.batch6,0,0
04:18:07,root.batch7,0,0
04:18:07,root.batch1,0,0
04:18:07,root.batch4,0,0
04:18:07,root.batch5,0,0
04:18:07,root.batch2,0,0
04:18:07,root.batch3,0,0
04:18:07,root.bursty1,117,713728
04:18:07,root.bursty0,117,713728
04:18:07,root.bursty2,163,991232
04:18:07,root.batch0,3,-1024
04:18:08,root.default,0,0
04:18:08,root.batch6,0,0
04:18:08,root.batch7,0,0
04:18:08,root.batch1,0,0
04:18:08,root.batch4,0,0
04:18:08,root.batch5,0,0
04:18:08,root.batch2,0,0
04:18:08,root.batch3,0,0
04:18:08,root.bursty1,118,719872
04:18:08,root.bursty0,119,726016
04:18:08,root.bursty2,163,991232
04:18:08,root.batch0,3,-1024
04:18:09,root.default,0,0
04:18:09,root.batch6,0,0
04:18:09,root.batch7,0,0
04:18:09,root.batch1,0,0
04:18:09,root.batch4,0,0
04:18:09,root.batch5,0,0
04:18:09,root.batch2,0,0
04:18:09,root.batch3,0,0
04:18:09,root.bursty0,116,707584
04:18:09,root.bursty1,119,726016
04:18:09,root.bursty2,163,991232
04:18:09,root.batch0,3,-1024
04:18:10,root.default,0,0
04:18:10,root.batch6,0,0
04:18:10,root.batch7,0,0
04:18:10,root.batch1,0,0
04:18:10,root.batch4,0,0
04:18:10,root.batch5,0,0
04:18:10,root.batch2,0,0
04:18:10,root.batch3,0,0
04:18:10,root.bursty0,115,701440
04:18:10,root.bursty1,121,738304
04:18:10,root.bursty2,154,935936
04:18:10,root.batch0,3,-1024
04:18:11,root.default,0,0
04:18:11,root.batch6,0,0
04:18:11,root.batch7,0,0
04:18:11,root.batch1,0,0
04:18:11,root.batch4,0,0
04:18:11,root.batch5,0,0
04:18:11,root.batch2,0,0
04:18:11,root.batch3,0,0
04:18:11,root.bursty1,123,750592
04:18:11,root.bursty2,132,800768
04:18:11,root.bursty0,133,812032
04:18:11,root.batch0,3,-1024
04:18:12,root.default,0,0
04:18:12,root.batch6,0,0
04:18:12,root.batch7,0,0
04:18:12,root.batch1,0,0
04:18:12,root.batch4,0,0
04:18:12,root.batch5,0,0
04:18:12,root.batch2,0,0
04:18:12,root.batch3,0,0
04:18:12,root.bursty2,118,714752
04:18:12,root.bursty0,133,812032
04:18:12,root.bursty1,140,855040
04:18:12,root.batch0,3,-1024
04:18:13,root.default,0,0
04:18:13,root.batch6,0,0
04:18:13,root.batch7,0,0
04:18:13,root.batch1,0,0
04:18:13,root.batch4,0,0
04:18:13,root.batch5,0,0
04:18:13,root.batch2,0,0
04:18:13,root.batch3,0,0
04:18:13,root.bursty2,125,667648
04:18:13,root.bursty0,133,812032
04:18:13,root.bursty1,146,891904
04:18:13,root.batch0,3,-1024
04:18:14,root.default,0,0
04:18:14,root.batch6,0,0
04:18:14,root.batch7,0,0
04:18:14,root.batch1,0,0
04:18:14,root.batch4,0,0
04:18:14,root.batch5,0,0
04:18:14,root.batch2,0,0
04:18:14,root.batch3,0,0
04:18:14,root.bursty2,181,733184
04:18:14,root.bursty0,133,812032
04:18:14,root.bursty1,148,904192
04:18:14,root.batch0,3,-1024
04:18:15,root.default,0,0
04:18:15,root.batch6,0,0
04:18:15,root.batch7,0,0
04:18:15,root.batch1,0,0
04:18:15,root.batch4,0,0
04:18:15,root.batch5,0,0
04:18:15,root.batch2,0,0
04:18:15,root.batch3,0,0
04:18:15,root.bursty2,203,688128
04:18:15,root.bursty0,134,818176
04:18:15,root.bursty1,148,904192
04:18:15,root.batch0,3,-1024
04:18:16,root.default,0,0
04:18:16,root.batch6,0,0
04:18:16,root.batch7,0,0
04:18:16,root.batch1,0,0
04:18:16,root.batch4,0,0
04:18:16,root.batch5,0,0
04:18:16,root.batch2,0,0
04:18:16,root.batch3,0,0
04:18:16,root.bursty2,237,708608
04:18:16,root.bursty0,135,824320
04:18:16,root.bursty1,148,904192
04:18:16,root.batch0,3,-1024
04:18:17,root.default,0,0
04:18:17,root.batch6,0,0
04:18:17,root.batch7,0,0
04:18:17,root.batch1,0,0
04:18:17,root.batch4,0,0
04:18:17,root.batch5,0,0
04:18:17,root.batch2,0,0
04:18:17,root.batch3,0,0
04:18:17,root.bursty2,242,706560
04:18:17,root.bursty0,138,842752
04:18:17,root.bursty1,149,910336
04:18:17,root.batch0,3,-1024
04:18:18,root.default,0,0
04:18:18,root.batch6,0,0
04:18:18,root.batch7,0,0
04:18:18,root.batch1,0,0
04:18:18,root.batch4,0,0
04:18:18,root.batch5,0,0
04:18:18,root.batch2,0,0
04:18:18,root.batch3,0,0
04:18:18,root.bursty2,221,692224
04:18:18,root.bursty0,138,842752
04:18:18,root.bursty1,149,910336
04:18:18,root.batch0,3,-1024
04:18:19,root.default,0,0
04:18:19,root.batch6,0,0
04:18:19,root.batch7,0,0
04:18:19,root.batch1,0,0
04:18:19,root.batch4,0,0
04:18:19,root.batch5,0,0
04:18:19,root.batch2,0,0
04:18:19,root.batch3,0,0
04:18:19,root.bursty2,227,737280
04:18:19,root.bursty0,138,842752
04:18:19,root.bursty1,149,910336
04:18:19,root.batch0,3,-1024
04:18:20,root.default,0,0
04:18:20,root.batch6,0,0
04:18:20,root.batch7,0,0
04:18:20,root.batch1,0,0
04:18:20,root.batch4,0,0
04:18:20,root.batch5,0,0
04:18:20,root.batch2,0,0
04:18:20,root.batch3,0,0
04:18:20,root.bursty2,198,714752
04:18:20,root.bursty0,137,836608
04:18:20,root.bursty1,149,910336
04:18:20,root.batch0,3,-1024
04:18:21,root.default,0,0
04:18:21,root.batch6,0,0
04:18:21,root.batch7,0,0
04:18:21,root.batch1,0,0
04:18:21,root.batch4,0,0
04:18:21,root.batch5,0,0
04:18:21,root.batch2,0,0
04:18:21,root.batch3,0,0
04:18:21,root.bursty2,147,655360
04:18:21,root.bursty0,136,830464
04:18:21,root.bursty1,149,910336
04:18:21,root.batch0,3,-1024
04:18:22,root.default,0,0
04:18:22,root.batch6,0,0
04:18:22,root.batch7,0,0
04:18:22,root.batch1,0,0
04:18:22,root.batch4,0,0
04:18:22,root.batch5,0,0
04:18:22,root.batch2,0,0
04:18:22,root.batch3,0,0
04:18:22,root.bursty2,118,657408
04:18:22,root.bursty0,135,824320
04:18:22,root.bursty1,149,910336
04:18:22,root.batch0,3,-1024
04:18:23,root.default,0,0
04:18:23,root.batch6,0,0
04:18:23,root.batch7,0,0
04:18:23,root.batch1,0,0
04:18:23,root.batch4,0,0
04:18:23,root.batch5,0,0
04:18:23,root.batch2,0,0
04:18:23,root.batch3,0,0
04:18:23,root.bursty0,125,762880
04:18:23,root.bursty2,128,768000
04:18:23,root.bursty1,149,910336
04:18:23,root.batch0,3,-1024
04:18:24,root.default,0,0
04:18:24,root.batch6,0,0
04:18:24,root.batch7,0,0
04:18:24,root.batch1,0,0
04:18:24,root.batch4,0,0
04:18:24,root.batch5,0,0
04:18:24,root.batch2,0,0
04:18:24,root.batch3,0,0
04:18:24,root.bursty0,120,732160
04:18:24,root.bursty2,133,806912
04:18:24,root.bursty1,147,898048
04:18:24,root.batch0,3,-1024
04:18:25,root.default,0,0
04:18:25,root.batch6,0,0
04:18:25,root.batch7,0,0
04:18:25,root.batch1,0,0
04:18:25,root.batch4,0,0
04:18:25,root.batch5,0,0
04:18:25,root.batch2,0,0
04:18:25,root.batch3,0,0
04:18:25,root.bursty0,125,762880
04:18:25,root.bursty2,136,825344
04:18:25,root.bursty1,143,873472
04:18:25,root.batch0,3,-1024
04:18:26,root.default,0,0
04:18:26,root.batch6,0,0
04:18:26,root.batch7,0,0
04:18:26,root.batch1,0,0
04:18:26,root.batch4,0,0
04:18:26,root.batch5,0,0
04:18:26,root.batch2,0,0
04:18:26,root.batch3,0,0
04:18:26,root.bursty0,126,769024
04:18:26,root.bursty2,137,831488
04:18:26,root.bursty1,141,861184
04:18:26,root.batch0,3,-1024
04:18:27,root.default,0,0
04:18:27,root.batch6,0,0
04:18:27,root.batch7,0,0
04:18:27,root.batch1,0,0
04:18:27,root.batch4,0,0
04:18:27,root.batch5,0,0
04:18:27,root.batch2,0,0
04:18:27,root.batch3,0,0
04:18:27,root.bursty0,128,781312
04:18:27,root.bursty2,137,831488
04:18:27,root.bursty1,139,848896
04:18:27,root.batch0,3,-1024
04:18:28,root.default,0,0
04:18:28,root.batch6,0,0
04:18:28,root.batch7,0,0
04:18:28,root.batch1,0,0
04:18:28,root.batch4,0,0
04:18:28,root.batch5,0,0
04:18:28,root.batch2,0,0
04:18:28,root.batch3,0,0
04:18:28,root.bursty0,128,781312
04:18:28,root.bursty2,137,831488
04:18:28,root.bursty1,139,848896
04:18:28,root.batch0,3,-1024
04:18:29,root.default,0,0
04:18:29,root.batch6,0,0
04:18:29,root.batch7,0,0
04:18:29,root.batch1,0,0
04:18:29,root.batch4,0,0
04:18:29,root.batch5,0,0
04:18:29,root.batch2,0,0
04:18:29,root.batch3,0,0
04:18:29,root.bursty0,128,781312
04:18:29,root.bursty2,137,831488
04:18:29,root.bursty1,139,848896
04:18:29,root.batch0,3,-1024
04:18:30,root.default,0,0
04:18:30,root.batch6,0,0
04:18:30,root.batch7,0,0
04:18:30,root.batch1,0,0
04:18:30,root.batch4,0,0
04:18:30,root.batch5,0,0
04:18:30,root.batch2,0,0
04:18:30,root.batch3,0,0
04:18:30,root.bursty0,128,781312
04:18:30,root.bursty2,137,831488
04:18:30,root.bursty1,136,830464
04:18:30,root.batch0,3,-1024
04:18:31,root.default,0,0
04:18:31,root.batch6,0,0
04:18:31,root.batch7,0,0
04:18:31,root.batch1,0,0
04:18:31,root.batch4,0,0
04:18:31,root.batch5,0,0
04:18:31,root.batch2,0,0
04:18:31,root.batch3,0,0
04:18:31,root.bursty0,130,793600
04:18:31,root.bursty2,138,837632
04:18:31,root.bursty1,133,812032
04:18:31,root.batch0,3,-1024
04:18:32,root.default,0,0
04:18:32,root.batch6,0,0
04:18:32,root.batch7,0,0
04:18:32,root.batch1,0,0
04:18:32,root.batch4,0,0
04:18:32,root.batch5,0,0
04:18:32,root.batch2,0,0
04:18:32,root.batch3,0,0
04:18:32,root.bursty0,132,805888
04:18:32,root.bursty1,116,707584
04:18:32,root.bursty2,139,843776
04:18:32,root.batch0,3,-1024
04:18:33,root.default,0,0
04:18:33,root.batch6,0,0
04:18:33,root.batch7,0,0
04:18:33,root.batch1,0,0
04:18:33,root.batch4,0,0
04:18:33,root.batch5,0,0
04:18:33,root.batch2,0,0
04:18:33,root.batch3,0,0
04:18:33,root.bursty1,107,652288
04:18:33,root.bursty2,141,856064
04:18:33,root.bursty0,143,873472
04:18:33,root.batch0,3,-1024
04:18:34,root.default,0,0
04:18:34,root.batch6,0,0
04:18:34,root.batch7,0,0
04:18:34,root.batch1,0,0
04:18:34,root.batch4,0,0
04:18:34,root.batch5,0,0
04:18:34,root.batch2,0,0
04:18:34,root.batch3,0,0
04:18:34,root.bursty1,107,652288
04:18:34,root.bursty2,141,856064
04:18:34,root.bursty0,144,879616
04:18:34,root.batch0,3,-1024
04:18:35,root.default,0,0
04:18:35,root.batch6,0,0
04:18:35,root.batch7,0,0
04:18:35,root.batch1,0,0
04:18:35,root.batch4,0,0
04:18:35,root.batch5,0,0
04:18:35,root.batch2,0,0
04:18:35,root.batch3,0,0
04:18:35,root.bursty1,114,695296
04:18:35,root.bursty2,141,856064
04:18:35,root.bursty0,144,879616
04:18:35,root.batch0,3,-1024
04:18:36,root.default,0,0
04:18:36,root.batch6,0,0
04:18:36,root.batch7,0,0
04:18:36,root.batch1,0,0
04:18:36,root.batch4,0,0
04:18:36,root.batch5,0,0
04:18:36,root.batch2,0,0
04:18:36,root.batch3,0,0
04:18:36,root.bursty0,125,762880
04:18:36,root.bursty1,131,799744
04:18:36,root.bursty2,141,856064
04:18:36,root.batch0,3,-1024
04:18:37,root.default,0,0
04:18:37,root.batch6,0,0
04:18:37,root.batch7,0,0
04:18:37,root.batch1,0,0
04:18:37,root.batch4,0,0
04:18:37,root.batch5,0,0
04:18:37,root.batch2,0,0
04:18:37,root.batch3,0,0
04:18:37,root.bursty0,120,732160
04:18:37,root.bursty2,141,856064
04:18:37,root.bursty1,134,818176
04:18:37,root.batch0,3,-1024
04:18:38,root.default,0,0
04:18:38,root.batch6,0,0
04:18:38,root.batch7,0,0
04:18:38,root.batch1,0,0
04:18:38,root.batch4,0,0
04:18:38,root.batch5,0,0
04:18:38,root.batch2,0,0
04:18:38,root.batch3,0,0
04:18:38,root.bursty1,123,750592
04:18:38,root.bursty0,126,769024
04:18:38,root.bursty2,141,856064
04:18:38,root.batch0,3,-1024
04:18:39,root.default,0,0
04:18:39,root.batch6,0,0
04:18:39,root.batch7,0,0
04:18:39,root.batch1,0,0
04:18:39,root.batch4,0,0
04:18:39,root.batch5,0,0
04:18:39,root.batch2,0,0
04:18:39,root.batch3,0,0
04:18:39,root.bursty1,115,701440
04:18:39,root.bursty0,137,836608
04:18:39,root.bursty2,141,856064
04:18:39,root.batch0,3,-1024
04:18:41,root.default,0,0
04:18:41,root.batch6,0,0
04:18:41,root.batch7,0,0
04:18:41,root.batch1,0,0
04:18:41,root.batch4,0,0
04:18:41,root.batch5,0,0
04:18:41,root.batch2,0,0
04:18:41,root.batch3,0,0
04:18:41,root.bursty1,122,744448
04:18:41,root.bursty0,132,805888
04:18:41,root.bursty2,141,856064
04:18:41,root.batch0,3,-1024
04:18:42,root.default,0,0
04:18:42,root.batch6,0,0
04:18:42,root.batch7,0,0
04:18:42,root.batch1,0,0
04:18:42,root.batch4,0,0
04:18:42,root.batch5,0,0
04:18:42,root.batch2,0,0
04:18:42,root.batch3,0,0
04:18:42,root.bursty0,122,744448
04:18:42,root.bursty1,122,744448
04:18:42,root.bursty2,141,856064
04:18:42,root.batch0,3,-1024
04:18:43,root.default,0,0
04:18:43,root.batch6,0,0
04:18:43,root.batch7,0,0
04:18:43,root.batch1,0,0
04:18:43,root.batch4,0,0
04:18:43,root.batch5,0,0
04:18:43,root.batch2,0,0
04:18:43,root.batch3,0,0
04:18:43,root.bursty1,123,750592
04:18:43,root.bursty0,134,818176
04:18:43,root.bursty2,136,825344
04:18:43,root.batch0,3,-1024
04:18:44,root.default,0,0
04:18:44,root.batch6,0,0
04:18:44,root.batch7,0,0
04:18:44,root.batch1,0,0
04:18:44,root.batch4,0,0
04:18:44,root.batch5,0,0
04:18:44,root.batch2,0,0
04:18:44,root.batch3,0,0
04:18:44,root.bursty1,123,750592
04:18:44,root.bursty2,136,825344
04:18:44,root.bursty0,142,867328
04:18:44,root.batch0,3,-1024
04:18:45,root.default,0,0
04:18:45,root.batch6,0,0
04:18:45,root.batch7,0,0
04:18:45,root.batch1,0,0
04:18:45,root.batch4,0,0
04:18:45,root.batch5,0,0
04:18:45,root.batch2,0,0
04:18:45,root.batch3,0,0
04:18:45,root.bursty1,125,762880
04:18:45,root.bursty2,136,825344
04:18:45,root.bursty0,143,873472
04:18:45,root.batch0,3,-1024
04:18:46,root.default,0,0
04:18:46,root.batch6,0,0
04:18:46,root.batch7,0,0
04:18:46,root.batch1,0,0
04:18:46,root.batch4,0,0
04:18:46,root.batch5,0,0
04:18:46,root.batch2,0,0
04:18:46,root.batch3,0,0
04:18:46,root.bursty1,125,762880
04:18:46,root.bursty2,136,825344
04:18:46,root.bursty0,142,867328
04:18:46,root.batch0,3,-1024
04:18:47,root.default,0,0
04:18:47,root.batch6,0,0
04:18:47,root.batch7,0,0
04:18:47,root.batch1,0,0
04:18:47,root.batch4,0,0
04:18:47,root.batch5,0,0
04:18:47,root.batch2,0,0
04:18:47,root.batch3,0,0
04:18:47,root.bursty1,129,787456
04:18:47,root.bursty2,136,825344
04:18:47,root.bursty0,139,848896
04:18:47,root.batch0,3,-1024
04:18:48,root.default,0,0
04:18:48,root.batch6,0,0
04:18:48,root.batch7,0,0
04:18:48,root.batch1,0,0
04:18:48,root.batch4,0,0
04:18:48,root.batch5,0,0
04:18:48,root.batch2,0,0
04:18:48,root.batch3,0,0
04:18:48,root.bursty2,132,800768
04:18:48,root.bursty1,133,812032
04:18:48,root.bursty0,138,842752
04:18:48,root.batch0,3,-1024
04:18:49,root.default,0,0
04:18:49,root.batch6,0,0
04:18:49,root.batch7,0,0
04:18:49,root.batch1,0,0
04:18:49,root.batch4,0,0
04:18:49,root.batch5,0,0
04:18:49,root.batch2,0,0
04:18:49,root.batch3,0,0
04:18:49,root.bursty2,123,745472
04:18:49,root.bursty1,141,861184
04:18:49,root.bursty0,138,842752
04:18:49,root.batch0,3,-1024
04:18:50,root.default,0,0
04:18:50,root.batch6,0,0
04:18:50,root.batch7,0,0
04:18:50,root.batch1,0,0
04:18:50,root.batch4,0,0
04:18:50,root.batch5,0,0
04:18:50,root.batch2,0,0
04:18:50,root.batch3,0,0
04:18:50,root.bursty2,115,701440
04:18:50,root.bursty0,138,842752
04:18:50,root.bursty1,148,904192
04:18:50,root.batch0,3,-1024
04:18:51,root.default,0,0
04:18:51,root.batch6,0,0
04:18:51,root.batch7,0,0
04:18:51,root.batch1,0,0
04:18:51,root.batch4,0,0
04:18:51,root.batch5,0,0
04:18:51,root.batch2,0,0
04:18:51,root.batch3,0,0
04:18:51,root.bursty2,105,640000
04:18:51,root.bursty0,138,842752
04:18:51,root.bursty1,155,947200
04:18:51,root.batch0,3,-1024
04:18:52,root.default,0,0
04:18:52,root.batch6,0,0
04:18:52,root.batch7,0,0
04:18:52,root.batch1,0,0
04:18:52,root.batch4,0,0
04:18:52,root.batch5,0,0
04:18:52,root.batch2,0,0
04:18:52,root.batch3,0,0
04:18:52,root.bursty2,86,523264
04:18:52,root.bursty0,138,842752
04:18:52,root.bursty1,160,977920
04:18:52,root.batch0,3,-1024
04:18:53,root.default,0,0
04:18:53,root.batch6,0,0
04:18:53,root.batch7,0,0
04:18:53,root.batch1,0,0
04:18:53,root.batch4,0,0
04:18:53,root.batch5,0,0
04:18:53,root.batch2,0,0
04:18:53,root.batch3,0,0
04:18:53,root.bursty2,91,553984
04:18:53,root.bursty0,138,842752
04:18:53,root.bursty1,166,1014784
04:18:53,root.batch0,3,-1024
04:18:54,root.default,0,0
04:18:54,root.batch6,0,0
04:18:54,root.batch7,0,0
04:18:54,root.batch1,0,0
04:18:54,root.batch4,0,0
04:18:54,root.batch5,0,0
04:18:54,root.batch2,0,0
04:18:54,root.batch3,0,0
04:18:54,root.bursty2,93,566272
04:18:54,root.bursty0,137,836608
04:18:54,root.bursty1,166,1014784
04:18:54,root.batch0,3,-1024
04:18:55,root.default,0,0
04:18:55,root.batch6,0,0
04:18:55,root.batch7,0,0
04:18:55,root.batch1,0,0
04:18:55,root.batch4,0,0
04:18:55,root.batch5,0,0
04:18:55,root.batch2,0,0
04:18:55,root.batch3,0,0
04:18:55,root.bursty2,103,627712
04:18:55,root.bursty0,128,781312
04:18:55,root.bursty1,166,1014784
04:18:55,root.batch0,3,-1024
04:18:56,root.default,0,0
04:18:56,root.batch6,0,0
04:18:56,root.batch7,0,0
04:18:56,root.batch1,0,0
04:18:56,root.batch4,0,0
04:18:56,root.batch5,0,0
04:18:56,root.batch2,0,0
04:18:56,root.batch3,0,0
04:18:56,root.bursty2,111,676864
04:18:56,root.bursty0,122,744448
04:18:56,root.bursty1,166,1014784
04:18:56,root.batch0,3,-1024
04:18:57,root.default,0,0
04:18:57,root.batch6,0,0
04:18:57,root.batch7,0,0
04:18:57,root.batch1,0,0
04:18:57,root.batch4,0,0
04:18:57,root.batch5,0,0
04:18:57,root.batch2,0,0
04:18:57,root.batch3,0,0
04:18:57,root.bursty2,116,707584
04:18:57,root.bursty0,120,732160
04:18:57,root.bursty1,166,1014784
04:18:57,root.batch0,3,-1024
04:18:58,root.default,0,0
04:18:58,root.batch6,0,0
04:18:58,root.batch7,0,0
04:18:58,root.batch1,0,0
04:18:58,root.batch4,0,0
04:18:58,root.batch5,0,0
04:18:58,root.batch2,0,0
04:18:58,root.batch3,0,0
04:18:58,root.bursty2,117,713728
04:18:58,root.bursty0,119,726016
04:18:58,root.bursty1,166,1014784
04:18:58,root.batch0,3,-1024
04:18:59,root.default,0,0
04:18:59,root.batch6,0,0
04:18:59,root.batch7,0,0
04:18:59,root.batch1,0,0
04:18:59,root.batch4,0,0
04:18:59,root.batch5,0,0
04:18:59,root.batch2,0,0
04:18:59,root.batch3,0,0
04:18:59,root.bursty2,118,719872
04:18:59,root.bursty0,119,726016
04:18:59,root.bursty1,166,1014784
04:18:59,root.batch0,3,-1024
04:19:00,root.default,0,0
04:19:00,root.batch6,0,0
04:19:00,root.batch7,0,0
04:19:00,root.batch1,0,0
04:19:00,root.batch4,0,0
04:19:00,root.batch5,0,0
04:19:00,root.batch2,0,0
04:19:00,root.batch3,0,0
04:19:00,root.bursty2,118,719872
04:19:00,root.bursty0,119,726016
04:19:00,root.bursty1,166,1014784
04:19:00,root.batch0,3,-1024
04:19:01,root.default,0,0
04:19:01,root.batch6,0,0
04:19:01,root.batch7,0,0
04:19:01,root.batch1,0,0
04:19:01,root.batch4,0,0
04:19:01,root.batch5,0,0
04:19:01,root.batch2,0,0
04:19:01,root.batch3,0,0
04:19:01,root.bursty2,118,719872
04:19:01,root.bursty0,115,701440
04:19:01,root.bursty1,166,1014784
04:19:01,root.batch0,3,-1024
04:19:02,root.default,0,0
04:19:02,root.batch6,0,0
04:19:02,root.batch7,0,0
04:19:02,root.batch1,0,0
04:19:02,root.batch4,0,0
04:19:02,root.batch5,0,0
04:19:02,root.batch2,0,0
04:19:02,root.batch3,0,0
04:19:02,root.bursty0,110,670720
04:19:02,root.bursty2,122,744448
04:19:02,root.bursty1,166,1014784
04:19:02,root.batch0,3,-1024
04:19:03,root.default,0,0
04:19:03,root.batch6,0,0
04:19:03,root.batch7,0,0
04:19:03,root.batch1,0,0
04:19:03,root.batch4,0,0
04:19:03,root.batch5,0,0
04:19:03,root.batch2,0,0
04:19:03,root.batch3,0,0
04:19:03,root.bursty0,91,553984
04:19:03,root.bursty2,127,775168
04:19:03,root.bursty1,161,984064
04:19:03,root.batch0,3,-1024
04:19:04,root.default,0,0
04:19:04,root.batch6,0,0
04:19:04,root.batch7,0,0
04:19:04,root.batch1,0,0
04:19:04,root.batch4,0,0
04:19:04,root.batch5,0,0
04:19:04,root.batch2,0,0
04:19:04,root.batch3,0,0
04:19:04,root.bursty0,92,560128
04:19:04,root.bursty2,144,879616
04:19:04,root.bursty1,148,904192
04:19:04,root.batch0,3,-1024
04:19:05,root.default,0,0
04:19:05,root.batch6,0,0
04:19:05,root.batch7,0,0
04:19:05,root.batch1,0,0
04:19:05,root.batch4,0,0
04:19:05,root.batch5,0,0
04:19:05,root.batch2,0,0
04:19:05,root.batch3,0,0
04:19:05,root.bursty0,103,627712
04:19:05,root.bursty2,147,898048
04:19:05,root.bursty1,136,830464
04:19:05,root.batch0,3,-1024
04:19:06,root.default,0,0
04:19:06,root.batch6,0,0
04:19:06,root.batch7,0,0
04:19:06,root.batch1,0,0
04:19:06,root.batch4,0,0
04:19:06,root.batch5,0,0
04:19:06,root.batch2,0,0
04:19:06,root.batch3,0,0
04:19:06,root.bursty0,115,701440
04:19:06,root.bursty1,115,701440
04:19:06,root.bursty2,151,922624
04:19:06,root.batch0,3,-1024
04:19:07,root.default,0,0
04:19:07,root.batch6,0,0
04:19:07,root.batch7,0,0
04:19:07,root.batch1,0,0
04:19:07,root.batch4,0,0
04:19:07,root.batch5,0,0
04:19:07,root.batch2,0,0
04:19:07,root.batch3,0,0
04:19:07,root.bursty1,107,652288
04:19:07,root.bursty0,122,744448
04:19:07,root.bursty2,152,928768
04:19:07,root.batch0,3,-1024
04:19:08,root.default,0,0
04:19:08,root.batch6,0,0
04:19:08,root.batch7,0,0
04:19:08,root.batch1,0,0
04:19:08,root.batch4,0,0
04:19:08,root.batch5,0,0
04:19:08,root.batch2,0,0
04:19:08,root.batch3,0,0
04:19:08,root.bursty0,119,726016
04:19:08,root.bursty1,122,744448
04:19:08,root.bursty2,152,928768
04:19:08,root.batch0,3,-1024
04:19:09,root.default,0,0
04:19:09,root.batch6,0,0
04:19:09,root.batch7,0,0
04:19:09,root.batch1,0,0
04:19:09,root.batch4,0,0
04:19:09,root.batch5,0,0
04:19:09,root.batch2,0,0
04:19:09,root.batch3,0,0
04:19:09,root.bursty0,105,640000
04:19:09,root.bursty1,124,756736
04:19:09,root.bursty2,153,934912
04:19:09,root.batch0,3,-1024
04:19:10,root.default,0,0
04:19:10,root.batch6,0,0
04:19:10,root.batch7,0,0
04:19:10,root.batch1,0,0
04:19:10,root.batch4,0,0
04:19:10,root.batch5,0,0
04:19:10,root.batch2,0,0
04:19:10,root.batch3,0,0
04:19:10,root.bursty1,115,652288
04:19:10,root.bursty0,141,705536
04:19:10,root.bursty2,153,934912
04:19:10,root.batch0,3,-1024
04:19:11,root.default,0,0
04:19:11,root.batch6,0,0
04:19:11,root.batch7,0,0
04:19:11,root.batch1,0,0
04:19:11,root.batch4,0,0
04:19:11,root.batch5,0,0
04:19:11,root.batch2,0,0
04:19:11,root.batch3,0,0
04:19:11,root.bursty1,169,672768
04:19:11,root.bursty0,153,689152
04:19:11,root.bursty2,153,934912
04:19:11,root.batch0,3,-1024
04:19:12,root.default,0,0
04:19:12,root.batch6,0,0
04:19:12,root.batch7,0,0
04:19:12,root.batch1,0,0
04:19:12,root.batch4,0,0
04:19:12,root.batch5,0,0
04:19:12,root.batch2,0,0
04:19:12,root.batch3,0,0
04:19:12,root.bursty0,171,644096
04:19:12,root.bursty1,215,726016
04:19:12,root.bursty2,153,934912
04:19:12,root.batch0,3,-1024
04:19:13,root.default,0,0
04:19:13,root.batch6,0,0
04:19:13,root.batch7,0,0
04:19:13,root.batch1,0,0
04:19:13,root.batch4,0,0
04:19:13,root.batch5,0,0
04:19:13,root.batch2,0,0
04:19:13,root.batch3,0,0
04:19:13,root.bursty0,221,721920
04:19:13,root.bursty1,230,736256
04:19:13,root.bursty2,153,934912
04:19:13,root.batch0,3,-1024
04:19:14,root.default,0,0
04:19:14,root.batch6,0,0
04:19:14,root.batch7,0,0
04:19:14,root.batch1,0,0
04:19:14,root.batch4,0,0
04:19:14,root.batch5,0,0
04:19:14,root.batch2,0,0
04:19:14,root.batch3,0,0
04:19:14,root.bursty1,252,773120
04:19:14,root.bursty0,252,781312
04:19:14,root.bursty2,153,934912
04:19:14,root.batch0,3,-1024
04:19:15,root.default,0,0
04:19:15,root.batch6,0,0
04:19:15,root.batch7,0,0
04:19:15,root.batch1,0,0
04:19:15,root.batch4,0,0
04:19:15,root.batch5,0,0
04:19:15,root.batch2,0,0
04:19:15,root.batch3,0,0
04:19:15,root.bursty1,228,718848
04:19:15,root.bursty0,234,744448
04:19:15,root.bursty2,159,971776
04:19:15,root.batch0,3,-1024
04:19:16,root.default,0,0
04:19:16,root.batch6,0,0
04:19:16,root.batch7,0,0
04:19:16,root.batch1,0,0
04:19:16,root.batch4,0,0
04:19:16,root.batch5,0,0
04:19:16,root.batch2,0,0
04:19:16,root.batch3,0,0
04:19:16,root.bursty1,218,681984
04:19:16,root.bursty0,216,707584
04:19:16,root.bursty2,179,1094656
04:19:16,root.batch0,3,-1024
04:19:17,root.default,0,0
04:19:17,root.batch6,0,0
04:19:17,root.batch7,0,0
04:19:17,root.batch1,0,0
04:19:17,root.batch4,0,0
04:19:17,root.batch5,0,0
04:19:17,root.batch2,0,0
04:19:17,root.batch3,0,0
04:19:17,root.bursty1,194,616448
04:19:17,root.bursty0,188,650240
04:19:17,root.bursty2,197,1205248
04:19:17,root.batch0,3,-1024
04:19:18,root.default,0,0
04:19:18,root.batch6,0,0
04:19:18,root.batch7,0,0
04:19:18,root.batch1,0,0
04:19:18,root.batch4,0,0
04:19:18,root.batch5,0,0
04:19:18,root.batch2,0,0
04:19:18,root.batch3,0,0
04:19:18,root.bursty1,128,448512
04:19:18,root.bursty0,164,601088
04:19:18,root.bursty2,226,1383424
04:19:18,root.batch0,3,-1024
04:19:19,root.default,0,0
04:19:19,root.batch6,0,0
04:19:19,root.batch7,0,0
04:19:19,root.batch1,0,0
04:19:19,root.batch4,0,0
04:19:19,root.batch5,0,0
04:19:19,root.batch2,0,0
04:19:19,root.batch3,0,0
04:19:19,root.bursty1,87,335872
04:19:19,root.bursty0,122,515072
04:19:19,root.bursty2,259,1586176
04:19:19,root.batch0,3,-1024
04:19:20,root.default,0,0
04:19:20,root.batch6,0,0
04:19:20,root.batch7,0,0
04:19:20,root.batch1,0,0
04:19:20,root.batch4,0,0
04:19:20,root.batch5,0,0
04:19:20,root.batch2,0,0
04:19:20,root.batch3,0,0
04:19:20,root.bursty1,52,243712
04:19:20,root.bursty0,90,449536
04:19:20,root.bursty2,282,1727488
04:19:20,root.batch0,3,-1024
04:19:21,root.default,0,0
04:19:21,root.batch6,0,0
04:19:21,root.batch7,0,0
04:19:21,root.batch1,0,0
04:19:21,root.batch4,0,0
04:19:21,root.batch5,0,0
04:19:21,root.batch2,0,0
04:19:21,root.batch3,0,0
04:19:21,root.bursty1,32,178176
04:19:21,root.bursty0,72,412672
04:19:21,root.bursty2,299,1831936
04:19:21,root.batch0,3,-1024
04:19:22,root.default,0,0
04:19:22,root.batch6,0,0
04:19:22,root.batch7,0,0
04:19:22,root.batch1,0,0
04:19:22,root.batch4,0,0
04:19:22,root.batch5,0,0
04:19:22,root.batch2,0,0
04:19:22,root.batch3,0,0
04:19:22,root.bursty1,24,137216
04:19:22,root.bursty0,66,400384
04:19:22,root.bursty2,300,1838080
04:19:22,root.batch0,3,-1024
04:19:23,root.default,0,0
04:19:23,root.batch6,0,0
04:19:23,root.batch7,0,0
04:19:23,root.batch1,0,0
04:19:23,root.batch4,0,0
04:19:23,root.batch5,0,0
04:19:23,root.batch2,0,0
04:19:23,root.batch3,0,0
04:19:23,root.bursty1,23,131072
04:19:23,root.bursty0,66,400384
04:19:23,root.bursty2,309,1893376
04:19:23,root.batch0,3,-1024
04:19:24,root.default,0,0
04:19:24,root.batch6,0,0
04:19:24,root.batch7,0,0
04:19:24,root.batch1,0,0
04:19:24,root.batch4,0,0
04:19:24,root.batch5,0,0
04:19:24,root.batch2,0,0
04:19:24,root.batch3,0,0
04:19:24,root.bursty1,23,131072
04:19:24,root.bursty0,66,400384
04:19:24,root.bursty2,355,1897472
04:19:24,root.batch0,3,-1024
04:19:25,root.default,0,0
04:19:25,root.batch6,0,0
04:19:25,root.batch7,0,0
04:19:25,root.batch1,0,0
04:19:25,root.batch4,0,0
04:19:25,root.batch5,0,0
04:19:25,root.batch2,0,0
04:19:25,root.batch3,0,0
04:19:25,root.bursty1,23,131072
04:19:25,root.bursty0,66,400384
04:19:25,root.bursty2,388,1817600
04:19:25,root.batch0,11,15360
04:19:26,root.default,0,0
04:19:26,root.batch6,0,0
04:19:26,root.batch7,0,0
04:19:26,root.batch1,0,0
04:19:26,root.batch4,0,0
04:19:26,root.batch5,0,0
04:19:26,root.batch2,0,0
04:19:26,root.batch3,0,0
04:19:26,root.bursty1,23,131072
04:19:26,root.bursty0,66,400384
04:19:26,root.bursty2,385,1766400
04:19:26,root.batch0,59,113664
04:19:27,root.default,0,0
04:19:27,root.batch6,0,0
04:19:27,root.batch7,0,0
04:19:27,root.batch1,0,0
04:19:27,root.batch4,0,0
04:19:27,root.batch5,0,0
04:19:27,root.batch2,0,0
04:19:27,root.batch3,0,0
04:19:27,root.bursty1,23,131072
04:19:27,root.bursty0,66,400384
04:19:27,root.bursty2,332,1645568
04:19:27,root.batch0,123,244736
04:19:28,root.default,0,0
04:19:28,root.batch6,0,0
04:19:28,root.batch7,0,0
04:19:28,root.batch1,0,0
04:19:28,root.batch4,0,0
04:19:28,root.batch5,0,0
04:19:28,root.batch2,0,0
04:19:28,root.batch3,0,0
04:19:28,root.bursty1,28,161792
04:19:28,root.bursty0,66,400384
04:19:28,root.bursty2,325,1618944
04:19:28,root.batch0,155,310272
04:19:29,root.default,0,0
04:19:29,root.batch6,0,0
04:19:29,root.batch7,0,0
04:19:29,root.batch1,0,0
04:19:29,root.batch4,0,0
04:19:29,root.batch5,0,0
04:19:29,root.batch2,0,0
04:19:29,root.batch3,0,0
04:19:29,root.bursty1,33,192512
04:19:29,root.bursty0,66,400384
04:19:29,root.bursty2,325,1618944
04:19:29,root.batch0,155,310272
04:19:30,root.default,0,0
04:19:30,root.batch6,0,0
04:19:30,root.batch7,0,0
04:19:30,root.batch1,0,0
04:19:30,root.batch4,0,0
04:19:30,root.batch5,0,0
04:19:30,root.batch2,0,0
04:19:30,root.batch3,0,0
04:19:30,root.bursty1,39,229376
04:19:30,root.bursty0,66,400384
04:19:30,root.bursty2,315,1582080
04:19:30,root.batch0,157,314368
04:19:31,root.default,0,0
04:19:31,root.batch6,0,0
04:19:31,root.batch7,0,0
04:19:31,root.batch1,0,0
04:19:31,root.batch4,0,0
04:19:31,root.batch5,0,0
04:19:31,root.batch2,0,0
04:19:31,root.batch3,0,0
04:19:31,root.bursty1,49,290816
04:19:31,root.bursty0,66,400384
04:19:31,root.bursty2,257,1455104
04:19:31,root.batch0,161,322560
04:19:32,root.default,0,0
04:19:32,root.batch6,0,0
04:19:32,root.batch7,0,0
04:19:32,root.batch1,0,0
04:19:32,root.batch4,0,0
04:19:32,root.batch5,0,0
04:19:32,root.batch2,0,0
04:19:32,root.batch3,0,0
04:19:32,root.bursty0,67,401408
04:19:32,root.bursty1,68,407552
04:19:32,root.bursty2,235,1385472
04:19:32,root.batch0,167,334848
04:19:33,root.default,0,0
04:19:33,root.batch6,0,0
04:19:33,root.batch7,0,0
04:19:33,root.batch1,0,0
04:19:33,root.batch4,0,0
04:19:33,root.batch5,0,0
04:19:33,root.batch2,0,0
04:19:33,root.batch3,0,0
04:19:33,root.bursty0,60,358400
04:19:33,root.bursty1,98,591872
04:19:33,root.bursty2,211,1254400
04:19:33,root.batch0,131,261120
04:19:34,root.default,0,0
04:19:34,root.batch6,0,0
04:19:34,root.batch7,0,0
04:19:34,root.batch1,0,0
04:19:34,root.batch4,0,0
04:19:34,root.batch5,0,0
04:19:34,root.batch2,0,0
04:19:34,root.batch3,0,0
04:19:34,root.bursty0,44,260096
04:19:34,root.bursty1,135,819200
04:19:34,root.bursty2,207,1229824
04:19:34,root.batch0,67,130048
04:19:35,root.default,0,0
04:19:35,root.batch6,0,0
04:19:35,root.batch7,0,0
04:19:35,root.batch1,0,0
04:19:35,root.batch4,0,0
04:19:35,root.batch5,0,0
04:19:35,root.batch2,0,0
04:19:35,root.batch3,0,0
04:19:35,root.bursty0,31,180224
04:19:35,root.bursty1,161,978944
04:19:35,root.bursty2,201,1209344
04:19:35,root.batch0,43,80896
04:19:37,root.default,0,0
04:19:37,root.batch6,0,0
04:19:37,root.batch7,0,0
04:19:37,root.batch1,0,0
04:19:37,root.batch4,0,0
04:19:37,root.batch5,0,0
04:19:37,root.batch2,0,0
04:19:37,root.batch3,0,0
04:19:37,root.bursty0,15,81920
04:19:37,root.bursty1,180,1095680
04:19:37,root.bursty2,200,1203200
04:19:37,root.batch0,29,52224
04:19:38,root.default,0,0
04:19:38,root.batch6,0,0
04:19:38,root.batch7,0,0
04:19:38,root.batch1,0,0
04:19:38,root.batch4,0,0
04:19:38,root.batch5,0,0
04:19:38,root.batch2,0,0
04:19:38,root.batch3,0,0
04:19:38,root.bursty0,9,45056
04:19:38,root.bursty1,185,1126400
04:19:38,root.bursty2,200,1203200
04:19:38,root.batch0,23,39936
04:19:39,root.default,0,0
04:19:39,root.batch6,0,0
04:19:39,root.batch7,0,0
04:19:39,root.batch1,0,0
04:19:39,root.batch4,0,0
04:19:39,root.batch5,0,0
04:19:39,root.batch2,0,0
04:19:39,root.batch3,0,0
04:19:39,root.bursty0,7,32768
04:19:39,root.bursty2,207,1213440
04:19:39,root.bursty1,201,1224704
04:19:39,root.batch0,11,15360
04:19:40,root.default,0,0
04:19:40,root.batch6,0,0
04:19:40,root.batch7,0,0
04:19:40,root.batch1,0,0
04:19:40,root.batch4,0,0
04:19:40,root.batch5,0,0
04:19:40,root.batch2,0,0
04:19:40,root.batch3,0,0
04:19:40,root.bursty0,4,14336
04:19:40,root.bursty1,203,1236992
04:19:40,root.bursty2,223,1246208
04:19:40,root.batch0,3,-1024
04:19:41,root.default,0,0
04:19:41,root.batch6,0,0
04:19:41,root.batch7,0,0
04:19:41,root.batch1,0,0
04:19:41,root.batch4,0,0
04:19:41,root.batch5,0,0
04:19:41,root.batch2,0,0
04:19:41,root.batch3,0,0
04:19:41,root.bursty0,4,14336
04:19:41,root.bursty2,223,1246208
04:19:41,root.bursty1,205,1249280
04:19:41,root.batch0,3,-1024
04:19:42,root.default,0,0
04:19:42,root.batch6,0,0
04:19:42,root.batch7,0,0
04:19:42,root.batch1,0,0
04:19:42,root.batch4,0,0
04:19:42,root.batch5,0,0
04:19:42,root.batch2,0,0
04:19:42,root.batch3,0,0
04:19:42,root.bursty0,2,2048
04:19:42,root.bursty2,225,1250304
04:19:42,root.bursty1,207,1261568
04:19:42,root.batch0,3,-1024
04:19:43,root.default,0,0
04:19:43,root.batch6,0,0
04:19:43,root.batch7,0,0
04:19:43,root.batch1,0,0
04:19:43,root.batch4,0,0
04:19:43,root.batch5,0,0
04:19:43,root.batch2,0,0
04:19:43,root.batch3,0,0
04:19:43,root.bursty0,2,2048
04:19:43,root.bursty2,225,1250304
04:19:43,root.bursty1,207,1261568
04:19:43,root.batch0,3,-1024
04:19:44,root.default,0,0
04:19:44,root.batch6,0,0
04:19:44,root.batch7,0,0
04:19:44,root.batch1,0,0
04:19:44,root.batch4,0,0
04:19:44,root.batch5,0,0
04:19:44,root.batch2,0,0
04:19:44,root.batch3,0,0
04:19:44,root.bursty0,2,2048
04:19:44,root.bursty2,225,1250304
04:19:44,root.bursty1,207,1261568
04:19:44,root.batch0,3,-1024
04:19:45,root.default,0,0
04:19:45,root.batch6,0,0
04:19:45,root.batch7,0,0
04:19:45,root.batch1,0,0
04:19:45,root.batch4,0,0
04:19:45,root.batch5,0,0
04:19:45,root.batch2,0,0
04:19:45,root.batch3,0,0
04:19:45,root.bursty0,2,2048
04:19:45,root.bursty2,224,1244160
04:19:45,root.bursty1,207,1266688
04:19:45,root.batch0,3,-1024
04:19:46,root.default,0,0
04:19:46,root.batch6,0,0
04:19:46,root.batch7,0,0
04:19:46,root.batch1,0,0
04:19:46,root.batch4,0,0
04:19:46,root.batch5,0,0
04:19:46,root.batch2,0,0
04:19:46,root.batch3,0,0
04:19:46,root.bursty0,3,8192
04:19:46,root.bursty2,212,1195008
04:19:46,root.bursty1,211,1291264
04:19:46,root.batch0,3,-1024
04:19:47,root.default,0,0
04:19:47,root.batch6,0,0
04:19:47,root.batch7,0,0
04:19:47,root.batch1,0,0
04:19:47,root.batch4,0,0
04:19:47,root.batch5,0,0
04:19:47,root.batch2,0,0
04:19:47,root.batch3,0,0
04:19:47,root.bursty0,6,26624
04:19:47,root.bursty2,183,1082368
04:19:47,root.bursty1,221,1352704
04:19:47,root.batch0,3,-1024
04:19:48,root.default,0,0
04:19:48,root.batch6,0,0
04:19:48,root.batch7,0,0
04:19:48,root.batch1,0,0
04:19:48,root.batch4,0,0
04:19:48,root.batch5,0,0
04:19:48,root.batch2,0,0
04:19:48,root.batch3,0,0
04:19:48,root.bursty0,16,93184
04:19:48,root.bursty2,161,955392
04:19:48,root.bursty1,228,1395712
04:19:48,root.batch0,3,-1024
04:19:49,root.default,0,0
04:19:49,root.batch6,0,0
04:19:49,root.batch7,0,0
04:19:49,root.batch1,0,0
04:19:49,root.batch4,0,0
04:19:49,root.batch5,0,0
04:19:49,root.batch2,0,0
04:19:49,root.batch3,0,0
04:19:49,root.bursty0,35,209920
04:19:49,root.bursty2,134,797696
04:19:49,root.bursty1,232,1420288
04:19:49,root.batch0,3,-1024
04:19:50,root.default,0,0
04:19:50,root.batch6,0,0
04:19:50,root.batch7,0,0
04:19:50,root.batch1,0,0
04:19:50,root.batch4,0,0
04:19:50,root.batch5,0,0
04:19:50,root.batch2,0,0
04:19:50,root.batch3,0,0
04:19:50,root.bursty0,62,375808
04:19:50,root.bursty2,104,613376
04:19:50,root.bursty1,232,1420288
04:19:50,root.batch0,3,-1024
04:19:51,root.default,0,0
04:19:51,root.batch6,0,0
04:19:51,root.batch7,0,0
04:19:51,root.batch1,0,0
04:19:51,root.batch4,0,0
04:19:51,root.batch5,0,0
04:19:51,root.batch2,0,0
04:19:51,root.batch3,0,0
04:19:51,root.bursty2,108,506880
04:19:51,root.bursty0,85,517120
04:19:51,root.bursty1,232,1420288
04:19:51,root.batch0,3,-1024
04:19:52,root.default,0,0
04:19:52,root.batch6,0,0
04:19:52,root.batch7,0,0
04:19:52,root.batch1,0,0
04:19:52,root.batch4,0,0
04:19:52,root.batch5,0,0
04:19:52,root.batch2,0,0
04:19:52,root.batch3,0,0
04:19:52,root.bursty2,112,457728
04:19:52,root.bursty0,98,596992
04:19:52,root.bursty1,232,1420288
04:19:52,root.batch0,3,-1024
04:19:53,root.default,0,0
04:19:53,root.batch6,0,0
04:19:53,root.batch7,0,0
04:19:53,root.batch1,0,0
04:19:53,root.batch4,0,0
04:19:53,root.batch5,0,0
04:19:53,root.batch2,0,0
04:19:53,root.batch3,0,0
04:19:53,root.bursty2,119,484352
04:19:53,root.bursty0,99,603136
04:19:53,root.bursty1,232,1420288
04:19:53,root.batch0,3,-1024
04:19:54,root.default,0,0
04:19:54,root.batch6,0,0
04:19:54,root.batch7,0,0
04:19:54,root.batch1,0,0
04:19:54,root.batch4,0,0
04:19:54,root.batch5,0,0
04:19:54,root.batch2,0,0
04:19:54,root.batch3,0,0
04:19:54,root.bursty2,124,515072
04:19:54,root.bursty0,99,603136
04:19:54,root.bursty1,232,1420288
04:19:54,root.batch0,3,-1024
04:19:55,root.default,0,0
04:19:55,root.batch6,0,0
04:19:55,root.batch7,0,0
04:19:55,root.batch1,0,0
04:19:55,root.batch4,0,0
04:19:55,root.batch5,0,0
04:19:55,root.batch2,0,0
04:19:55,root.batch3,0,0
04:19:55,root.bursty2,122,519168
04:19:55,root.bursty0,99,603136
04:19:55,root.bursty1,232,1420288
04:19:55,root.batch0,3,-1024
04:19:56,root.default,0,0
04:19:56,root.batch6,0,0
04:19:56,root.batch7,0,0
04:19:56,root.batch1,0,0
04:19:56,root.batch4,0,0
04:19:56,root.batch5,0,0
04:19:56,root.batch2,0,0
04:19:56,root.batch3,0,0
04:19:56,root.bursty2,122,519168
04:19:56,root.bursty0,99,603136
04:19:56,root.bursty1,232,1420288
04:19:56,root.batch0,3,-1024
04:19:57,root.default,0,0
04:19:57,root.batch6,0,0
04:19:57,root.batch7,0,0
04:19:57,root.batch1,0,0
04:19:57,root.batch4,0,0
04:19:57,root.batch5,0,0
04:19:57,root.batch2,0,0
04:19:57,root.batch3,0,0
04:19:57,root.bursty2,122,519168
04:19:57,root.bursty0,99,603136
04:19:57,root.bursty1,232,1420288
04:19:57,root.batch0,3,-1024
04:19:58,root.default,0,0
04:19:58,root.batch6,0,0
04:19:58,root.batch7,0,0
04:19:58,root.batch1,0,0
04:19:58,root.batch4,0,0
04:19:58,root.batch5,0,0
04:19:58,root.batch2,0,0
04:19:58,root.batch3,0,0
04:19:58,root.bursty2,119,517120
04:19:58,root.bursty0,99,603136
04:19:58,root.bursty1,232,1420288
04:19:58,root.batch0,3,-1024
04:19:59,root.default,0,0
04:19:59,root.batch6,0,0
04:19:59,root.batch7,0,0
04:19:59,root.batch1,0,0
04:19:59,root.batch4,0,0
04:19:59,root.batch5,0,0
04:19:59,root.batch2,0,0
04:19:59,root.batch3,0,0
04:19:59,root.bursty2,94,470016
04:19:59,root.bursty0,99,603136
04:19:59,root.bursty1,232,1420288
04:19:59,root.batch0,3,-1024
04:20:00,root.default,0,0
04:20:00,root.batch6,0,0
04:20:00,root.batch7,0,0
04:20:00,root.batch1,0,0
04:20:00,root.batch4,0,0
04:20:00,root.batch5,0,0
04:20:00,root.batch2,0,0
04:20:00,root.batch3,0,0
04:20:00,root.bursty2,80,465920
04:20:00,root.bursty0,99,603136
04:20:00,root.bursty1,221,1352704
04:20:00,root.batch0,3,-1024
04:20:01,root.default,0,0
04:20:01,root.batch6,0,0
04:20:01,root.batch7,0,0
04:20:01,root.batch1,0,0
04:20:01,root.batch4,0,0
04:20:01,root.batch5,0,0
04:20:01,root.batch2,0,0
04:20:01,root.batch3,0,0
04:20:01,root.bursty2,89,521216
04:20:01,root.bursty0,99,603136
04:20:01,root.bursty1,214,1309696
04:20:01,root.batch0,3,-1024
04:20:02,root.default,0,0
04:20:02,root.batch6,0,0
04:20:02,root.batch7,0,0
04:20:02,root.batch1,0,0
04:20:02,root.batch4,0,0
04:20:02,root.batch5,0,0
04:20:02,root.batch2,0,0
04:20:02,root.batch3,0,0
04:20:02,root.bursty2,97,570368
04:20:02,root.bursty0,99,603136
04:20:02,root.bursty1,198,1211392
04:20:02,root.batch0,3,-1024
04:20:03,root.default,0,0
04:20:03,root.batch6,0,0
04:20:03,root.batch7,0,0
04:20:03,root.batch1,0,0
04:20:03,root.batch4,0,0
04:20:03,root.batch5,0,0
04:20:03,root.batch2,0,0
04:20:03,root.batch3,0,0
04:20:03,root.bursty0,101,615424
04:20:03,root.bursty2,114,674816
04:20:03,root.bursty1,183,1119232
04:20:03,root.batch0,3,-1024
04:20:04,root.default,0,0
04:20:04,root.batch6,0,0
04:20:04,root.batch7,0,0
04:20:04,root.batch1,0,0
04:20:04,root.batch4,0,0
04:20:04,root.batch5,0,0
04:20:04,root.batch2,0,0
04:20:04,root.batch3,0,0
04:20:04,root.bursty0,115,701440
04:20:04,root.bursty2,127,754688
04:20:04,root.bursty1,151,922624
04:20:04,root.batch0,3,-1024
04:20:05,root.default,0,0
04:20:05,root.batch6,0,0
04:20:05,root.batch7,0,0
04:20:05,root.batch1,0,0
04:20:05,root.batch4,0,0
04:20:05,root.batch5,0,0
04:20:05,root.batch2,0,0
04:20:05,root.batch3,0,0
04:20:05,root.bursty1,129,787456
04:20:05,root.bursty2,132,790528
04:20:05,root.bursty0,132,805888
04:20:05,root.batch0,3,-1024
04:20:06,root.default,0,0
04:20:06,root.batch6,0,0
04:20:06,root.batch7,0,0
04:20:06,root.batch1,0,0
04:20:06,root.batch4,0,0
04:20:06,root.batch5,0,0
04:20:06,root.batch2,0,0
04:20:06,root.batch3,0,0
04:20:06,root.bursty1,121,738304
04:20:06,root.bursty2,134,802816
04:20:06,root.bursty0,139,848896
04:20:06,root.batch0,3,-1024
04:20:07,root.default,0,0
04:20:07,root.batch6,0,0
04:20:07,root.batch7,0,0
04:20:07,root.batch1,0,0
04:20:07,root.batch4,0,0
04:20:07,root.batch5,0,0
04:20:07,root.batch2,0,0
04:20:07,root.batch3,0,0
04:20:07,root.bursty1,114,695296
04:20:07,root.bursty2,135,808960
04:20:07,root.bursty0,140,855040
04:20:07,root.batch0,3,-1024
04:20:08,root.default,0,0
04:20:08,root.batch6,0,0
04:20:08,root.batch7,0,0
04:20:08,root.batch1,0,0
04:20:08,root.batch4,0,0
04:20:08,root.batch5,0,0
04:20:08,root.batch2,0,0
04:20:08,root.batch3,0,0
04:20:08,root.bursty1,114,695296
04:20:08,root.bursty2,136,815104
04:20:08,root.bursty0,142,867328
04:20:08,root.batch0,3,-1024
04:20:09,root.default,0,0
04:20:09,root.batch6,0,0
04:20:09,root.batch7,0,0
04:20:09,root.batch1,0,0
04:20:09,root.batch4,0,0
04:20:09,root.batch5,0,0
04:20:09,root.batch2,0,0
04:20:09,root.batch3,0,0
04:20:09,root.bursty1,124,756736
04:20:09,root.bursty2,136,815104
04:20:09,root.bursty0,142,867328
04:20:09,root.batch0,3,-1024
04:20:10,root.default,0,0
04:20:10,root.batch6,0,0
04:20:10,root.batch7,0,0
04:20:10,root.batch1,0,0
04:20:10,root.batch4,0,0
04:20:10,root.batch5,0,0
04:20:10,root.batch2,0,0
04:20:10,root.batch3,0,0
04:20:10,root.bursty1,126,769024
04:20:10,root.bursty2,136,815104
04:20:10,root.bursty0,142,867328
04:20:10,root.batch0,3,-1024
04:20:11,root.default,0,0
04:20:11,root.batch6,0,0
04:20:11,root.batch7,0,0
04:20:11,root.batch1,0,0
04:20:11,root.batch4,0,0
04:20:11,root.batch5,0,0
04:20:11,root.batch2,0,0
04:20:11,root.batch3,0,0
04:20:11,root.bursty1,128,781312
04:20:11,root.bursty2,136,815104
04:20:11,root.bursty0,142,867328
04:20:11,root.batch0,3,-1024
04:20:12,root.default,0,0
04:20:12,root.batch6,0,0
04:20:12,root.batch7,0,0
04:20:12,root.batch1,0,0
04:20:12,root.batch4,0,0
04:20:12,root.batch5,0,0
04:20:12,root.batch2,0,0
04:20:12,root.batch3,0,0
04:20:12,root.bursty1,128,781312
04:20:12,root.bursty2,136,815104
04:20:12,root.bursty0,142,867328
04:20:12,root.batch0,3,-1024
04:20:13,root.default,0,0
04:20:13,root.batch6,0,0
04:20:13,root.batch7,0,0
04:20:13,root.batch1,0,0
04:20:13,root.batch4,0,0
04:20:13,root.batch5,0,0
04:20:13,root.batch2,0,0
04:20:13,root.batch3,0,0
04:20:13,root.bursty1,128,781312
04:20:13,root.bursty2,136,815104
04:20:13,root.bursty0,142,867328
04:20:13,root.batch0,3,-1024
04:20:14,root.default,0,0
04:20:14,root.batch6,0,0
04:20:14,root.batch7,0,0
04:20:14,root.batch1,0,0
04:20:14,root.batch4,0,0
04:20:14,root.batch5,0,0
04:20:14,root.batch2,0,0
04:20:14,root.batch3,0,0
04:20:14,root.bursty1,128,781312
04:20:14,root.bursty2,136,815104
04:20:14,root.bursty0,142,867328
04:20:14,root.batch0,3,-1024
04:20:15,root.default,0,0
04:20:15,root.batch6,0,0
04:20:15,root.batch7,0,0
04:20:15,root.batch1,0,0
04:20:15,root.batch4,0,0
04:20:15,root.batch5,0,0
04:20:15,root.batch2,0,0
04:20:15,root.batch3,0,0
04:20:15,root.bursty1,127,775168
04:20:15,root.bursty2,134,802816
04:20:15,root.bursty0,142,867328
04:20:15,root.batch0,3,-1024
04:20:16,root.default,0,0
04:20:16,root.batch6,0,0
04:20:16,root.batch7,0,0
04:20:16,root.batch1,0,0
04:20:16,root.batch4,0,0
04:20:16,root.batch5,0,0
04:20:16,root.batch2,0,0
04:20:16,root.batch3,0,0
04:20:16,root.bursty1,128,781312
04:20:16,root.bursty2,130,778240
04:20:16,root.bursty0,141,861184
04:20:16,root.batch0,3,-1024
04:20:17,root.default,0,0
04:20:17,root.batch6,0,0
04:20:17,root.batch7,0,0
04:20:17,root.batch1,0,0
04:20:17,root.batch4,0,0
04:20:17,root.batch5,0,0
04:20:17,root.batch2,0,0
04:20:17,root.batch3,0,0
04:20:17,root.bursty2,129,772096
04:20:17,root.bursty1,135,824320
04:20:17,root.bursty0,138,842752
04:20:17,root.batch0,3,-1024
04:20:18,root.default,0,0
04:20:18,root.batch6,0,0
04:20:18,root.batch7,0,0
04:20:18,root.batch1,0,0
04:20:18,root.batch4,0,0
04:20:18,root.batch5,0,0
04:20:18,root.batch2,0,0
04:20:18,root.batch3,0,0
04:20:18,root.bursty0,129,787456
04:20:18,root.bursty2,132,790528
04:20:18,root.bursty1,137,836608
04:20:18,root.batch0,3,-1024
04:20:19,root.default,0,0
04:20:19,root.batch6,0,0
04:20:19,root.batch7,0,0
04:20:19,root.batch1,0,0
04:20:19,root.batch4,0,0
04:20:19,root.batch5,0,0
04:20:19,root.batch2,0,0
04:20:19,root.batch3,0,0
04:20:19,root.bursty0,121,738304
04:20:19,root.bursty2,140,839680
04:20:19,root.bursty1,143,873472
04:20:19,root.batch0,3,-1024
04:20:20,root.default,0,0
04:20:20,root.batch6,0,0
04:20:20,root.batch7,0,0
04:20:20,root.batch1,0,0
04:20:20,root.batch4,0,0
04:20:20,root.batch5,0,0
04:20:20,root.batch2,0,0
04:20:20,root.batch3,0,0
04:20:20,root.bursty0,117,713728
04:20:20,root.bursty2,142,851968
04:20:20,root.bursty1,145,885760
04:20:20,root.batch0,3,-1024
04:20:21,root.default,0,0
04:20:21,root.batch6,0,0
04:20:21,root.batch7,0,0
04:20:21,root.batch1,0,0
04:20:21,root.batch4,0,0
04:20:21,root.batch5,0,0
04:20:21,root.batch2,0,0
04:20:21,root.batch3,0,0
04:20:21,root.bursty0,111,676864
04:20:21,root.bursty2,143,858112
04:20:21,root.bursty1,146,891904
04:20:21,root.batch0,3,-1024
04:20:22,root.default,0,0
04:20:22,root.batch6,0,0
04:20:22,root.batch7,0,0
04:20:22,root.batch1,0,0
04:20:22,root.batch4,0,0
04:20:22,root.batch5,0,0
04:20:22,root.batch2,0,0
04:20:22,root.batch3,0,0
04:20:22,root.bursty0,121,738304
04:20:22,root.bursty2,127,759808
04:20:22,root.bursty1,146,891904
04:20:22,root.batch0,3,-1024
04:20:23,root.default,0,0
04:20:23,root.batch6,0,0
04:20:23,root.batch7,0,0
04:20:23,root.batch1,0,0
04:20:23,root.batch4,0,0
04:20:23,root.batch5,0,0
04:20:23,root.batch2,0,0
04:20:23,root.batch3,0,0
04:20:23,root.bursty2,113,673792
04:20:23,root.bursty0,130,793600
04:20:23,root.bursty1,146,891904
04:20:23,root.batch0,3,-1024
04:20:24,root.default,0,0
04:20:24,root.batch6,0,0
04:20:24,root.batch7,0,0
04:20:24,root.batch1,0,0
04:20:24,root.batch4,0,0
04:20:24,root.batch5,0,0
04:20:24,root.batch2,0,0
04:20:24,root.batch3,0,0
04:20:24,root.bursty2,111,661504
04:20:24,root.bursty0,141,861184
04:20:24,root.bursty1,146,891904
04:20:24,root.batch0,3,-1024
04:20:25,root.default,0,0
04:20:25,root.batch6,0,0
04:20:25,root.batch7,0,0
04:20:25,root.batch1,0,0
04:20:25,root.batch4,0,0
04:20:25,root.batch5,0,0
04:20:25,root.batch2,0,0
04:20:25,root.batch3,0,0
04:20:25,root.bursty2,117,698368
04:20:25,root.bursty0,141,861184
04:20:25,root.bursty1,146,891904
04:20:25,root.batch0,3,-1024
04:20:26,root.default,0,0
04:20:26,root.batch6,0,0
04:20:26,root.batch7,0,0
04:20:26,root.batch1,0,0
04:20:26,root.batch4,0,0
04:20:26,root.batch5,0,0
04:20:26,root.batch2,0,0
04:20:26,root.batch3,0,0
04:20:26,root.bursty2,119,710656
04:20:26,root.bursty0,141,861184
04:20:26,root.bursty1,146,891904
04:20:26,root.batch0,3,-1024
04:20:27,root.default,0,0
04:20:27,root.batch6,0,0
04:20:27,root.batch7,0,0
04:20:27,root.batch1,0,0
04:20:27,root.batch4,0,0
04:20:27,root.batch5,0,0
04:20:27,root.batch2,0,0
04:20:27,root.batch3,0,0
04:20:27,root.bursty2,119,710656
04:20:27,root.bursty0,141,861184
04:20:27,root.bursty1,146,891904
04:20:27,root.batch0,3,-1024
04:20:28,root.default,0,0
04:20:28,root.batch6,0,0
04:20:28,root.batch7,0,0
04:20:28,root.batch1,0,0
04:20:28,root.batch4,0,0
04:20:28,root.batch5,0,0
04:20:28,root.batch2,0,0
04:20:28,root.batch3,0,0
04:20:28,root.bursty2,119,710656
04:20:28,root.bursty0,141,861184
04:20:28,root.bursty1,146,891904
04:20:28,root.batch0,3,-1024
04:20:29,root.default,0,0
04:20:29,root.batch6,0,0
04:20:29,root.batch7,0,0
04:20:29,root.batch1,0,0
04:20:29,root.batch4,0,0
04:20:29,root.batch5,0,0
04:20:29,root.batch2,0,0
04:20:29,root.batch3,0,0
04:20:29,root.bursty2,116,692224
04:20:29,root.bursty0,142,867328
04:20:29,root.bursty1,146,891904
04:20:29,root.batch0,3,-1024
04:20:30,root.default,0,0
04:20:30,root.batch6,0,0
04:20:30,root.batch7,0,0
04:20:30,root.batch1,0,0
04:20:30,root.batch4,0,0
04:20:30,root.batch5,0,0
04:20:30,root.batch2,0,0
04:20:30,root.batch3,0,0
04:20:30,root.bursty2,111,661504
04:20:30,root.bursty0,146,891904
04:20:30,root.bursty1,146,891904
04:20:30,root.batch0,3,-1024
04:20:31,root.default,0,0
04:20:31,root.batch6,0,0
04:20:31,root.batch7,0,0
04:20:31,root.batch1,0,0
04:20:31,root.batch4,0,0
04:20:31,root.batch5,0,0
04:20:31,root.batch2,0,0
04:20:31,root.batch3,0,0
04:20:31,root.bursty2,112,667648
04:20:31,root.bursty0,146,891904
04:20:31,root.bursty1,146,891904
04:20:31,root.batch0,3,-1024
04:20:32,root.default,0,0
04:20:32,root.batch6,0,0
04:20:32,root.batch7,0,0
04:20:32,root.batch1,0,0
04:20:32,root.batch4,0,0
04:20:32,root.batch5,0,0
04:20:32,root.batch2,0,0
04:20:32,root.batch3,0,0
04:20:32,root.bursty2,101,600064
04:20:32,root.bursty1,146,891904
04:20:32,root.bursty0,144,879616
04:20:32,root.batch0,3,-1024
04:20:34,root.default,0,0
04:20:34,root.batch6,0,0
04:20:34,root.batch7,0,0
04:20:34,root.batch1,0,0
04:20:34,root.batch4,0,0
04:20:34,root.batch5,0,0
04:20:34,root.batch2,0,0
04:20:34,root.batch3,0,0
04:20:34,root.bursty2,111,661504
04:20:34,root.bursty0,133,812032
04:20:34,root.bursty1,146,891904
04:20:34,root.batch0,3,-1024
04:20:35,root.default,0,0
04:20:35,root.batch6,0,0
04:20:35,root.batch7,0,0
04:20:35,root.batch1,0,0
04:20:35,root.batch4,0,0
04:20:35,root.batch5,0,0
04:20:35,root.batch2,0,0
04:20:35,root.batch3,0,0
04:20:35,root.bursty0,118,719872
04:20:35,root.bursty2,125,747520
04:20:35,root.bursty1,146,891904
04:20:35,root.batch0,3,-1024
04:20:36,root.default,0,0
04:20:36,root.batch6,0,0
04:20:36,root.batch7,0,0
04:20:36,root.batch1,0,0
04:20:36,root.batch4,0,0
04:20:36,root.batch5,0,0
04:20:36,root.batch2,0,0
04:20:36,root.batch3,0,0
04:20:36,root.bursty0,122,744448
04:20:36,root.bursty2,138,827392
04:20:36,root.bursty1,138,842752
04:20:36,root.batch0,3,-1024
04:20:37,root.default,0,0
04:20:37,root.batch6,0,0
04:20:37,root.batch7,0,0
04:20:37,root.batch1,0,0
04:20:37,root.batch4,0,0
04:20:37,root.batch5,0,0
04:20:37,root.batch2,0,0
04:20:37,root.batch3,0,0
04:20:37,root.bursty1,121,738304
04:20:37,root.bursty0,131,799744
04:20:37,root.bursty2,140,839680
04:20:37,root.batch0,3,-1024
04:20:38,root.default,0,0
04:20:38,root.batch6,0,0
04:20:38,root.batch7,0,0
04:20:38,root.batch1,0,0
04:20:38,root.batch4,0,0
04:20:38,root.batch5,0,0
04:20:38,root.batch2,0,0
04:20:38,root.batch3,0,0
04:20:38,root.bursty1,119,726016
04:20:38,root.bursty2,140,839680
04:20:38,root.bursty0,141,861184
04:20:38,root.batch0,3,-1024
04:20:39,root.default,0,0
04:20:39,root.batch6,0,0
04:20:39,root.batch7,0,0
04:20:39,root.batch1,0,0
04:20:39,root.batch4,0,0
04:20:39,root.batch5,0,0
04:20:39,root.batch2,0,0
04:20:39,root.batch3,0,0
04:20:39,root.bursty1,122,744448
04:20:39,root.bursty2,141,845824
04:20:39,root.bursty0,141,861184
04:20:39,root.batch0,3,-1024
04:20:40,root.default,0,0
04:20:40,root.batch6,0,0
04:20:40,root.batch7,0,0
04:20:40,root.batch1,0,0
04:20:40,root.batch4,0,0
04:20:40,root.batch5,0,0
04:20:40,root.batch2,0,0
04:20:40,root.batch3,0,0
04:20:40,root.bursty1,120,732160
04:20:40,root.bursty2,141,845824
04:20:40,root.bursty0,141,861184
04:20:40,root.batch0,3,-1024
04:20:41,root.default,0,0
04:20:41,root.batch6,0,0
04:20:41,root.batch7,0,0
04:20:41,root.batch1,0,0
04:20:41,root.batch4,0,0
04:20:41,root.batch5,0,0
04:20:41,root.batch2,0,0
04:20:41,root.batch3,0,0
04:20:41,root.bursty1,124,756736
04:20:41,root.bursty2,141,845824
04:20:41,root.bursty0,141,861184
04:20:41,root.batch0,3,-1024
04:20:42,root.default,0,0
04:20:42,root.batch6,0,0
04:20:42,root.batch7,0,0
04:20:42,root.batch1,0,0
04:20:42,root.batch4,0,0
04:20:42,root.batch5,0,0
04:20:42,root.batch2,0,0
04:20:42,root.batch3,0,0
04:20:42,root.bursty1,124,756736
04:20:42,root.bursty2,141,845824
04:20:42,root.bursty0,141,861184
04:20:42,root.batch0,3,-1024
04:20:43,root.default,0,0
04:20:43,root.batch6,0,0
04:20:43,root.batch7,0,0
04:20:43,root.batch1,0,0
04:20:43,root.batch4,0,0
04:20:43,root.batch5,0,0
04:20:43,root.batch2,0,0
04:20:43,root.batch3,0,0
04:20:43,root.bursty1,124,756736
04:20:43,root.bursty2,141,845824
04:20:43,root.bursty0,141,861184
04:20:43,root.batch0,3,-1024
04:20:44,root.default,0,0
04:20:44,root.batch6,0,0
04:20:44,root.batch7,0,0
04:20:44,root.batch1,0,0
04:20:44,root.batch4,0,0
04:20:44,root.batch5,0,0
04:20:44,root.batch2,0,0
04:20:44,root.batch3,0,0
04:20:44,root.bursty1,124,756736
04:20:44,root.bursty2,141,845824
04:20:44,root.bursty0,141,861184
04:20:44,root.batch0,3,-1024
04:20:45,root.default,0,0
04:20:45,root.batch6,0,0
04:20:45,root.batch7,0,0
04:20:45,root.batch1,0,0
04:20:45,root.batch4,0,0
04:20:45,root.batch5,0,0
04:20:45,root.batch2,0,0
04:20:45,root.batch3,0,0
04:20:45,root.bursty1,124,756736
04:20:45,root.bursty2,141,845824
04:20:45,root.bursty0,141,861184
04:20:45,root.batch0,3,-1024
04:20:46,root.default,0,0
04:20:46,root.batch6,0,0
04:20:46,root.batch7,0,0
04:20:46,root.batch1,0,0
04:20:46,root.batch4,0,0
04:20:46,root.batch5,0,0
04:20:46,root.batch2,0,0
04:20:46,root.batch3,0,0
04:20:46,root.bursty1,123,750592
04:20:46,root.bursty2,141,845824
04:20:46,root.bursty0,141,861184
04:20:46,root.batch0,3,-1024
04:20:47,root.default,0,0
04:20:47,root.batch6,0,0
04:20:47,root.batch7,0,0
04:20:47,root.batch1,0,0
04:20:47,root.batch4,0,0
04:20:47,root.batch5,0,0
04:20:47,root.batch2,0,0
04:20:47,root.batch3,0,0
04:20:47,root.bursty1,124,756736
04:20:47,root.bursty2,141,845824
04:20:47,root.bursty0,141,861184
04:20:47,root.batch0,3,-1024
04:20:48,root.default,0,0
04:20:48,root.batch6,0,0
04:20:48,root.batch7,0,0
04:20:48,root.batch1,0,0
04:20:48,root.batch4,0,0
04:20:48,root.batch5,0,0
04:20:48,root.batch2,0,0
04:20:48,root.batch3,0,0
04:20:48,root.bursty1,125,762880
04:20:48,root.bursty2,138,827392
04:20:48,root.bursty0,139,848896
04:20:48,root.batch0,3,-1024
04:20:49,root.default,0,0
04:20:49,root.batch6,0,0
04:20:49,root.batch7,0,0
04:20:49,root.batch1,0,0
04:20:49,root.batch4,0,0
04:20:49,root.batch5,0,0
04:20:49,root.batch2,0,0
04:20:49,root.batch3,0,0
04:20:49,root.bursty1,145,803840
04:20:49,root.bursty2,134,802816
04:20:49,root.bursty0,135,824320
04:20:49,root.batch0,3,-1024
04:20:50,root.default,0,0
04:20:50,root.batch6,0,0
04:20:50,root.batch7,0,0
04:20:50,root.batch1,0,0
04:20:50,root.batch4,0,0
04:20:50,root.batch5,0,0
04:20:50,root.batch2,0,0
04:20:50,root.batch3,0,0
04:20:50,root.bursty0,119,726016
04:20:50,root.bursty2,138,827392
04:20:50,root.bursty1,181,828416
04:20:50,root.batch0,3,-1024
04:20:51,root.default,0,0
04:20:51,root.batch6,0,0
04:20:51,root.batch7,0,0
04:20:51,root.batch1,0,0
04:20:51,root.batch4,0,0
04:20:51,root.batch5,0,0
04:20:51,root.batch2,0,0
04:20:51,root.batch3,0,0
04:20:51,root.bursty0,118,719872
04:20:51,root.bursty1,197,828416
04:20:51,root.bursty2,139,833536
04:20:51,root.batch0,3,-1024
04:20:52,root.default,0,0
04:20:52,root.batch6,0,0
04:20:52,root.batch7,0,0
04:20:52,root.batch1,0,0
04:20:52,root.batch4,0,0
04:20:52,root.batch5,0,0
04:20:52,root.batch2,0,0
04:20:52,root.batch3,0,0
04:20:52,root.bursty0,123,750592
04:20:52,root.bursty1,201,836608
04:20:52,root.bursty2,141,845824
04:20:52,root.batch0,3,-1024
04:20:53,root.default,0,0
04:20:53,root.batch6,0,0
04:20:53,root.batch7,0,0
04:20:53,root.batch1,0,0
04:20:53,root.batch4,0,0
04:20:53,root.batch5,0,0
04:20:53,root.batch2,0,0
04:20:53,root.batch3,0,0
04:20:53,root.bursty0,124,756736
04:20:53,root.bursty2,140,839680
04:20:53,root.bursty1,203,840704
04:20:53,root.batch0,3,-1024
04:20:54,root.default,0,0
04:20:54,root.batch6,0,0
04:20:54,root.batch7,0,0
04:20:54,root.batch1,0,0
04:20:54,root.batch4,0,0
04:20:54,root.batch5,0,0
04:20:54,root.batch2,0,0
04:20:54,root.batch3,0,0
04:20:54,root.bursty0,132,805888
04:20:54,root.bursty2,137,821248
04:20:54,root.bursty1,203,840704
04:20:54,root.batch0,3,-1024
04:20:55,root.default,0,0
04:20:55,root.batch6,0,0
04:20:55,root.batch7,0,0
04:20:55,root.batch1,0,0
04:20:55,root.batch4,0,0
04:20:55,root.batch5,0,0
04:20:55,root.batch2,0,0
04:20:55,root.batch3,0,0
04:20:55,root.bursty2,136,815104
04:20:55,root.bursty1,205,844800
04:20:55,root.bursty0,140,855040
04:20:55,root.batch0,3,-1024
04:20:56,root.default,0,0
04:20:56,root.batch6,0,0
04:20:56,root.batch7,0,0
04:20:56,root.batch1,0,0
04:20:56,root.batch4,0,0
04:20:56,root.batch5,0,0
04:20:56,root.batch2,0,0
04:20:56,root.batch3,0,0
04:20:56,root.bursty1,197,828416
04:20:56,root.bursty2,138,827392
04:20:56,root.bursty0,141,861184
04:20:56,root.batch0,3,-1024
04:20:57,root.default,0,0
04:20:57,root.batch6,0,0
04:20:57,root.batch7,0,0
04:20:57,root.batch1,0,0
04:20:57,root.batch4,0,0
04:20:57,root.batch5,0,0
04:20:57,root.batch2,0,0
04:20:57,root.batch3,0,0
04:20:57,root.bursty1,183,799744
04:20:57,root.bursty2,141,845824
04:20:57,root.bursty0,143,873472
04:20:57,root.batch0,3,-1024
04:20:58,root.default,0,0
04:20:58,root.batch6,0,0
04:20:58,root.batch7,0,0
04:20:58,root.batch1,0,0
04:20:58,root.batch4,0,0
04:20:58,root.batch5,0,0
04:20:58,root.batch2,0,0
04:20:58,root.batch3,0,0
04:20:58,root.bursty1,161,754688
04:20:58,root.bursty2,146,876544
04:20:58,root.bursty0,146,891904
04:20:58,root.batch0,3,-1024
04:20:59,root.default,0,0
04:20:59,root.batch6,0,0
04:20:59,root.batch7,0,0
04:20:59,root.batch1,0,0
04:20:59,root.batch4,0,0
04:20:59,root.batch5,0,0
04:20:59,root.batch2,0,0
04:20:59,root.batch3,0,0
04:20:59,root.bursty1,157,746496
04:20:59,root.bursty2,145,870400
04:20:59,root.bursty0,146,891904
04:20:59,root.batch0,3,-1024
04:21:00,root.default,0,0
04:21:00,root.batch6,0,0
04:21:00,root.batch7,0,0
04:21:00,root.batch1,0,0
04:21:00,root.batch4,0,0
04:21:00,root.batch5,0,0
04:21:00,root.batch2,0,0
04:21:00,root.batch3,0,0
04:21:00,root.bursty1,169,771072
04:21:00,root.bursty2,143,858112
04:21:00,root.bursty0,143,873472
04:21:00,root.batch0,3,-1024
04:21:01,root.default,0,0
04:21:01,root.batch6,0,0
04:21:01,root.batch7,0,0
04:21:01,root.batch1,0,0
04:21:01,root.batch4,0,0
04:21:01,root.batch5,0,0
04:21:01,root.batch2,0,0
04:21:01,root.batch3,0,0
04:21:01,root.bursty1,186,804864
04:21:01,root.bursty2,139,833536
04:21:01,root.bursty0,143,873472
04:21:01,root.batch0,3,-1024
04:21:02,root.default,0,0
04:21:02,root.batch6,0,0
04:21:02,root.batch7,0,0
04:21:02,root.batch1,0,0
04:21:02,root.batch4,0,0
04:21:02,root.batch5,0,0
04:21:02,root.batch2,0,0
04:21:02,root.batch3,0,0
04:21:02,root.bursty1,178,788480
04:21:02,root.bursty2,144,864256
04:21:02,root.bursty0,141,861184
04:21:02,root.batch0,3,-1024
04:21:03,root.default,0,0
04:21:03,root.batch6,0,0
04:21:03,root.batch7,0,0
04:21:03,root.batch1,0,0
04:21:03,root.batch4,0,0
04:21:03,root.batch5,0,0
04:21:03,root.batch2,0,0
04:21:03,root.batch3,0,0
04:21:03,root.bursty1,162,755712
04:21:03,root.bursty0,142,867328
04:21:03,root.bursty2,147,882688
04:21:03,root.batch0,3,-1024
04:21:04,root.default,0,0
04:21:04,root.batch6,0,0
04:21:04,root.batch7,0,0
04:21:04,root.batch1,0,0
04:21:04,root.batch4,0,0
04:21:04,root.batch5,0,0
04:21:04,root.batch2,0,0
04:21:04,root.batch3,0,0
04:21:04,root.bursty1,156,743424
04:21:04,root.bursty2,142,851968
04:21:04,root.bursty0,146,891904
04:21:04,root.batch0,3,-1024
04:21:05,root.default,0,0
04:21:05,root.batch6,0,0
04:21:05,root.batch7,0,0
04:21:05,root.batch1,0,0
04:21:05,root.batch4,0,0
04:21:05,root.batch5,0,0
04:21:05,root.batch2,0,0
04:21:05,root.batch3,0,0
04:21:05,root.bursty1,146,722944
04:21:05,root.bursty2,141,845824
04:21:05,root.bursty0,142,867328
04:21:05,root.batch0,3,-1024
04:21:06,root.default,0,0
04:21:06,root.batch6,0,0
04:21:06,root.batch7,0,0
04:21:06,root.batch1,0,0
04:21:06,root.batch4,0,0
04:21:06,root.batch5,0,0
04:21:06,root.batch2,0,0
04:21:06,root.batch3,0,0
04:21:06,root.bursty1,122,673792
04:21:06,root.bursty0,132,805888
04:21:06,root.bursty2,153,919552
04:21:06,root.batch0,3,-1024
04:21:07,root.default,0,0
04:21:07,root.batch6,0,0
04:21:07,root.batch7,0,0
04:21:07,root.batch1,0,0
04:21:07,root.batch4,0,0
04:21:07,root.batch5,0,0
04:21:07,root.batch2,0,0
04:21:07,root.batch3,0,0
04:21:07,root.bursty1,103,614400
04:21:07,root.bursty0,139,848896
04:21:07,root.bursty2,159,956416
04:21:07,root.batch0,3,-1024
04:21:08,root.default,0,0
04:21:08,root.batch6,0,0
04:21:08,root.batch7,0,0
04:21:08,root.batch1,0,0
04:21:08,root.batch4,0,0
04:21:08,root.batch5,0,0
04:21:08,root.batch2,0,0
04:21:08,root.batch3,0,0
04:21:08,root.bursty1,76,456704
04:21:08,root.bursty2,163,980992
04:21:08,root.bursty0,164,1002496
04:21:08,root.batch0,3,-1024
04:21:09,root.default,0,0
04:21:09,root.batch6,0,0
04:21:09,root.batch7,0,0
04:21:09,root.batch1,0,0
04:21:09,root.batch4,0,0
04:21:09,root.batch5,0,0
04:21:09,root.batch2,0,0
04:21:09,root.batch3,0,0
04:21:09,root.bursty1,51,303104
04:21:09,root.bursty2,176,1060864
04:21:09,root.bursty0,176,1076224
04:21:09,root.batch0,3,-1024
04:21:10,root.default,0,0
04:21:10,root.batch6,0,0
04:21:10,root.batch7,0,0
04:21:10,root.batch1,0,0
04:21:10,root.batch4,0,0
04:21:10,root.batch5,0,0
04:21:10,root.batch2,0,0
04:21:10,root.batch3,0,0
04:21:10,root.bursty1,37,217088
04:21:10,root.bursty0,181,1106944
04:21:10,root.bursty2,188,1134592
04:21:10,root.batch0,3,-1024
04:21:11,root.default,0,0
04:21:11,root.batch6,0,0
04:21:11,root.batch7,0,0
04:21:11,root.batch1,0,0
04:21:11,root.batch4,0,0
04:21:11,root.batch5,0,0
04:21:11,root.batch2,0,0
04:21:11,root.batch3,0,0
04:21:11,root.bursty1,29,167936
04:21:11,root.bursty2,189,1140736
04:21:11,root.bursty0,188,1149952
04:21:11,root.batch0,3,-1024
04:21:12,root.default,0,0
04:21:12,root.batch6,0,0
04:21:12,root.batch7,0,0
04:21:12,root.batch1,0,0
04:21:12,root.batch4,0,0
04:21:12,root.batch5,0,0
04:21:12,root.batch2,0,0
04:21:12,root.batch3,0,0
04:21:12,root.bursty1,27,155648
04:21:12,root.bursty2,190,1146880
04:21:12,root.bursty0,190,1162240
04:21:12,root.batch0,3,-1024
04:21:13,root.default,0,0
04:21:13,root.batch6,0,0
04:21:13,root.batch7,0,0
04:21:13,root.batch1,0,0
04:21:13,root.batch4,0,0
04:21:13,root.batch5,0,0
04:21:13,root.batch2,0,0
04:21:13,root.batch3,0,0
04:21:13,root.bursty1,27,155648
04:21:13,root.bursty2,190,1146880
04:21:13,root.bursty0,190,1162240
04:21:13,root.batch0,3,-1024
04:21:14,root.default,0,0
04:21:14,root.batch6,0,0
04:21:14,root.batch7,0,0
04:21:14,root.batch1,0,0
04:21:14,root.batch4,0,0
04:21:14,root.batch5,0,0
04:21:14,root.batch2,0,0
04:21:14,root.batch3,0,0
04:21:14,root.bursty1,27,155648
04:21:14,root.bursty2,190,1146880
04:21:14,root.bursty0,190,1162240
04:21:14,root.batch0,3,-1024
04:21:15,root.default,0,0
04:21:15,root.batch6,0,0
04:21:15,root.batch7,0,0
04:21:15,root.batch1,0,0
04:21:15,root.batch4,0,0
04:21:15,root.batch5,0,0
04:21:15,root.batch2,0,0
04:21:15,root.batch3,0,0
04:21:15,root.bursty1,27,155648
04:21:15,root.bursty2,190,1146880
04:21:15,root.bursty0,190,1162240
04:21:15,root.batch0,3,-1024
04:21:16,root.default,0,0
04:21:16,root.batch6,0,0
04:21:16,root.batch7,0,0
04:21:16,root.batch1,0,0
04:21:16,root.batch4,0,0
04:21:16,root.batch5,0,0
04:21:16,root.batch2,0,0
04:21:16,root.batch3,0,0
04:21:16,root.bursty1,21,118784
04:21:16,root.bursty2,194,1171456
04:21:16,root.bursty0,192,1174528
04:21:16,root.batch0,3,-1024
04:21:17,root.default,0,0
04:21:17,root.batch6,0,0
04:21:17,root.batch7,0,0
04:21:17,root.batch1,0,0
04:21:17,root.batch4,0,0
04:21:17,root.batch5,0,0
04:21:17,root.batch2,0,0
04:21:17,root.batch3,0,0
04:21:17,root.bursty1,5,20480
04:21:17,root.bursty0,196,1199104
04:21:17,root.bursty2,202,1220608
04:21:17,root.batch0,3,-1024
04:21:18,root.default,0,0
04:21:18,root.batch6,0,0
04:21:18,root.batch7,0,0
04:21:18,root.batch1,0,0
04:21:18,root.batch4,0,0
04:21:18,root.batch5,0,0
04:21:18,root.batch2,0,0
04:21:18,root.batch3,0,0
04:21:18,root.bursty1,4,14336
04:21:18,root.bursty0,200,1223680
04:21:18,root.bursty2,203,1226752
04:21:18,root.batch0,3,-1024
04:21:19,root.default,0,0
04:21:19,root.batch6,0,0
04:21:19,root.batch7,0,0
04:21:19,root.batch1,0,0
04:21:19,root.batch4,0,0
04:21:19,root.batch5,0,0
04:21:19,root.batch2,0,0
04:21:19,root.batch3,0,0
04:21:19,root.bursty1,8,38912
04:21:19,root.bursty2,198,1196032
04:21:19,root.bursty0,199,1217536
04:21:19,root.batch0,3,-1024
04:21:20,root.default,0,0
04:21:20,root.batch6,0,0
04:21:20,root.batch7,0,0
04:21:20,root.batch1,0,0
04:21:20,root.batch4,0,0
04:21:20,root.batch5,0,0
04:21:20,root.batch2,0,0
04:21:20,root.batch3,0,0
04:21:20,root.bursty1,16,88064
04:21:20,root.bursty0,187,1143808
04:21:20,root.bursty2,191,1153024
04:21:20,root.batch0,3,-1024
04:21:21,root.default,0,0
04:21:21,root.batch6,0,0
04:21:21,root.batch7,0,0
04:21:21,root.batch1,0,0
04:21:21,root.batch4,0,0
04:21:21,root.batch5,0,0
04:21:21,root.batch2,0,0
04:21:21,root.batch3,0,0
04:21:21,root.bursty1,38,223232
04:21:21,root.bursty0,166,1014784
04:21:21,root.bursty2,191,1153024
04:21:21,root.batch0,3,-1024
04:21:22,root.default,0,0
04:21:22,root.batch6,0,0
04:21:22,root.batch7,0,0
04:21:22,root.batch1,0,0
04:21:22,root.batch4,0,0
04:21:22,root.batch5,0,0
04:21:22,root.batch2,0,0
04:21:22,root.batch3,0,0
04:21:22,root.bursty1,65,389120
04:21:22,root.bursty0,144,879616
04:21:22,root.bursty2,189,1140736
04:21:22,root.batch0,3,-1024
04:21:23,root.default,0,0
04:21:23,root.batch6,0,0
04:21:23,root.batch7,0,0
04:21:23,root.batch1,0,0
04:21:23,root.batch4,0,0
04:21:23,root.batch5,0,0
04:21:23,root.batch2,0,0
04:21:23,root.batch3,0,0
04:21:23,root.bursty1,83,499712
04:21:23,root.bursty0,120,732160
04:21:23,root.bursty2,190,1146880
04:21:23,root.batch0,3,-1024
04:21:24,root.default,0,0
04:21:24,root.batch6,0,0
04:21:24,root.batch7,0,0
04:21:24,root.batch1,0,0
04:21:24,root.batch4,0,0
04:21:24,root.batch5,0,0
04:21:24,root.batch2,0,0
04:21:24,root.batch3,0,0
04:21:24,root.bursty1,102,621568
04:21:24,root.bursty0,108,658432
04:21:24,root.bursty2,185,1116160
04:21:24,root.batch0,3,-1024
04:21:25,root.default,0,0
04:21:25,root.batch6,0,0
04:21:25,root.batch7,0,0
04:21:25,root.batch1,0,0
04:21:25,root.batch4,0,0
04:21:25,root.batch5,0,0
04:21:25,root.batch2,0,0
04:21:25,root.batch3,0,0
04:21:25,root.bursty0,123,668672
04:21:25,root.bursty1,119,726016
04:21:25,root.bursty2,177,1067008
04:21:25,root.batch0,3,-1024
04:21:26,root.default,0,0
04:21:26,root.batch6,0,0
04:21:26,root.batch7,0,0
04:21:26,root.batch1,0,0
04:21:26,root.batch4,0,0
04:21:26,root.batch5,0,0
04:21:26,root.batch2,0,0
04:21:26,root.batch3,0,0
04:21:26,root.bursty0,161,738304
04:21:26,root.bursty1,123,750592
04:21:26,root.bursty2,166,999424
04:21:26,root.batch0,3,-1024
04:21:27,root.default,0,0
04:21:27,root.batch6,0,0
04:21:27,root.batch7,0,0
04:21:27,root.batch1,0,0
04:21:27,root.batch4,0,0
04:21:27,root.batch5,0,0
04:21:27,root.batch2,0,0
04:21:27,root.batch3,0,0
04:21:27,root.bursty0,176,756736
04:21:27,root.bursty1,127,775168
04:21:27,root.bursty2,165,993280
04:21:27,root.batch0,3,-1024
04:21:28,root.default,0,0
04:21:28,root.batch6,0,0
04:21:28,root.batch7,0,0
04:21:28,root.batch1,0,0
04:21:28,root.batch4,0,0
04:21:28,root.batch5,0,0
04:21:28,root.batch2,0,0
04:21:28,root.batch3,0,0
04:21:28,root.bursty0,183,766976
04:21:28,root.bursty1,134,818176
04:21:28,root.bursty2,158,950272
04:21:28,root.batch0,3,-1024
04:21:29,root.default,0,0
04:21:29,root.batch6,0,0
04:21:29,root.batch7,0,0
04:21:29,root.batch1,0,0
04:21:29,root.batch4,0,0
04:21:29,root.batch5,0,0
04:21:29,root.batch2,0,0
04:21:29,root.batch3,0,0
04:21:29,root.bursty0,199,799744
04:21:29,root.bursty1,134,818176
04:21:29,root.bursty2,157,944128
04:21:29,root.batch0,3,-1024
04:21:31,root.default,0,0
04:21:31,root.batch6,0,0
04:21:31,root.batch7,0,0
04:21:31,root.batch1,0,0
04:21:31,root.batch4,0,0
04:21:31,root.batch5,0,0
04:21:31,root.batch2,0,0
04:21:31,root.batch3,0,0
04:21:31,root.bursty0,200,797696
04:21:31,root.bursty1,137,836608
04:21:31,root.bursty2,155,931840
04:21:31,root.batch0,3,-1024
04:21:32,root.default,0,0
04:21:32,root.batch6,0,0
04:21:32,root.batch7,0,0
04:21:32,root.batch1,0,0
04:21:32,root.batch4,0,0
04:21:32,root.batch5,0,0
04:21:32,root.batch2,0,0
04:21:32,root.batch3,0,0
04:21:32,root.bursty0,206,809984
04:21:32,root.bursty1,137,836608
04:21:32,root.bursty2,152,913408
04:21:32,root.batch0,3,-1024
04:21:33,root.default,0,0
04:21:33,root.batch6,0,0
04:21:33,root.batch7,0,0
04:21:33,root.batch1,0,0
04:21:33,root.batch4,0,0
04:21:33,root.batch5,0,0
04:21:33,root.batch2,0,0
04:21:33,root.batch3,0,0
04:21:33,root.bursty2,136,815104
04:21:33,root.bursty0,222,842752
04:21:33,root.bursty1,141,861184
04:21:33,root.batch0,3,-1024
04:21:34,root.default,0,0
04:21:34,root.batch6,0,0
04:21:34,root.batch7,0,0
04:21:34,root.batch1,0,0
04:21:34,root.batch4,0,0
04:21:34,root.batch5,0,0
04:21:34,root.batch2,0,0
04:21:34,root.batch3,0,0
04:21:34,root.bursty2,160,815104
04:21:34,root.bursty0,215,816128
04:21:34,root.bursty1,143,873472
04:21:34,root.batch0,3,-1024
04:21:35,root.default,0,0
04:21:35,root.batch6,0,0
04:21:35,root.batch7,0,0
04:21:35,root.batch1,0,0
04:21:35,root.batch4,0,0
04:21:35,root.batch5,0,0
04:21:35,root.batch2,0,0
04:21:35,root.batch3,0,0
04:21:35,root.bursty0,197,762880
04:21:35,root.bursty2,212,856064
04:21:35,root.bursty1,143,873472
04:21:35,root.batch0,3,-1024
04:21:36,root.default,0,0
04:21:36,root.batch6,0,0
04:21:36,root.batch7,0,0
04:21:36,root.batch1,0,0
04:21:36,root.batch4,0,0
04:21:36,root.batch5,0,0
04:21:36,root.batch2,0,0
04:21:36,root.batch3,0,0
04:21:36,root.bursty0,157,672768
04:21:36,root.bursty2,273,870400
04:21:36,root.bursty1,144,879616
04:21:36,root.batch0,3,-1024
04:21:37,root.default,0,0
04:21:37,root.batch6,0,0
04:21:37,root.batch7,0,0
04:21:37,root.batch1,0,0
04:21:37,root.batch4,0,0
04:21:37,root.batch5,0,0
04:21:37,root.batch2,0,0
04:21:37,root.batch3,0,0
04:21:37,root.bursty0,135,586752
04:21:37,root.bursty1,152,928768
04:21:37,root.bursty2,318,925696
04:21:37,root.batch0,3,-1024
04:21:38,root.default,0,0
04:21:38,root.batch6,0,0
04:21:38,root.batch7,0,0
04:21:38,root.batch1,0,0
04:21:38,root.batch4,0,0
04:21:38,root.batch5,0,0
04:21:38,root.batch2,0,0
04:21:38,root.batch3,0,0
04:21:38,root.bursty0,110,441344
04:21:38,root.bursty1,161,984064
04:21:38,root.bursty2,302,983040
04:21:38,root.batch0,3,-1024
04:21:39,root.default,0,0
04:21:39,root.batch6,0,0
04:21:39,root.batch7,0,0
04:21:39,root.batch1,0,0
04:21:39,root.batch4,0,0
04:21:39,root.batch5,0,0
04:21:39,root.batch2,0,0
04:21:39,root.batch3,0,0
04:21:39,root.bursty0,73,271360
04:21:39,root.bursty2,280,1044480
04:21:39,root.bursty1,171,1045504
04:21:39,root.batch0,3,-1024
04:21:40,root.default,0,0
04:21:40,root.batch6,0,0
04:21:40,root.batch7,0,0
04:21:40,root.batch1,0,0
04:21:40,root.batch4,0,0
04:21:40,root.batch5,0,0
04:21:40,root.batch2,0,0
04:21:40,root.batch3,0,0
04:21:40,root.bursty0,37,173056
04:21:40,root.bursty1,186,1137664
04:21:40,root.bursty2,297,1148928
04:21:40,root.batch0,3,-1024
04:21:41,root.default,0,0
04:21:41,root.batch6,0,0
04:21:41,root.batch7,0,0
04:21:41,root.batch1,0,0
04:21:41,root.batch4,0,0
04:21:41,root.batch5,0,0
04:21:41,root.batch2,0,0
04:21:41,root.batch3,0,0
04:21:41,root.bursty0,16,93184
04:21:41,root.bursty2,294,1196032
04:21:41,root.bursty1,197,1205248
04:21:41,root.batch0,3,-1024
04:21:42,root.default,0,0
04:21:42,root.batch6,0,0
04:21:42,root.batch7,0,0
04:21:42,root.batch1,0,0
04:21:42,root.batch4,0,0
04:21:42,root.batch5,0,0
04:21:42,root.batch2,0,0
04:21:42,root.batch3,0,0
04:21:42,root.bursty0,11,62464
04:21:42,root.bursty2,266,1196032
04:21:42,root.bursty1,204,1248256
04:21:42,root.batch0,3,-1024
04:21:43,root.default,0,0
04:21:43,root.batch6,0,0
04:21:43,root.batch7,0,0
04:21:43,root.batch1,0,0
04:21:43,root.batch4,0,0
04:21:43,root.batch5,0,0
04:21:43,root.batch2,0,0
04:21:43,root.batch3,0,0
04:21:43,root.bursty0,11,62464
04:21:43,root.bursty2,226,1179648
04:21:43,root.bursty1,205,1254400
04:21:43,root.batch0,3,-1024
04:21:44,root.default,0,0
04:21:44,root.batch6,0,0
04:21:44,root.batch7,0,0
04:21:44,root.batch1,0,0
04:21:44,root.batch4,0,0
04:21:44,root.batch5,0,0
04:21:44,root.batch2,0,0
04:21:44,root.batch3,0,0
04:21:44,root.bursty0,11,62464
04:21:44,root.bursty2,199,1153024
04:21:44,root.bursty1,205,1254400
04:21:44,root.batch0,3,-1024
04:21:45,root.default,0,0
04:21:45,root.batch6,0,0
04:21:45,root.batch7,0,0
04:21:45,root.batch1,0,0
04:21:45,root.batch4,0,0
04:21:45,root.batch5,0,0
04:21:45,root.batch2,0,0
04:21:45,root.batch3,0,0
04:21:45,root.bursty0,10,56320
04:21:45,root.bursty2,193,1157120
04:21:45,root.bursty1,205,1254400
04:21:45,root.batch0,3,-1024
04:21:46,root.default,0,0
04:21:46,root.batch6,0,0
04:21:46,root.batch7,0,0
04:21:46,root.batch1,0,0
04:21:46,root.batch4,0,0
04:21:46,root.batch5,0,0
04:21:46,root.batch2,0,0
04:21:46,root.batch3,0,0
04:21:46,root.bursty0,8,44032
04:21:46,root.bursty2,193,1165312
04:21:46,root.bursty1,205,1254400
04:21:46,root.batch0,3,-1024
04:21:47,root.default,0,0
04:21:47,root.batch6,0,0
04:21:47,root.batch7,0,0
04:21:47,root.batch1,0,0
04:21:47,root.batch4,0,0
04:21:47,root.batch5,0,0
04:21:47,root.batch2,0,0
04:21:47,root.batch3,0,0
04:21:47,root.bursty0,5,25600
04:21:47,root.bursty2,196,1183744
04:21:47,root.bursty1,205,1254400
04:21:47,root.batch0,3,-1024
04:21:48,root.default,0,0
04:21:48,root.batch6,0,0
04:21:48,root.batch7,0,0
04:21:48,root.batch1,0,0
04:21:48,root.batch4,0,0
04:21:48,root.batch5,0,0
04:21:48,root.batch2,0,0
04:21:48,root.batch3,0,0
04:21:48,root.bursty0,1,1024
04:21:48,root.bursty2,200,1208320
04:21:48,root.bursty1,205,1254400
04:21:48,root.batch0,3,-1024
04:21:49,root.default,0,0
04:21:49,root.batch6,0,0
04:21:49,root.batch7,0,0
04:21:49,root.batch1,0,0
04:21:49,root.batch4,0,0
04:21:49,root.batch5,0,0
04:21:49,root.batch2,0,0
04:21:49,root.batch3,0,0
04:21:49,root.bursty0,1,1024
04:21:49,root.bursty2,202,1220608
04:21:49,root.bursty1,203,1242112
04:21:49,root.batch0,3,-1024
04:21:50,root.default,0,0
04:21:50,root.batch6,0,0
04:21:50,root.batch7,0,0
04:21:50,root.batch1,0,0
04:21:50,root.batch4,0,0
04:21:50,root.batch5,0,0
04:21:50,root.batch2,0,0
04:21:50,root.batch3,0,0
04:21:50,root.bursty0,1,1024
04:21:50,root.bursty1,196,1199104
04:21:50,root.bursty2,209,1263616
04:21:50,root.batch0,3,-1024
04:21:51,root.default,0,0
04:21:51,root.batch6,0,0
04:21:51,root.batch7,0,0
04:21:51,root.batch1,0,0
04:21:51,root.batch4,0,0
04:21:51,root.batch5,0,0
04:21:51,root.batch2,0,0
04:21:51,root.batch3,0,0
04:21:51,root.bursty0,1,1024
04:21:51,root.bursty1,187,1143808
04:21:51,root.bursty2,217,1312768
04:21:51,root.batch0,3,-1024
04:21:52,root.default,0,0
04:21:52,root.batch6,0,0
04:21:52,root.batch7,0,0
04:21:52,root.batch1,0,0
04:21:52,root.batch4,0,0
04:21:52,root.batch5,0,0
04:21:52,root.batch2,0,0
04:21:52,root.batch3,0,0
04:21:52,root.bursty0,1,1024
04:21:52,root.bursty1,172,1051648
04:21:52,root.bursty2,228,1380352
04:21:52,root.batch0,3,-1024
04:21:53,root.bursty0,0,0
04:21:53,root.default,0,0
04:21:53,root.batch6,0,0
04:21:53,root.batch7,0,0
04:21:53,root.batch1,0,0
04:21:53,root.batch4,0,0
04:21:53,root.batch5,0,0
04:21:53,root.batch2,0,0
04:21:53,root.batch3,0,0
04:21:53,root.bursty1,166,1014784
04:21:53,root.bursty2,230,1392640
04:21:53,root.batch0,3,-1024
04:21:54,root.bursty0,0,0
04:21:54,root.default,0,0
04:21:54,root.batch6,0,0
04:21:54,root.batch7,0,0
04:21:54,root.batch1,0,0
04:21:54,root.batch4,0,0
04:21:54,root.batch5,0,0
04:21:54,root.batch2,0,0
04:21:54,root.batch3,0,0
04:21:54,root.bursty1,167,1020928
04:21:54,root.bursty2,230,1392640
04:21:54,root.batch0,3,-1024
04:21:55,root.bursty0,0,0
04:21:55,root.default,0,0
04:21:55,root.batch6,0,0
04:21:55,root.batch7,0,0
04:21:55,root.batch1,0,0
04:21:55,root.batch4,0,0
04:21:55,root.batch5,0,0
04:21:55,root.batch2,0,0
04:21:55,root.batch3,0,0
04:21:55,root.bursty1,172,1051648
04:21:55,root.bursty2,230,1392640
04:21:55,root.batch0,3,-1024
04:21:56,root.bursty0,0,0
04:21:56,root.default,0,0
04:21:56,root.batch6,0,0
04:21:56,root.batch7,0,0
04:21:56,root.batch1,0,0
04:21:56,root.batch4,0,0
04:21:56,root.batch5,0,0
04:21:56,root.batch2,0,0
04:21:56,root.batch3,0,0
04:21:56,root.bursty1,170,1039360
04:21:56,root.bursty2,230,1392640
04:21:56,root.batch0,3,-1024
04:21:57,root.bursty0,0,0
04:21:57,root.default,0,0
04:21:57,root.batch6,0,0
04:21:57,root.batch7,0,0
04:21:57,root.batch1,0,0
04:21:57,root.batch4,0,0
04:21:57,root.batch5,0,0
04:21:57,root.batch2,0,0
04:21:57,root.batch3,0,0
04:21:57,root.bursty1,175,1070080
04:21:57,root.bursty2,230,1392640
04:21:57,root.batch0,3,-1024
04:21:58,root.bursty0,0,0
04:21:58,root.default,0,0
04:21:58,root.batch6,0,0
04:21:58,root.batch7,0,0
04:21:58,root.batch1,0,0
04:21:58,root.batch4,0,0
04:21:58,root.batch5,0,0
04:21:58,root.batch2,0,0
04:21:58,root.batch3,0,0
04:21:58,root.bursty1,174,1063936
04:21:58,root.bursty2,230,1392640
04:21:58,root.batch0,3,-1024
04:21:59,root.bursty0,0,0
04:21:59,root.default,0,0
04:21:59,root.batch6,0,0
04:21:59,root.batch7,0,0
04:21:59,root.batch1,0,0
04:21:59,root.batch4,0,0
04:21:59,root.batch5,0,0
04:21:59,root.batch2,0,0
04:21:59,root.batch3,0,0
04:21:59,root.bursty1,175,1070080
04:21:59,root.bursty2,230,1392640
04:21:59,root.batch0,3,-1024
04:22:00,root.bursty0,0,0
04:22:00,root.default,0,0
04:22:00,root.batch6,0,0
04:22:00,root.batch7,0,0
04:22:00,root.batch1,0,0
04:22:00,root.batch4,0,0
04:22:00,root.batch5,0,0
04:22:00,root.batch2,0,0
04:22:00,root.batch3,0,0
04:22:00,root.bursty1,175,1070080
04:22:00,root.bursty2,230,1392640
04:22:00,root.batch0,3,-1024
04:22:01,root.bursty0,0,0
04:22:01,root.default,0,0
04:22:01,root.batch6,0,0
04:22:01,root.batch7,0,0
04:22:01,root.batch1,0,0
04:22:01,root.batch4,0,0
04:22:01,root.batch5,0,0
04:22:01,root.batch2,0,0
04:22:01,root.batch3,0,0
04:22:01,root.bursty1,174,1063936
04:22:01,root.bursty2,230,1392640
04:22:01,root.batch0,3,-1024
04:22:02,root.default,0,0
04:22:02,root.batch6,0,0
04:22:02,root.batch7,0,0
04:22:02,root.batch1,0,0
04:22:02,root.batch4,0,0
04:22:02,root.batch5,0,0
04:22:02,root.batch2,0,0
04:22:02,root.batch3,0,0
04:22:02,root.bursty0,1,1024
04:22:02,root.bursty1,175,1070080
04:22:02,root.bursty2,229,1386496
04:22:02,root.batch0,3,-1024
04:22:03,root.default,0,0
04:22:03,root.batch6,0,0
04:22:03,root.batch7,0,0
04:22:03,root.batch1,0,0
04:22:03,root.batch4,0,0
04:22:03,root.batch5,0,0
04:22:03,root.batch2,0,0
04:22:03,root.batch3,0,0
04:22:03,root.bursty0,1,1024
04:22:03,root.bursty1,176,1076224
04:22:03,root.bursty2,229,1386496
04:22:03,root.batch0,3,-1024
04:22:04,root.default,0,0
04:22:04,root.batch6,0,0
04:22:04,root.batch7,0,0
04:22:04,root.batch1,0,0
04:22:04,root.batch4,0,0
04:22:04,root.batch5,0,0
04:22:04,root.batch2,0,0
04:22:04,root.batch3,0,0
04:22:04,root.bursty0,1,1024
04:22:04,root.bursty1,176,1076224
04:22:04,root.bursty2,228,1380352
04:22:04,root.batch0,3,-1024
04:22:05,root.default,0,0
04:22:05,root.batch6,0,0
04:22:05,root.batch7,0,0
04:22:05,root.batch1,0,0
04:22:05,root.batch4,0,0
04:22:05,root.batch5,0,0
04:22:05,root.batch2,0,0
04:22:05,root.batch3,0,0
04:22:05,root.bursty0,1,1024
04:22:05,root.bursty1,177,1082368
04:22:05,root.bursty2,228,1380352
04:22:05,root.batch0,3,-1024
04:22:06,root.default,0,0
04:22:06,root.batch6,0,0
04:22:06,root.batch7,0,0
04:22:06,root.batch1,0,0
04:22:06,root.batch4,0,0
04:22:06,root.batch5,0,0
04:22:06,root.batch2,0,0
04:22:06,root.batch3,0,0
04:22:06,root.bursty0,1,1024
04:22:06,root.bursty1,177,1082368
04:22:06,root.bursty2,228,1380352
04:22:06,root.batch0,3,-1024
04:22:07,root.default,0,0
04:22:07,root.batch6,0,0
04:22:07,root.batch7,0,0
04:22:07,root.batch1,0,0
04:22:07,root.batch4,0,0
04:22:07,root.batch5,0,0
04:22:07,root.batch2,0,0
04:22:07,root.batch3,0,0
04:22:07,root.bursty0,1,1024
04:22:07,root.bursty1,179,1094656
04:22:07,root.bursty2,225,1361920
04:22:07,root.batch0,3,-1024
04:22:08,root.default,0,0
04:22:08,root.batch6,0,0
04:22:08,root.batch7,0,0
04:22:08,root.batch1,0,0
04:22:08,root.batch4,0,0
04:22:08,root.batch5,0,0
04:22:08,root.batch2,0,0
04:22:08,root.batch3,0,0
04:22:08,root.bursty0,1,1024
04:22:08,root.bursty1,183,1119232
04:22:08,root.bursty2,210,1269760
04:22:08,root.batch0,3,-1024
04:22:09,root.default,0,0
04:22:09,root.batch6,0,0
04:22:09,root.batch7,0,0
04:22:09,root.batch1,0,0
04:22:09,root.batch4,0,0
04:22:09,root.batch5,0,0
04:22:09,root.batch2,0,0
04:22:09,root.batch3,0,0
04:22:09,root.bursty0,1,1024
04:22:09,root.bursty2,192,1159168
04:22:09,root.bursty1,201,1229824
04:22:09,root.batch0,3,-1024
04:22:10,root.default,0,0
04:22:10,root.batch6,0,0
04:22:10,root.batch7,0,0
04:22:10,root.batch1,0,0
04:22:10,root.batch4,0,0
04:22:10,root.batch5,0,0
04:22:10,root.batch2,0,0
04:22:10,root.batch3,0,0
04:22:10,root.bursty0,1,1024
04:22:10,root.bursty2,176,1065984
04:22:10,root.bursty1,204,1248256
04:22:10,root.batch0,3,-1024
04:22:11,root.default,0,0
04:22:11,root.batch6,0,0
04:22:11,root.batch7,0,0
04:22:11,root.batch1,0,0
04:22:11,root.batch4,0,0
04:22:11,root.batch5,0,0
04:22:11,root.batch2,0,0
04:22:11,root.batch3,0,0
04:22:11,root.bursty0,11,62464
04:22:11,root.bursty2,178,1078272
04:22:11,root.bursty1,196,1199104
04:22:11,root.batch0,3,-1024
04:22:12,root.default,0,0
04:22:12,root.batch6,0,0
04:22:12,root.batch7,0,0
04:22:12,root.batch1,0,0
04:22:12,root.batch4,0,0
04:22:12,root.batch5,0,0
04:22:12,root.batch2,0,0
04:22:12,root.batch3,0,0
04:22:12,root.bursty0,43,259072
04:22:12,root.bursty2,158,955392
04:22:12,root.bursty1,185,1131520
04:22:12,root.batch0,3,-1024
04:22:13,root.default,0,0
04:22:13,root.batch6,0,0
04:22:13,root.batch7,0,0
04:22:13,root.batch1,0,0
04:22:13,root.batch4,0,0
04:22:13,root.batch5,0,0
04:22:13,root.batch2,0,0
04:22:13,root.batch3,0,0
04:22:13,root.bursty0,72,437248
04:22:13,root.bursty2,143,863232
04:22:13,root.bursty1,179,1094656
04:22:13,root.batch0,3,-1024
04:22:14,root.default,0,0
04:22:14,root.batch6,0,0
04:22:14,root.batch7,0,0
04:22:14,root.batch1,0,0
04:22:14,root.batch4,0,0
04:22:14,root.batch5,0,0
04:22:14,root.batch2,0,0
04:22:14,root.batch3,0,0
04:22:14,root.bursty0,88,535552
04:22:14,root.bursty2,133,801792
04:22:14,root.bursty1,178,1088512
04:22:14,root.batch0,3,-1024
04:22:15,root.default,0,0
04:22:15,root.batch6,0,0
04:22:15,root.batch7,0,0
04:22:15,root.batch1,0,0
04:22:15,root.batch4,0,0
04:22:15,root.batch5,0,0
04:22:15,root.batch2,0,0
04:22:15,root.batch3,0,0
04:22:15,root.bursty0,95,578560
04:22:15,root.bursty2,129,777216
04:22:15,root.bursty1,178,1088512
04:22:15,root.batch0,3,-1024
04:22:16,root.default,0,0
04:22:16,root.batch6,0,0
04:22:16,root.batch7,0,0
04:22:16,root.batch1,0,0
04:22:16,root.batch4,0,0
04:22:16,root.batch5,0,0
04:22:16,root.batch2,0,0
04:22:16,root.batch3,0,0
04:22:16,root.bursty0,99,603136
04:22:16,root.bursty2,122,734208
04:22:16,root.bursty1,178,1088512
04:22:16,root.batch0,3,-1024
04:22:17,root.default,0,0
04:22:17,root.batch6,0,0
04:22:17,root.batch7,0,0
04:22:17,root.batch1,0,0
04:22:17,root.batch4,0,0
04:22:17,root.batch5,0,0
04:22:17,root.batch2,0,0
04:22:17,root.batch3,0,0
04:22:17,root.bursty0,106,646144
04:22:17,root.bursty2,112,672768
04:22:17,root.bursty1,178,1088512
04:22:17,root.batch0,3,-1024
04:22:18,root.default,0,0
04:22:18,root.batch6,0,0
04:22:18,root.batch7,0,0
04:22:18,root.batch1,0,0
04:22:18,root.batch4,0,0
04:22:18,root.batch5,0,0
04:22:18,root.batch2,0,0
04:22:18,root.batch3,0,0
04:22:18,root.bursty2,108,648192
04:22:18,root.bursty0,115,701440
04:22:18,root.bursty1,178,1088512
04:22:18,root.batch0,3,-1024
04:22:19,root.default,0,0
04:22:19,root.batch6,0,0
04:22:19,root.batch7,0,0
04:22:19,root.batch1,0,0
04:22:19,root.batch4,0,0
04:22:19,root.batch5,0,0
04:22:19,root.batch2,0,0
04:22:19,root.batch3,0,0
04:22:19,root.bursty2,101,605184
04:22:19,root.bursty0,118,719872
04:22:19,root.bursty1,178,1088512
04:22:19,root.batch0,3,-1024
04:22:20,root.default,0,0
04:22:20,root.batch6,0,0
04:22:20,root.batch7,0,0
04:22:20,root.batch1,0,0
04:22:20,root.batch4,0,0
04:22:20,root.batch5,0,0
04:22:20,root.batch2,0,0
04:22:20,root.batch3,0,0
04:22:20,root.bursty2,94,562176
04:22:20,root.bursty0,123,750592
04:22:20,root.bursty1,178,1088512
04:22:20,root.batch0,3,-1024
04:22:21,root.default,0,0
04:22:21,root.batch6,0,0
04:22:21,root.batch7,0,0
04:22:21,root.batch1,0,0
04:22:21,root.batch4,0,0
04:22:21,root.batch5,0,0
04:22:21,root.batch2,0,0
04:22:21,root.batch3,0,0
04:22:21,root.bursty2,84,500736
04:22:21,root.bursty0,132,805888
04:22:21,root.bursty1,174,1063936
04:22:21,root.batch0,3,-1024
04:22:22,root.default,0,0
04:22:22,root.batch6,0,0
04:22:22,root.batch7,0,0
04:22:22,root.batch1,0,0
04:22:22,root.batch4,0,0
04:22:22,root.batch5,0,0
04:22:22,root.batch2,0,0
04:22:22,root.batch3,0,0
04:22:22,root.bursty2,99,592896
04:22:22,root.bursty0,140,855040
04:22:22,root.bursty1,164,1002496
04:22:22,root.batch0,3,-1024
04:22:23,root.default,0,0
04:22:23,root.batch6,0,0
04:22:23,root.batch7,0,0
04:22:23,root.batch1,0,0
04:22:23,root.batch4,0,0
04:22:23,root.batch5,0,0
04:22:23,root.batch2,0,0
04:22:23,root.batch3,0,0
04:22:23,root.bursty2,123,740352
04:22:23,root.bursty0,141,861184
04:22:23,root.bursty1,141,861184
04:22:23,root.batch0,3,-1024
04:22:24,root.default,0,0
04:22:24,root.batch6,0,0
04:22:24,root.batch7,0,0
04:22:24,root.batch1,0,0
04:22:24,root.batch4,0,0
04:22:24,root.batch5,0,0
04:22:24,root.batch2,0,0
04:22:24,root.batch3,0,0
04:22:24,root.bursty1,124,756736
04:22:24,root.bursty2,138,832512
04:22:24,root.bursty0,141,861184
04:22:24,root.batch0,3,-1024
04:22:25,root.default,0,0
04:22:25,root.batch6,0,0
04:22:25,root.batch7,0,0
04:22:25,root.batch1,0,0
04:22:25,root.batch4,0,0
04:22:25,root.batch5,0,0
04:22:25,root.batch2,0,0
04:22:25,root.batch3,0,0
04:22:25,root.bursty1,123,750592
04:22:25,root.bursty2,140,844800
04:22:25,root.bursty0,142,867328
04:22:25,root.batch0,3,-1024
04:22:26,root.default,0,0
04:22:26,root.batch6,0,0
04:22:26,root.batch7,0,0
04:22:26,root.batch1,0,0
04:22:26,root.batch4,0,0
04:22:26,root.batch5,0,0
04:22:26,root.batch2,0,0
04:22:26,root.batch3,0,0
04:22:26,root.bursty1,121,738304
04:22:26,root.bursty2,142,857088
04:22:26,root.bursty0,142,867328
04:22:26,root.batch0,3,-1024
04:22:28,root.default,0,0
04:22:28,root.batch6,0,0
04:22:28,root.batch7,0,0
04:22:28,root.batch1,0,0
04:22:28,root.batch4,0,0
04:22:28,root.batch5,0,0
04:22:28,root.batch2,0,0
04:22:28,root.batch3,0,0
04:22:28,root.bursty1,121,738304
04:22:28,root.bursty2,142,857088
04:22:28,root.bursty0,142,867328
04:22:28,root.batch0,3,-1024
04:22:29,root.default,0,0
04:22:29,root.batch6,0,0
04:22:29,root.batch7,0,0
04:22:29,root.batch1,0,0
04:22:29,root.batch4,0,0
04:22:29,root.batch5,0,0
04:22:29,root.batch2,0,0
04:22:29,root.batch3,0,0
04:22:29,root.bursty1,119,726016
04:22:29,root.bursty0,142,867328
04:22:29,root.bursty2,144,869376
04:22:29,root.batch0,3,-1024
04:22:30,root.default,0,0
04:22:30,root.batch6,0,0
04:22:30,root.batch7,0,0
04:22:30,root.batch1,0,0
04:22:30,root.batch4,0,0
04:22:30,root.batch5,0,0
04:22:30,root.batch2,0,0
04:22:30,root.batch3,0,0
04:22:30,root.bursty1,119,726016
04:22:30,root.bursty0,142,867328
04:22:30,root.bursty2,144,869376
04:22:30,root.batch0,3,-1024
04:22:31,root.default,0,0
04:22:31,root.batch6,0,0
04:22:31,root.batch7,0,0
04:22:31,root.batch1,0,0
04:22:31,root.batch4,0,0
04:22:31,root.batch5,0,0
04:22:31,root.batch2,0,0
04:22:31,root.batch3,0,0
04:22:31,root.bursty1,119,726016
04:22:31,root.bursty0,142,867328
04:22:31,root.bursty2,144,869376
04:22:31,root.batch0,3,-1024
04:22:32,root.default,0,0
04:22:32,root.batch6,0,0
04:22:32,root.batch7,0,0
04:22:32,root.batch1,0,0
04:22:32,root.batch4,0,0
04:22:32,root.batch5,0,0
04:22:32,root.batch2,0,0
04:22:32,root.batch3,0,0
04:22:32,root.bursty1,118,719872
04:22:32,root.bursty0,142,867328
04:22:32,root.bursty2,144,869376
04:22:32,root.batch0,3,-1024
04:22:33,root.default,0,0
04:22:33,root.batch6,0,0
04:22:33,root.batch7,0,0
04:22:33,root.batch1,0,0
04:22:33,root.batch4,0,0
04:22:33,root.batch5,0,0
04:22:33,root.batch2,0,0
04:22:33,root.batch3,0,0
04:22:33,root.bursty1,114,695296
04:22:33,root.bursty0,142,867328
04:22:33,root.bursty2,144,869376
04:22:33,root.batch0,3,-1024
04:22:34,root.default,0,0
04:22:34,root.batch6,0,0
04:22:34,root.batch7,0,0
04:22:34,root.batch1,0,0
04:22:34,root.batch4,0,0
04:22:34,root.batch5,0,0
04:22:34,root.batch2,0,0
04:22:34,root.batch3,0,0
04:22:34,root.bursty1,118,719872
04:22:34,root.bursty0,142,867328
04:22:34,root.bursty2,144,869376
04:22:34,root.batch0,3,-1024
04:22:35,root.default,0,0
04:22:35,root.batch6,0,0
04:22:35,root.batch7,0,0
04:22:35,root.batch1,0,0
04:22:35,root.batch4,0,0
04:22:35,root.batch5,0,0
04:22:35,root.batch2,0,0
04:22:35,root.batch3,0,0
04:22:35,root.bursty1,117,713728
04:22:35,root.bursty0,142,867328
04:22:35,root.bursty2,144,869376
04:22:35,root.batch0,3,-1024
04:22:36,root.default,0,0
04:22:36,root.batch6,0,0
04:22:36,root.batch7,0,0
04:22:36,root.batch1,0,0
04:22:36,root.batch4,0,0
04:22:36,root.batch5,0,0
04:22:36,root.batch2,0,0
04:22:36,root.batch3,0,0
04:22:36,root.bursty1,119,726016
04:22:36,root.bursty0,142,867328
04:22:36,root.bursty2,144,869376
04:22:36,root.batch0,3,-1024
04:22:37,root.default,0,0
04:22:37,root.batch6,0,0
04:22:37,root.batch7,0,0
04:22:37,root.batch1,0,0
04:22:37,root.batch4,0,0
04:22:37,root.batch5,0,0
04:22:37,root.batch2,0,0
04:22:37,root.batch3,0,0
04:22:37,root.bursty1,113,689152
04:22:37,root.bursty0,142,867328
04:22:37,root.bursty2,144,869376
04:22:37,root.batch0,3,-1024
04:22:38,root.default,0,0
04:22:38,root.batch6,0,0
04:22:38,root.batch7,0,0
04:22:38,root.batch1,0,0
04:22:38,root.batch4,0,0
04:22:38,root.batch5,0,0
04:22:38,root.batch2,0,0
04:22:38,root.batch3,0,0
04:22:38,root.bursty1,103,627712
04:22:38,root.bursty0,142,867328
04:22:38,root.bursty2,144,869376
04:22:38,root.batch0,3,-1024
04:22:39,root.default,0,0
04:22:39,root.batch6,0,0
04:22:39,root.batch7,0,0
04:22:39,root.batch1,0,0
04:22:39,root.batch4,0,0
04:22:39,root.batch5,0,0
04:22:39,root.batch2,0,0
04:22:39,root.batch3,0,0
04:22:39,root.bursty1,99,603136
04:22:39,root.bursty0,142,867328
04:22:39,root.bursty2,144,869376
04:22:39,root.batch0,3,-1024
04:22:40,root.default,0,0
04:22:40,root.batch6,0,0
04:22:40,root.batch7,0,0
04:22:40,root.batch1,0,0
04:22:40,root.batch4,0,0
04:22:40,root.batch5,0,0
04:22:40,root.batch2,0,0
04:22:40,root.batch3,0,0
04:22:40,root.bursty1,111,676864
04:22:40,root.bursty2,132,795648
04:22:40,root.bursty0,142,867328
04:22:40,root.batch0,3,-1024
04:22:41,root.default,0,0
04:22:41,root.batch6,0,0
04:22:41,root.batch7,0,0
04:22:41,root.batch1,0,0
04:22:41,root.batch4,0,0
04:22:41,root.batch5,0,0
04:22:41,root.batch2,0,0
04:22:41,root.batch3,0,0
04:22:41,root.bursty1,121,730112
04:22:41,root.bursty2,123,740352
04:22:41,root.bursty0,142,867328
04:22:41,root.batch0,3,-1024
04:22:42,root.default,0,0
04:22:42,root.batch6,0,0
04:22:42,root.batch7,0,0
04:22:42,root.batch1,0,0
04:22:42,root.batch4,0,0
04:22:42,root.batch5,0,0
04:22:42,root.batch2,0,0
04:22:42,root.batch3,0,0
04:22:42,root.bursty2,119,715776
04:22:42,root.bursty1,128,666624
04:22:42,root.bursty0,142,867328
04:22:42,root.batch0,3,-1024
04:22:43,root.default,0,0
04:22:43,root.batch6,0,0
04:22:43,root.batch7,0,0
04:22:43,root.batch1,0,0
04:22:43,root.batch4,0,0
04:22:43,root.batch5,0,0
04:22:43,root.batch2,0,0
04:22:43,root.batch3,0,0
04:22:43,root.bursty1,194,801792
04:22:43,root.bursty0,131,799744
04:22:43,root.bursty2,133,801792
04:22:43,root.batch0,3,-1024
04:22:44,root.default,0,0
04:22:44,root.batch6,0,0
04:22:44,root.batch7,0,0
04:22:44,root.batch1,0,0
04:22:44,root.batch4,0,0
04:22:44,root.batch5,0,0
04:22:44,root.batch2,0,0
04:22:44,root.batch3,0,0
04:22:44,root.bursty0,120,732160
04:22:44,root.bursty1,204,822272
04:22:44,root.bursty2,140,844800
04:22:44,root.batch0,3,-1024
04:22:45,root.default,0,0
04:22:45,root.batch6,0,0
04:22:45,root.batch7,0,0
04:22:45,root.batch1,0,0
04:22:45,root.batch4,0,0
04:22:45,root.batch5,0,0
04:22:45,root.batch2,0,0
04:22:45,root.batch3,0,0
04:22:45,root.bursty0,129,787456
04:22:45,root.bursty1,204,822272
04:22:45,root.bursty2,140,844800
04:22:45,root.batch0,3,-1024
04:22:46,root.default,0,0
04:22:46,root.batch6,0,0
04:22:46,root.batch7,0,0
04:22:46,root.batch1,0,0
04:22:46,root.batch4,0,0
04:22:46,root.batch5,0,0
04:22:46,root.batch2,0,0
04:22:46,root.batch3,0,0
04:22:46,root.bursty0,133,812032
04:22:46,root.bursty1,214,842752
04:22:46,root.bursty2,140,844800
04:22:46,root.batch0,3,-1024
04:22:47,root.default,0,0
04:22:47,root.batch6,0,0
04:22:47,root.batch7,0,0
04:22:47,root.batch1,0,0
04:22:47,root.batch4,0,0
04:22:47,root.batch5,0,0
04:22:47,root.batch2,0,0
04:22:47,root.batch3,0,0
04:22:47,root.bursty0,133,812032
04:22:47,root.bursty2,141,850944
04:22:47,root.bursty1,220,855040
04:22:47,root.batch0,3,-1024
04:22:48,root.default,0,0
04:22:48,root.batch6,0,0
04:22:48,root.batch7,0,0
04:22:48,root.batch1,0,0
04:22:48,root.batch4,0,0
04:22:48,root.batch5,0,0
04:22:48,root.batch2,0,0
04:22:48,root.batch3,0,0
04:22:48,root.bursty0,134,818176
04:22:48,root.bursty1,210,834560
04:22:48,root.bursty2,141,850944
04:22:48,root.batch0,3,-1024
04:22:49,root.default,0,0
04:22:49,root.batch6,0,0
04:22:49,root.batch7,0,0
04:22:49,root.batch1,0,0
04:22:49,root.batch4,0,0
04:22:49,root.batch5,0,0
04:22:49,root.batch2,0,0
04:22:49,root.batch3,0,0
04:22:49,root.bursty1,204,822272
04:22:49,root.bursty2,140,844800
04:22:49,root.bursty0,140,855040
04:22:49,root.batch0,3,-1024
04:22:50,root.default,0,0
04:22:50,root.batch6,0,0
04:22:50,root.batch7,0,0
04:22:50,root.batch1,0,0
04:22:50,root.batch4,0,0
04:22:50,root.batch5,0,0
04:22:50,root.batch2,0,0
04:22:50,root.batch3,0,0
04:22:50,root.bursty1,168,748544
04:22:50,root.bursty2,139,838656
04:22:50,root.bursty0,145,885760
04:22:50,root.batch0,3,-1024
04:22:51,root.default,0,0
04:22:51,root.batch6,0,0
04:22:51,root.batch7,0,0
04:22:51,root.batch1,0,0
04:22:51,root.batch4,0,0
04:22:51,root.batch5,0,0
04:22:51,root.batch2,0,0
04:22:51,root.batch3,0,0
04:22:51,root.bursty1,181,774144
04:22:51,root.bursty2,138,832512
04:22:51,root.bursty0,140,855040
04:22:51,root.batch0,3,-1024
04:22:52,root.default,0,0
04:22:52,root.batch6,0,0
04:22:52,root.batch7,0,0
04:22:52,root.batch1,0,0
04:22:52,root.batch4,0,0
04:22:52,root.batch5,0,0
04:22:52,root.batch2,0,0
04:22:52,root.batch3,0,0
04:22:52,root.bursty1,181,774144
04:22:52,root.bursty2,132,795648
04:22:52,root.bursty0,137,836608
04:22:52,root.batch0,3,-1024
04:22:53,root.default,0,0
04:22:53,root.batch6,0,0
04:22:53,root.batch7,0,0
04:22:53,root.batch1,0,0
04:22:53,root.batch4,0,0
04:22:53,root.batch5,0,0
04:22:53,root.batch2,0,0
04:22:53,root.batch3,0,0
04:22:53,root.bursty1,149,708608
04:22:53,root.bursty2,129,777216
04:22:53,root.bursty0,142,867328
04:22:53,root.batch0,3,-1024
04:22:54,root.default,0,0
04:22:54,root.batch6,0,0
04:22:54,root.batch7,0,0
04:22:54,root.batch1,0,0
04:22:54,root.batch4,0,0
04:22:54,root.batch5,0,0
04:22:54,root.batch2,0,0
04:22:54,root.batch3,0,0
04:22:54,root.bursty1,144,686080
04:22:54,root.bursty2,136,820224
04:22:54,root.bursty0,153,934912
04:22:54,root.batch0,3,-1024
04:22:55,root.default,0,0
04:22:55,root.batch6,0,0
04:22:55,root.batch7,0,0
04:22:55,root.batch1,0,0
04:22:55,root.batch4,0,0
04:22:55,root.batch5,0,0
04:22:55,root.batch2,0,0
04:22:55,root.batch3,0,0
04:22:55,root.bursty1,126,600064
04:22:55,root.bursty2,148,852992
04:22:55,root.bursty0,152,928768
04:22:55,root.batch0,3,-1024
04:22:56,root.default,0,0
04:22:56,root.batch6,0,0
04:22:56,root.batch7,0,0
04:22:56,root.batch1,0,0
04:22:56,root.batch4,0,0
04:22:56,root.batch5,0,0
04:22:56,root.batch2,0,0
04:22:56,root.batch3,0,0
04:22:56,root.bursty1,99,483328
04:22:56,root.bursty2,200,885760
04:22:56,root.bursty0,157,959488
04:22:56,root.batch0,3,-1024
04:22:57,root.default,0,0
04:22:57,root.batch6,0,0
04:22:57,root.batch7,0,0
04:22:57,root.batch1,0,0
04:22:57,root.batch4,0,0
04:22:57,root.batch5,0,0
04:22:57,root.batch2,0,0
04:22:57,root.batch3,0,0
04:22:57,root.bursty1,69,405504
04:22:57,root.bursty0,163,996352
04:22:57,root.bursty2,255,994304
04:22:57,root.batch0,3,-1024
04:22:58,root.default,0,0
04:22:58,root.batch6,0,0
04:22:58,root.batch7,0,0
04:22:58,root.batch1,0,0
04:22:58,root.batch4,0,0
04:22:58,root.batch5,0,0
04:22:58,root.batch2,0,0
04:22:58,root.batch3,0,0
04:22:58,root.bursty1,62,370688
04:22:58,root.bursty0,170,1039360
04:22:58,root.bursty2,282,1045504
04:22:58,root.batch0,3,-1024
04:22:59,root.default,0,0
04:22:59,root.batch6,0,0
04:22:59,root.batch7,0,0
04:22:59,root.batch1,0,0
04:22:59,root.batch4,0,0
04:22:59,root.batch5,0,0
04:22:59,root.batch2,0,0
04:22:59,root.batch3,0,0
04:22:59,root.bursty1,57,339968
04:22:59,root.bursty2,299,1084416
04:22:59,root.bursty0,177,1082368
04:22:59,root.batch0,3,-1024
04:23:00,root.default,0,0
04:23:00,root.batch6,0,0
04:23:00,root.batch7,0,0
04:23:00,root.batch1,0,0
04:23:00,root.batch4,0,0
04:23:00,root.batch5,0,0
04:23:00,root.batch2,0,0
04:23:00,root.batch3,0,0
04:23:00,root.bursty1,57,339968
04:23:00,root.bursty2,288,1082368
04:23:00,root.bursty0,179,1094656
04:23:00,root.batch0,3,-1024
04:23:01,root.default,0,0
04:23:01,root.batch6,0,0
04:23:01,root.batch7,0,0
04:23:01,root.batch1,0,0
04:23:01,root.batch4,0,0
04:23:01,root.batch5,0,0
04:23:01,root.batch2,0,0
04:23:01,root.batch3,0,0
04:23:01,root.bursty1,54,321536
04:23:01,root.bursty2,286,1086464
04:23:01,root.bursty0,182,1113088
04:23:01,root.batch0,3,-1024
04:23:02,root.default,0,0
04:23:02,root.batch6,0,0
04:23:02,root.batch7,0,0
04:23:02,root.batch1,0,0
04:23:02,root.batch4,0,0
04:23:02,root.batch5,0,0
04:23:02,root.batch2,0,0
04:23:02,root.batch3,0,0
04:23:02,root.bursty1,53,315392
04:23:02,root.bursty2,256,1033216
04:23:02,root.bursty0,189,1156096
04:23:02,root.batch0,3,-1024
04:23:03,root.default,0,0
04:23:03,root.batch6,0,0
04:23:03,root.batch7,0,0
04:23:03,root.batch1,0,0
04:23:03,root.batch4,0,0
04:23:03,root.batch5,0,0
04:23:03,root.batch2,0,0
04:23:03,root.batch3,0,0
04:23:03,root.bursty1,52,309248
04:23:03,root.bursty2,202,947200
04:23:03,root.bursty0,200,1223680
04:23:03,root.batch0,3,-1024
04:23:04,root.default,0,0
04:23:04,root.batch6,0,0
04:23:04,root.batch7,0,0
04:23:04,root.batch1,0,0
04:23:04,root.batch4,0,0
04:23:04,root.batch5,0,0
04:23:04,root.batch2,0,0
04:23:04,root.batch3,0,0
04:23:04,root.bursty1,57,339968
04:23:04,root.bursty2,160,869376
04:23:04,root.bursty0,203,1242112
04:23:04,root.batch0,3,-1024
04:23:05,root.default,0,0
04:23:05,root.batch6,0,0
04:23:05,root.batch7,0,0
04:23:05,root.batch1,0,0
04:23:05,root.batch4,0,0
04:23:05,root.batch5,0,0
04:23:05,root.batch2,0,0
04:23:05,root.batch3,0,0
04:23:05,root.bursty1,63,376832
04:23:05,root.bursty2,140,828416
04:23:05,root.bursty0,203,1242112
04:23:05,root.batch0,3,-1024
04:23:06,root.default,0,0
04:23:06,root.batch6,0,0
04:23:06,root.batch7,0,0
04:23:06,root.batch1,0,0
04:23:06,root.batch4,0,0
04:23:06,root.batch5,0,0
04:23:06,root.batch2,0,0
04:23:06,root.batch3,0,0
04:23:06,root.bursty1,66,395264
04:23:06,root.bursty2,138,824320
04:23:06,root.bursty0,203,1242112
04:23:06,root.batch0,3,-1024
04:23:07,root.default,0,0
04:23:07,root.batch6,0,0
04:23:07,root.batch7,0,0
04:23:07,root.batch1,0,0
04:23:07,root.batch4,0,0
04:23:07,root.batch5,0,0
04:23:07,root.batch2,0,0
04:23:07,root.batch3,0,0
04:23:07,root.bursty1,60,358400
04:23:07,root.bursty2,136,820224
04:23:07,root.bursty0,203,1242112
04:23:07,root.batch0,3,-1024
04:23:08,root.default,0,0
04:23:08,root.batch6,0,0
04:23:08,root.batch7,0,0
04:23:08,root.batch1,0,0
04:23:08,root.batch4,0,0
04:23:08,root.batch5,0,0
04:23:08,root.batch2,0,0
04:23:08,root.batch3,0,0
04:23:08,root.bursty1,52,309248
04:23:08,root.bursty2,138,832512
04:23:08,root.bursty0,203,1242112
04:23:08,root.batch0,3,-1024
04:23:09,root.default,0,0
04:23:09,root.batch6,0,0
04:23:09,root.batch7,0,0
04:23:09,root.batch1,0,0
04:23:09,root.batch4,0,0
04:23:09,root.batch5,0,0
04:23:09,root.batch2,0,0
04:23:09,root.batch3,0,0
04:23:09,root.bursty1,51,303104
04:23:09,root.bursty2,138,832512
04:23:09,root.bursty0,203,1242112
04:23:09,root.batch0,3,-1024
04:23:10,root.default,0,0
04:23:10,root.batch6,0,0
04:23:10,root.batch7,0,0
04:23:10,root.batch1,0,0
04:23:10,root.batch4,0,0
04:23:10,root.batch5,0,0
04:23:10,root.batch2,0,0
04:23:10,root.batch3,0,0
04:23:10,root.bursty1,64,382976
04:23:10,root.bursty2,138,832512
04:23:10,root.bursty0,204,1248256
04:23:10,root.batch0,3,-1024
04:23:11,root.default,0,0
04:23:11,root.batch6,0,0
04:23:11,root.batch7,0,0
04:23:11,root.batch1,0,0
04:23:11,root.batch4,0,0
04:23:11,root.batch5,0,0
04:23:11,root.batch2,0,0
04:23:11,root.batch3,0,0
04:23:11,root.bursty1,73,438272
04:23:11,root.bursty2,124,746496
04:23:11,root.bursty0,204,1248256
04:23:11,root.batch0,3,-1024
04:23:12,root.default,0,0
04:23:12,root.batch6,0,0
04:23:12,root.batch7,0,0
04:23:12,root.batch1,0,0
04:23:12,root.batch4,0,0
04:23:12,root.batch5,0,0
04:23:12,root.batch2,0,0
04:23:12,root.batch3,0,0
04:23:12,root.bursty1,91,548864
04:23:12,root.bursty2,99,592896
04:23:12,root.bursty0,206,1260544
04:23:12,root.batch0,3,-1024
04:23:13,root.default,0,0
04:23:13,root.batch6,0,0
04:23:13,root.batch7,0,0
04:23:13,root.batch1,0,0
04:23:13,root.batch4,0,0
04:23:13,root.batch5,0,0
04:23:13,root.batch2,0,0
04:23:13,root.batch3,0,0
04:23:13,root.bursty2,93,556032
04:23:13,root.bursty1,101,610304
04:23:13,root.bursty0,205,1254400
04:23:13,root.batch0,3,-1024
04:23:14,root.default,0,0
04:23:14,root.batch6,0,0
04:23:14,root.batch7,0,0
04:23:14,root.batch1,0,0
04:23:14,root.batch4,0,0
04:23:14,root.batch5,0,0
04:23:14,root.batch2,0,0
04:23:14,root.batch3,0,0
04:23:14,root.bursty2,100,599040
04:23:14,root.bursty1,105,634880
04:23:14,root.bursty0,195,1192960
04:23:14,root.batch0,3,-1024
04:23:15,root.default,0,0
04:23:15,root.batch6,0,0
04:23:15,root.batch7,0,0
04:23:15,root.batch1,0,0
04:23:15,root.batch4,0,0
04:23:15,root.batch5,0,0
04:23:15,root.batch2,0,0
04:23:15,root.batch3,0,0
04:23:15,root.bursty1,110,670720
04:23:15,root.bursty2,113,678912
04:23:15,root.bursty0,174,1063936
04:23:15,root.batch0,3,-1024
04:23:16,root.default,0,0
04:23:16,root.batch6,0,0
04:23:16,root.batch7,0,0
04:23:16,root.batch1,0,0
04:23:16,root.batch4,0,0
04:23:16,root.batch5,0,0
04:23:16,root.batch2,0,0
04:23:16,root.batch3,0,0
04:23:16,root.bursty1,127,775168
04:23:16,root.bursty2,131,789504
04:23:16,root.bursty0,140,855040
04:23:16,root.batch0,3,-1024
04:23:17,root.default,0,0
04:23:17,root.batch6,0,0
04:23:17,root.batch7,0,0
04:23:17,root.batch1,0,0
04:23:17,root.batch4,0,0
04:23:17,root.batch5,0,0
04:23:17,root.batch2,0,0
04:23:17,root.batch3,0,0
04:23:17,root.bursty0,127,775168
04:23:17,root.bursty2,134,807936
04:23:17,root.bursty1,137,836608
04:23:17,root.batch0,3,-1024
04:23:18,root.default,0,0
04:23:18,root.batch6,0,0
04:23:18,root.batch7,0,0
04:23:18,root.batch1,0,0
04:23:18,root.batch4,0,0
04:23:18,root.batch5,0,0
04:23:18,root.batch2,0,0
04:23:18,root.batch3,0,0
04:23:18,root.bursty0,121,738304
04:23:18,root.bursty2,136,820224
04:23:18,root.bursty1,143,873472
04:23:18,root.batch0,3,-1024
04:23:19,root.default,0,0
04:23:19,root.batch6,0,0
04:23:19,root.batch7,0,0
04:23:19,root.batch1,0,0
04:23:19,root.batch4,0,0
04:23:19,root.batch5,0,0
04:23:19,root.batch2,0,0
04:23:19,root.batch3,0,0
04:23:19,root.bursty0,121,738304
04:23:19,root.bursty2,136,820224
04:23:19,root.bursty1,147,898048
04:23:19,root.batch0,3,-1024
04:23:20,root.default,0,0
04:23:20,root.batch6,0,0
04:23:20,root.batch7,0,0
04:23:20,root.batch1,0,0
04:23:20,root.batch4,0,0
04:23:20,root.batch5,0,0
04:23:20,root.batch2,0,0
04:23:20,root.batch3,0,0
04:23:20,root.bursty0,120,732160
04:23:20,root.bursty2,135,814080
04:23:20,root.bursty1,148,904192
04:23:20,root.batch0,3,-1024
04:23:21,root.default,0,0
04:23:21,root.batch6,0,0
04:23:21,root.batch7,0,0
04:23:21,root.batch1,0,0
04:23:21,root.batch4,0,0
04:23:21,root.batch5,0,0
04:23:21,root.batch2,0,0
04:23:21,root.batch3,0,0
04:23:21,root.bursty0,128,781312
04:23:21,root.bursty2,128,771072
04:23:21,root.bursty1,148,904192
04:23:21,root.batch0,3,-1024
04:23:22,root.default,0,0
04:23:22,root.batch6,0,0
04:23:22,root.batch7,0,0
04:23:22,root.batch1,0,0
04:23:22,root.batch4,0,0
04:23:22,root.batch5,0,0
04:23:22,root.batch2,0,0
04:23:22,root.batch3,0,0
04:23:22,root.bursty2,117,703488
04:23:22,root.bursty0,135,824320
04:23:22,root.bursty1,148,904192
04:23:22,root.batch0,3,-1024
04:23:23,root.default,0,0
04:23:23,root.batch6,0,0
04:23:23,root.batch7,0,0
04:23:23,root.batch1,0,0
04:23:23,root.batch4,0,0
04:23:23,root.batch5,0,0
04:23:23,root.batch2,0,0
04:23:23,root.batch3,0,0
04:23:23,root.bursty2,117,703488
04:23:23,root.bursty0,132,805888
04:23:23,root.bursty1,149,910336
04:23:23,root.batch0,3,-1024
04:23:24,root.default,0,0
04:23:24,root.batch6,0,0
04:23:24,root.batch7,0,0
04:23:24,root.batch1,0,0
04:23:24,root.batch4,0,0
04:23:24,root.batch5,0,0
04:23:24,root.batch2,0,0
04:23:24,root.batch3,0,0
04:23:24,root.bursty2,123,740352
04:23:24,root.bursty0,131,799744
04:23:24,root.bursty1,149,910336
04:23:24,root.batch0,3,-1024
04:23:25,root.default,0,0
04:23:25,root.batch6,0,0
04:23:25,root.batch7,0,0
04:23:25,root.batch1,0,0
04:23:25,root.batch4,0,0
04:23:25,root.batch5,0,0
04:23:25,root.batch2,0,0
04:23:25,root.batch3,0,0
04:23:25,root.bursty2,126,758784
04:23:25,root.bursty0,127,775168
04:23:25,root.bursty1,149,910336
04:23:25,root.batch0,3,-1024
04:23:27,root.default,0,0
04:23:27,root.batch6,0,0
04:23:27,root.batch7,0,0
04:23:27,root.batch1,0,0
04:23:27,root.batch4,0,0
04:23:27,root.batch5,0,0
04:23:27,root.batch2,0,0
04:23:27,root.batch3,0,0
04:23:27,root.bursty0,125,762880
04:23:27,root.bursty2,131,789504
04:23:27,root.bursty1,149,910336
04:23:27,root.batch0,3,-1024
04:23:28,root.default,0,0
04:23:28,root.batch6,0,0
04:23:28,root.batch7,0,0
04:23:28,root.batch1,0,0
04:23:28,root.batch4,0,0
04:23:28,root.batch5,0,0
04:23:28,root.batch2,0,0
04:23:28,root.batch3,0,0
04:23:28,root.bursty0,121,738304
04:23:28,root.bursty2,135,814080
04:23:28,root.bursty1,149,910336
04:23:28,root.batch0,3,-1024
04:23:29,root.default,0,0
04:23:29,root.batch6,0,0
04:23:29,root.batch7,0,0
04:23:29,root.batch1,0,0
04:23:29,root.batch4,0,0
04:23:29,root.batch5,0,0
04:23:29,root.batch2,0,0
04:23:29,root.batch3,0,0
04:23:29,root.bursty0,114,695296
04:23:29,root.bursty2,139,838656
04:23:29,root.bursty1,149,910336
04:23:29,root.batch0,3,-1024
04:23:30,root.default,0,0
04:23:30,root.batch6,0,0
04:23:30,root.batch7,0,0
04:23:30,root.batch1,0,0
04:23:30,root.batch4,0,0
04:23:30,root.batch5,0,0
04:23:30,root.batch2,0,0
04:23:30,root.batch3,0,0
04:23:30,root.bursty0,114,695296
04:23:30,root.bursty2,142,857088
04:23:30,root.bursty1,149,910336
04:23:30,root.batch0,3,-1024
04:23:31,root.default,0,0
04:23:31,root.batch6,0,0
04:23:31,root.batch7,0,0
04:23:31,root.batch1,0,0
04:23:31,root.batch4,0,0
04:23:31,root.batch5,0,0
04:23:31,root.batch2,0,0
04:23:31,root.batch3,0,0
04:23:31,root.bursty0,112,683008
04:23:31,root.bursty2,142,857088
04:23:31,root.bursty1,149,910336
04:23:31,root.batch0,3,-1024
04:23:32,root.default,0,0
04:23:32,root.batch6,0,0
04:23:32,root.batch7,0,0
04:23:32,root.batch1,0,0
04:23:32,root.batch4,0,0
04:23:32,root.batch5,0,0
04:23:32,root.batch2,0,0
04:23:32,root.batch3,0,0
04:23:32,root.bursty0,113,689152
04:23:32,root.bursty2,141,850944
04:23:32,root.bursty1,149,910336
04:23:32,root.batch0,3,-1024
04:23:33,root.default,0,0
04:23:33,root.batch6,0,0
04:23:33,root.batch7,0,0
04:23:33,root.batch1,0,0
04:23:33,root.batch4,0,0
04:23:33,root.batch5,0,0
04:23:33,root.batch2,0,0
04:23:33,root.batch3,0,0
04:23:33,root.bursty0,110,670720
04:23:33,root.bursty2,147,887808
04:23:33,root.bursty1,148,904192
04:23:33,root.batch0,3,-1024
04:23:34,root.default,0,0
04:23:34,root.batch6,0,0
04:23:34,root.batch7,0,0
04:23:34,root.batch1,0,0
04:23:34,root.batch4,0,0
04:23:34,root.batch5,0,0
04:23:34,root.batch2,0,0
04:23:34,root.batch3,0,0
04:23:34,root.bursty0,117,713728
04:23:34,root.bursty1,142,867328
04:23:34,root.bursty2,145,875520
04:23:34,root.batch0,3,-1024
04:23:35,root.default,0,0
04:23:35,root.batch6,0,0
04:23:35,root.batch7,0,0
04:23:35,root.batch1,0,0
04:23:35,root.batch4,0,0
04:23:35,root.batch5,0,0
04:23:35,root.batch2,0,0
04:23:35,root.batch3,0,0
04:23:35,root.bursty0,124,756736
04:23:35,root.bursty1,137,836608
04:23:35,root.bursty2,144,869376
04:23:35,root.batch0,3,-1024
04:23:36,root.default,0,0
04:23:36,root.batch6,0,0
04:23:36,root.batch7,0,0
04:23:36,root.batch1,0,0
04:23:36,root.batch4,0,0
04:23:36,root.batch5,0,0
04:23:36,root.batch2,0,0
04:23:36,root.batch3,0,0
04:23:36,root.bursty1,131,799744
04:23:36,root.bursty0,130,793600
04:23:36,root.bursty2,144,869376
04:23:36,root.batch0,3,-1024
04:23:37,root.default,0,0
04:23:37,root.batch6,0,0
04:23:37,root.batch7,0,0
04:23:37,root.batch1,0,0
04:23:37,root.batch4,0,0
04:23:37,root.batch5,0,0
04:23:37,root.batch2,0,0
04:23:37,root.batch3,0,0
04:23:37,root.bursty0,130,793600
04:23:37,root.bursty1,131,799744
04:23:37,root.bursty2,144,869376
04:23:37,root.batch0,3,-1024
04:23:38,root.default,0,0
04:23:38,root.batch6,0,0
04:23:38,root.batch7,0,0
04:23:38,root.batch1,0,0
04:23:38,root.batch4,0,0
04:23:38,root.batch5,0,0
04:23:38,root.batch2,0,0
04:23:38,root.batch3,0,0
04:23:38,root.bursty1,124,756736
04:23:38,root.bursty0,138,842752
04:23:38,root.bursty2,143,863232
04:23:38,root.batch0,3,-1024
04:23:39,root.default,0,0
04:23:39,root.batch6,0,0
04:23:39,root.batch7,0,0
04:23:39,root.batch1,0,0
04:23:39,root.batch4,0,0
04:23:39,root.batch5,0,0
04:23:39,root.batch2,0,0
04:23:39,root.batch3,0,0
04:23:39,root.bursty1,125,762880
04:23:39,root.bursty0,138,842752
04:23:39,root.bursty2,142,857088
04:23:39,root.batch0,3,-1024
04:23:40,root.default,0,0
04:23:40,root.batch6,0,0
04:23:40,root.batch7,0,0
04:23:40,root.batch1,0,0
04:23:40,root.batch4,0,0
04:23:40,root.batch5,0,0
04:23:40,root.batch2,0,0
04:23:40,root.batch3,0,0
04:23:40,root.bursty1,125,762880
04:23:40,root.bursty0,137,836608
04:23:40,root.bursty2,143,863232
04:23:40,root.batch0,3,-1024
04:23:41,root.default,0,0
04:23:41,root.batch6,0,0
04:23:41,root.batch7,0,0
04:23:41,root.batch1,0,0
04:23:41,root.batch4,0,0
04:23:41,root.batch5,0,0
04:23:41,root.batch2,0,0
04:23:41,root.batch3,0,0
04:23:41,root.bursty1,125,762880
04:23:41,root.bursty0,137,836608
04:23:41,root.bursty2,143,863232
04:23:41,root.batch0,3,-1024
04:23:42,root.default,0,0
04:23:42,root.batch6,0,0
04:23:42,root.batch7,0,0
04:23:42,root.batch1,0,0
04:23:42,root.batch4,0,0
04:23:42,root.batch5,0,0
04:23:42,root.batch2,0,0
04:23:42,root.batch3,0,0
04:23:42,root.bursty1,127,775168
04:23:42,root.bursty0,136,830464
04:23:42,root.bursty2,142,857088
04:23:42,root.batch0,3,-1024
04:23:43,root.default,0,0
04:23:43,root.batch6,0,0
04:23:43,root.batch7,0,0
04:23:43,root.batch1,0,0
04:23:43,root.batch4,0,0
04:23:43,root.batch5,0,0
04:23:43,root.batch2,0,0
04:23:43,root.batch3,0,0
04:23:43,root.bursty1,128,781312
04:23:43,root.bursty0,135,824320
04:23:43,root.bursty2,132,795648
04:23:43,root.batch0,3,-1024
04:23:44,root.default,0,0
04:23:44,root.batch6,0,0
04:23:44,root.batch7,0,0
04:23:44,root.batch1,0,0
04:23:44,root.batch4,0,0
04:23:44,root.batch5,0,0
04:23:44,root.batch2,0,0
04:23:44,root.batch3,0,0
04:23:44,root.bursty2,123,740352
04:23:44,root.bursty0,135,824320
04:23:44,root.bursty1,137,836608
04:23:44,root.batch0,3,-1024
04:23:45,root.default,0,0
04:23:45,root.batch6,0,0
04:23:45,root.batch7,0,0
04:23:45,root.batch1,0,0
04:23:45,root.batch4,0,0
04:23:45,root.batch5,0,0
04:23:45,root.batch2,0,0
04:23:45,root.batch3,0,0
04:23:45,root.bursty2,110,660480
04:23:45,root.bursty0,135,824320
04:23:45,root.bursty1,144,879616
04:23:45,root.batch0,3,-1024
04:23:46,root.default,0,0
04:23:46,root.batch6,0,0
04:23:46,root.batch7,0,0
04:23:46,root.batch1,0,0
04:23:46,root.batch4,0,0
04:23:46,root.batch5,0,0
04:23:46,root.batch2,0,0
04:23:46,root.batch3,0,0
04:23:46,root.bursty2,111,666624
04:23:46,root.bursty0,135,824320
04:23:46,root.bursty1,145,885760
04:23:46,root.batch0,3,-1024
04:23:47,root.default,0,0
04:23:47,root.batch6,0,0
04:23:47,root.batch7,0,0
04:23:47,root.batch1,0,0
04:23:47,root.batch4,0,0
04:23:47,root.batch5,0,0
04:23:47,root.batch2,0,0
04:23:47,root.batch3,0,0
04:23:47,root.bursty2,131,789504
04:23:47,root.bursty1,135,824320
04:23:47,root.bursty0,135,824320
04:23:47,root.batch0,3,-1024
04:23:48,root.default,0,0
04:23:48,root.batch6,0,0
04:23:48,root.batch7,0,0
04:23:48,root.batch1,0,0
04:23:48,root.batch4,0,0
04:23:48,root.batch5,0,0
04:23:48,root.batch2,0,0
04:23:48,root.batch3,0,0
04:23:48,root.bursty1,132,805888
04:23:48,root.bursty0,135,799744
04:23:48,root.bursty2,140,844800
04:23:48,root.batch0,3,-1024
04:23:49,root.default,0,0
04:23:49,root.batch6,0,0
04:23:49,root.batch7,0,0
04:23:49,root.batch1,0,0
04:23:49,root.batch4,0,0
04:23:49,root.batch5,0,0
04:23:49,root.batch2,0,0
04:23:49,root.batch3,0,0
04:23:49,root.bursty0,153,771072
04:23:49,root.bursty1,135,824320
04:23:49,root.bursty2,143,863232
04:23:49,root.batch0,3,-1024
04:23:50,root.default,0,0
04:23:50,root.batch6,0,0
04:23:50,root.batch7,0,0
04:23:50,root.batch1,0,0
04:23:50,root.batch4,0,0
04:23:50,root.batch5,0,0
04:23:50,root.batch2,0,0
04:23:50,root.batch3,0,0
04:23:50,root.bursty0,188,805888
04:23:50,root.bursty1,133,812032
04:23:50,root.bursty2,147,887808
04:23:50,root.batch0,3,-1024
04:23:51,root.default,0,0
04:23:51,root.batch6,0,0
04:23:51,root.batch7,0,0
04:23:51,root.batch1,0,0
04:23:51,root.batch4,0,0
04:23:51,root.batch5,0,0
04:23:51,root.batch2,0,0
04:23:51,root.batch3,0,0
04:23:51,root.bursty1,133,812032
04:23:51,root.bursty0,211,824320
04:23:51,root.bursty2,148,893952
04:23:51,root.batch0,3,-1024
04:23:52,root.default,0,0
04:23:52,root.batch6,0,0
04:23:52,root.batch7,0,0
04:23:52,root.batch1,0,0
04:23:52,root.batch4,0,0
04:23:52,root.batch5,0,0
04:23:52,root.batch2,0,0
04:23:52,root.batch3,0,0
04:23:52,root.bursty0,229,795648
04:23:52,root.bursty2,137,831488
04:23:52,root.bursty1,141,861184
04:23:52,root.batch0,3,-1024
04:23:53,root.default,0,0
04:23:53,root.batch6,0,0
04:23:53,root.batch7,0,0
04:23:53,root.batch1,0,0
04:23:53,root.batch4,0,0
04:23:53,root.batch5,0,0
04:23:53,root.batch2,0,0
04:23:53,root.batch3,0,0
04:23:53,root.bursty2,120,727040
04:23:53,root.bursty0,261,803840
04:23:53,root.bursty1,145,885760
04:23:53,root.batch0,3,-1024
04:23:54,root.default,0,0
04:23:54,root.batch6,0,0
04:23:54,root.batch7,0,0
04:23:54,root.batch1,0,0
04:23:54,root.batch4,0,0
04:23:54,root.batch5,0,0
04:23:54,root.batch2,0,0
04:23:54,root.batch3,0,0
04:23:54,root.bursty0,265,779264
04:23:54,root.bursty2,136,825344
04:23:54,root.bursty1,146,891904
04:23:54,root.batch0,3,-1024
04:23:55,root.default,0,0
04:23:55,root.batch6,0,0
04:23:55,root.batch7,0,0
04:23:55,root.batch1,0,0
04:23:55,root.batch4,0,0
04:23:55,root.batch5,0,0
04:23:55,root.batch2,0,0
04:23:55,root.batch3,0,0
04:23:55,root.bursty0,231,709632
04:23:55,root.bursty1,148,904192
04:23:55,root.bursty2,145,880640
04:23:55,root.batch0,3,-1024
04:23:56,root.default,0,0
04:23:56,root.batch6,0,0
04:23:56,root.batch7,0,0
04:23:56,root.batch1,0,0
04:23:56,root.batch4,0,0
04:23:56,root.batch5,0,0
04:23:56,root.batch2,0,0
04:23:56,root.batch3,0,0
04:23:56,root.bursty0,205,656384
04:23:56,root.bursty1,153,934912
04:23:56,root.bursty2,156,948224
04:23:56,root.batch0,3,-1024
04:23:57,root.default,0,0
04:23:57,root.batch6,0,0
04:23:57,root.batch7,0,0
04:23:57,root.batch1,0,0
04:23:57,root.batch4,0,0
04:23:57,root.batch5,0,0
04:23:57,root.batch2,0,0
04:23:57,root.batch3,0,0
04:23:57,root.bursty0,171,586752
04:23:57,root.bursty2,159,966656
04:23:57,root.bursty1,162,990208
04:23:57,root.batch0,3,-1024
04:23:58,root.default,0,0
04:23:58,root.batch6,0,0
04:23:58,root.batch7,0,0
04:23:58,root.batch1,0,0
04:23:58,root.batch4,0,0
04:23:58,root.batch5,0,0
04:23:58,root.batch2,0,0
04:23:58,root.batch3,0,0
04:23:58,root.bursty0,127,488448
04:23:58,root.bursty2,160,972800
04:23:58,root.bursty1,168,1027072
04:23:58,root.batch0,3,-1024
04:23:59,root.default,0,0
04:23:59,root.batch6,0,0
04:23:59,root.batch7,0,0
04:23:59,root.batch1,0,0
04:23:59,root.batch4,0,0
04:23:59,root.batch5,0,0
04:23:59,root.batch2,0,0
04:23:59,root.batch3,0,0
04:23:59,root.bursty0,88,396288
04:23:59,root.bursty2,166,1009664
04:23:59,root.bursty1,173,1057792
04:23:59,root.batch0,3,-1024
04:24:00,root.default,0,0
04:24:00,root.batch6,0,0
04:24:00,root.batch7,0,0
04:24:00,root.batch1,0,0
04:24:00,root.batch4,0,0
04:24:00,root.batch5,0,0
04:24:00,root.batch2,0,0
04:24:00,root.batch3,0,0
04:24:00,root.bursty0,72,355328
04:24:00,root.bursty2,167,1015808
04:24:00,root.bursty1,176,1076224
04:24:00,root.batch0,3,-1024
04:24:01,root.default,0,0
04:24:01,root.batch6,0,0
04:24:01,root.batch7,0,0
04:24:01,root.batch1,0,0
04:24:01,root.batch4,0,0
04:24:01,root.batch5,0,0
04:24:01,root.batch2,0,0
04:24:01,root.batch3,0,0
04:24:01,root.bursty0,59,308224
04:24:01,root.bursty2,177,1077248
04:24:01,root.bursty1,178,1088512
04:24:01,root.batch0,3,-1024
04:24:02,root.default,0,0
04:24:02,root.batch6,0,0
04:24:02,root.batch7,0,0
04:24:02,root.batch1,0,0
04:24:02,root.batch4,0,0
04:24:02,root.batch5,0,0
04:24:02,root.batch2,0,0
04:24:02,root.batch3,0,0
04:24:02,root.bursty0,34,203776
04:24:02,root.bursty1,178,1088512
04:24:02,root.bursty2,172,1046528
04:24:02,root.batch0,3,-1024
04:24:03,root.default,0,0
04:24:03,root.batch6,0,0
04:24:03,root.batch7,0,0
04:24:03,root.batch1,0,0
04:24:03,root.batch4,0,0
04:24:03,root.batch5,0,0
04:24:03,root.batch2,0,0
04:24:03,root.batch3,0,0
04:24:03,root.bursty0,21,123904
04:24:03,root.bursty1,181,1106944
04:24:03,root.bursty2,187,1138688
04:24:03,root.batch0,3,-1024
04:24:04,root.default,0,0
04:24:04,root.batch6,0,0
04:24:04,root.batch7,0,0
04:24:04,root.batch1,0,0
04:24:04,root.batch4,0,0
04:24:04,root.batch5,0,0
04:24:04,root.batch2,0,0
04:24:04,root.batch3,0,0
04:24:04,root.bursty0,15,87040
04:24:04,root.bursty1,188,1149952
04:24:04,root.bursty2,195,1187840
04:24:04,root.batch0,3,-1024
04:24:05,root.default,0,0
04:24:05,root.batch6,0,0
04:24:05,root.batch7,0,0
04:24:05,root.batch1,0,0
04:24:05,root.batch4,0,0
04:24:05,root.batch5,0,0
04:24:05,root.batch2,0,0
04:24:05,root.batch3,0,0
04:24:05,root.bursty0,9,50176
04:24:05,root.bursty1,191,1168384
04:24:05,root.bursty2,196,1193984
04:24:05,root.batch0,3,-1024
04:24:06,root.default,0,0
04:24:06,root.batch6,0,0
04:24:06,root.batch7,0,0
04:24:06,root.batch1,0,0
04:24:06,root.batch4,0,0
04:24:06,root.batch5,0,0
04:24:06,root.batch2,0,0
04:24:06,root.batch3,0,0
04:24:06,root.bursty0,9,50176
04:24:06,root.bursty2,197,1200128
04:24:06,root.bursty1,197,1205248
04:24:06,root.batch0,3,-1024
04:24:07,root.default,0,0
04:24:07,root.batch6,0,0
04:24:07,root.batch7,0,0
04:24:07,root.batch1,0,0
04:24:07,root.batch4,0,0
04:24:07,root.batch5,0,0
04:24:07,root.batch2,0,0
04:24:07,root.batch3,0,0
04:24:07,root.bursty0,1,1024
04:24:07,root.bursty2,198,1206272
04:24:07,root.bursty1,196,1199104
04:24:07,root.batch0,3,-1024
04:24:08,root.default,0,0
04:24:08,root.batch6,0,0
04:24:08,root.batch7,0,0
04:24:08,root.batch1,0,0
04:24:08,root.batch4,0,0
04:24:08,root.batch5,0,0
04:24:08,root.batch2,0,0
04:24:08,root.batch3,0,0
04:24:08,root.bursty0,1,1024
04:24:08,root.bursty2,201,1224704
04:24:08,root.bursty1,189,1156096
04:24:08,root.batch0,3,-1024
04:24:09,root.default,0,0
04:24:09,root.batch6,0,0
04:24:09,root.batch7,0,0
04:24:09,root.batch1,0,0
04:24:09,root.batch4,0,0
04:24:09,root.batch5,0,0
04:24:09,root.batch2,0,0
04:24:09,root.batch3,0,0
04:24:09,root.bursty0,1,1024
04:24:09,root.bursty1,185,1131520
04:24:09,root.bursty2,205,1249280
04:24:09,root.batch0,3,-1024
04:24:10,root.default,0,0
04:24:10,root.batch6,0,0
04:24:10,root.batch7,0,0
04:24:10,root.batch1,0,0
04:24:10,root.batch4,0,0
04:24:10,root.batch5,0,0
04:24:10,root.batch2,0,0
04:24:10,root.batch3,0,0
04:24:10,root.bursty0,1,1024
04:24:10,root.bursty1,185,1131520
04:24:10,root.bursty2,207,1261568
04:24:10,root.batch0,3,-1024
04:24:11,root.default,0,0
04:24:11,root.batch6,0,0
04:24:11,root.batch7,0,0
04:24:11,root.batch1,0,0
04:24:11,root.batch4,0,0
04:24:11,root.batch5,0,0
04:24:11,root.batch2,0,0
04:24:11,root.batch3,0,0
04:24:11,root.bursty0,1,1024
04:24:11,root.bursty1,185,1131520
04:24:11,root.bursty2,207,1261568
04:24:11,root.batch0,3,-1024
04:24:12,root.default,0,0
04:24:12,root.batch6,0,0
04:24:12,root.batch7,0,0
04:24:12,root.batch1,0,0
04:24:12,root.batch4,0,0
04:24:12,root.batch5,0,0
04:24:12,root.batch2,0,0
04:24:12,root.batch3,0,0
04:24:12,root.bursty0,1,1024
04:24:12,root.bursty1,171,1045504
04:24:12,root.bursty2,208,1267712
04:24:12,root.batch0,3,-1024
04:24:13,root.bursty0,0,0
04:24:13,root.default,0,0
04:24:13,root.batch6,0,0
04:24:13,root.batch7,0,0
04:24:13,root.batch1,0,0
04:24:13,root.batch4,0,0
04:24:13,root.batch5,0,0
04:24:13,root.batch2,0,0
04:24:13,root.batch3,0,0
04:24:13,root.bursty1,180,1100800
04:24:13,root.bursty2,209,1273856
04:24:13,root.batch0,3,-1024
04:24:14,root.bursty0,0,0
04:24:14,root.default,0,0
04:24:14,root.batch6,0,0
04:24:14,root.batch7,0,0
04:24:14,root.batch1,0,0
04:24:14,root.batch4,0,0
04:24:14,root.batch5,0,0
04:24:14,root.batch2,0,0
04:24:14,root.batch3,0,0
04:24:14,root.bursty1,184,1125376
04:24:14,root.bursty2,205,1249280
04:24:14,root.batch0,3,-1024
04:24:15,root.bursty0,0,0
04:24:15,root.default,0,0
04:24:15,root.batch6,0,0
04:24:15,root.batch7,0,0
04:24:15,root.batch1,0,0
04:24:15,root.batch4,0,0
04:24:15,root.batch5,0,0
04:24:15,root.batch2,0,0
04:24:15,root.batch3,0,0
04:24:15,root.bursty1,191,1168384
04:24:15,root.bursty2,192,1169408
04:24:15,root.batch0,3,-1024
04:24:16,root.bursty0,0,0
04:24:16,root.default,0,0
04:24:16,root.batch6,0,0
04:24:16,root.batch7,0,0
04:24:16,root.batch1,0,0
04:24:16,root.batch4,0,0
04:24:16,root.batch5,0,0
04:24:16,root.batch2,0,0
04:24:16,root.batch3,0,0
04:24:16,root.bursty2,170,1034240
04:24:16,root.bursty1,214,1309696
04:24:16,root.batch0,3,-1024
04:24:17,root.bursty0,0,0
04:24:17,root.default,0,0
04:24:17,root.batch6,0,0
04:24:17,root.batch7,0,0
04:24:17,root.batch1,0,0
04:24:17,root.batch4,0,0
04:24:17,root.batch5,0,0
04:24:17,root.batch2,0,0
04:24:17,root.batch3,0,0
04:24:17,root.bursty2,173,1052672
04:24:17,root.bursty1,215,1315840
04:24:17,root.batch0,3,-1024
04:24:18,root.bursty0,0,0
04:24:18,root.default,0,0
04:24:18,root.batch6,0,0
04:24:18,root.batch7,0,0
04:24:18,root.batch1,0,0
04:24:18,root.batch4,0,0
04:24:18,root.batch5,0,0
04:24:18,root.batch2,0,0
04:24:18,root.batch3,0,0
04:24:18,root.bursty2,185,1126400
04:24:18,root.bursty1,208,1272832
04:24:18,root.batch0,3,-1024
04:24:19,root.bursty0,0,0
04:24:19,root.default,0,0
04:24:19,root.batch6,0,0
04:24:19,root.batch7,0,0
04:24:19,root.batch1,0,0
04:24:19,root.batch4,0,0
04:24:19,root.batch5,0,0
04:24:19,root.batch2,0,0
04:24:19,root.batch3,0,0
04:24:19,root.bursty2,191,1163264
04:24:19,root.bursty1,201,1229824
04:24:19,root.batch0,3,-1024
04:24:20,root.bursty0,0,0
04:24:20,root.default,0,0
04:24:20,root.batch6,0,0
04:24:20,root.batch7,0,0
04:24:20,root.batch1,0,0
04:24:20,root.batch4,0,0
04:24:20,root.batch5,0,0
04:24:20,root.batch2,0,0
04:24:20,root.batch3,0,0
04:24:20,root.bursty2,201,1224704
04:24:20,root.bursty1,201,1229824
04:24:20,root.batch0,3,-1024
04:24:21,root.bursty0,0,0
04:24:21,root.default,0,0
04:24:21,root.batch6,0,0
04:24:21,root.batch7,0,0
04:24:21,root.batch1,0,0
04:24:21,root.batch4,0,0
04:24:21,root.batch5,0,0
04:24:21,root.batch2,0,0
04:24:21,root.batch3,0,0
04:24:21,root.bursty1,196,1199104
04:24:21,root.bursty2,202,1230848
04:24:21,root.batch0,3,-1024
04:24:23,root.bursty0,0,0
04:24:23,root.default,0,0
04:24:23,root.batch6,0,0
04:24:23,root.batch7,0,0
04:24:23,root.batch1,0,0
04:24:23,root.batch4,0,0
04:24:23,root.batch5,0,0
04:24:23,root.batch2,0,0
04:24:23,root.batch3,0,0
04:24:23,root.bursty1,190,1162240
04:24:23,root.bursty2,206,1255424
04:24:23,root.batch0,3,-1024
04:24:24,root.bursty0,0,0
04:24:24,root.default,0,0
04:24:24,root.batch6,0,0
04:24:24,root.batch7,0,0
04:24:24,root.batch1,0,0
04:24:24,root.batch4,0,0
04:24:24,root.batch5,0,0
04:24:24,root.batch2,0,0
04:24:24,root.batch3,0,0
04:24:24,root.bursty1,188,1149952
04:24:24,root.bursty2,196,1193984
04:24:24,root.batch0,3,-1024
04:24:25,root.bursty0,0,0
04:24:25,root.default,0,0
04:24:25,root.batch6,0,0
04:24:25,root.batch7,0,0
04:24:25,root.batch1,0,0
04:24:25,root.batch4,0,0
04:24:25,root.batch5,0,0
04:24:25,root.batch2,0,0
04:24:25,root.batch3,0,0
04:24:25,root.bursty1,198,1162240
04:24:25,root.bursty2,198,1206272
04:24:25,root.batch0,3,-1024
04:24:26,root.bursty0,0,0
04:24:26,root.default,0,0
04:24:26,root.batch6,0,0
04:24:26,root.batch7,0,0
04:24:26,root.batch1,0,0
04:24:26,root.batch4,0,0
04:24:26,root.batch5,0,0
04:24:26,root.batch2,0,0
04:24:26,root.batch3,0,0
04:24:26,root.bursty2,191,1163264
04:24:26,root.bursty1,233,1221632
04:24:26,root.batch0,3,-1024
04:24:27,root.bursty0,0,0
04:24:27,root.default,0,0
04:24:27,root.batch6,0,0
04:24:27,root.batch7,0,0
04:24:27,root.batch1,0,0
04:24:27,root.batch4,0,0
04:24:27,root.batch5,0,0
04:24:27,root.batch2,0,0
04:24:27,root.batch3,0,0
04:24:27,root.bursty2,196,1193984
04:24:27,root.bursty1,237,1197056
04:24:27,root.batch0,3,-1024
04:24:28,root.bursty0,0,0
04:24:28,root.default,0,0
04:24:28,root.batch6,0,0
04:24:28,root.batch7,0,0
04:24:28,root.batch1,0,0
04:24:28,root.batch4,0,0
04:24:28,root.batch5,0,0
04:24:28,root.batch2,0,0
04:24:28,root.batch3,0,0
04:24:28,root.bursty1,258,1211392
04:24:28,root.bursty2,201,1224704
04:24:28,root.batch0,3,-1024
04:24:29,root.bursty0,0,0
04:24:29,root.default,0,0
04:24:29,root.batch6,0,0
04:24:29,root.batch7,0,0
04:24:29,root.batch1,0,0
04:24:29,root.batch4,0,0
04:24:29,root.batch5,0,0
04:24:29,root.batch2,0,0
04:24:29,root.batch3,0,0
04:24:29,root.bursty2,203,1146880
04:24:29,root.bursty1,278,1227776
04:24:29,root.batch0,3,-1024
04:24:30,root.bursty0,0,0
04:24:30,root.default,0,0
04:24:30,root.batch6,0,0
04:24:30,root.batch7,0,0
04:24:30,root.batch1,0,0
04:24:30,root.batch4,0,0
04:24:30,root.batch5,0,0
04:24:30,root.batch2,0,0
04:24:30,root.batch3,0,0
04:24:30,root.bursty2,242,1198080
04:24:30,root.bursty1,288,1231872
04:24:30,root.batch0,3,-1024
04:24:31,root.bursty0,0,0
04:24:31,root.default,0,0
04:24:31,root.batch6,0,0
04:24:31,root.batch7,0,0
04:24:31,root.batch1,0,0
04:24:31,root.batch4,0,0
04:24:31,root.batch5,0,0
04:24:31,root.batch2,0,0
04:24:31,root.batch3,0,0
04:24:31,root.bursty2,272,1210368
04:24:31,root.bursty1,294,1235968
04:24:31,root.batch0,3,-1024
04:24:32,root.default,0,0
04:24:32,root.batch6,0,0
04:24:32,root.batch7,0,0
04:24:32,root.batch1,0,0
04:24:32,root.batch4,0,0
04:24:32,root.batch5,0,0
04:24:32,root.batch2,0,0
04:24:32,root.batch3,0,0
04:24:32,root.bursty0,1,1024
04:24:32,root.bursty1,269,1183744
04:24:32,root.bursty2,308,1251328
04:24:32,root.batch0,3,-1024
04:24:33,root.default,0,0
04:24:33,root.batch6,0,0
04:24:33,root.batch7,0,0
04:24:33,root.batch1,0,0
04:24:33,root.batch4,0,0
04:24:33,root.batch5,0,0
04:24:33,root.batch2,0,0
04:24:33,root.batch3,0,0
04:24:33,root.bursty0,1,1024
04:24:33,root.bursty1,238,1107968
04:24:33,root.bursty2,321,1257472
04:24:33,root.batch0,3,-1024
04:24:34,root.default,0,0
04:24:34,root.batch6,0,0
04:24:34,root.batch7,0,0
04:24:34,root.batch1,0,0
04:24:34,root.batch4,0,0
04:24:34,root.batch5,0,0
04:24:34,root.batch2,0,0
04:24:34,root.batch3,0,0
04:24:34,root.bursty0,1,1024
04:24:34,root.bursty1,221,1044480
04:24:34,root.bursty2,326,1345536
04:24:34,root.batch0,3,-1024
04:24:35,root.default,0,0
04:24:35,root.batch6,0,0
04:24:35,root.batch7,0,0
04:24:35,root.batch1,0,0
04:24:35,root.batch4,0,0
04:24:35,root.batch5,0,0
04:24:35,root.batch2,0,0
04:24:35,root.batch3,0,0
04:24:35,root.bursty0,1,1024
04:24:35,root.bursty1,196,972800
04:24:35,root.bursty2,339,1458176
04:24:35,root.batch0,3,-1024
04:24:36,root.default,0,0
04:24:36,root.batch6,0,0
04:24:36,root.batch7,0,0
04:24:36,root.batch1,0,0
04:24:36,root.batch4,0,0
04:24:36,root.batch5,0,0
04:24:36,root.batch2,0,0
04:24:36,root.batch3,0,0
04:24:36,root.bursty0,1,1024
04:24:36,root.bursty1,167,884736
04:24:36,root.bursty2,330,1542144
04:24:36,root.batch0,3,-1024
04:24:37,root.default,0,0
04:24:37,root.batch6,0,0
04:24:37,root.batch7,0,0
04:24:37,root.batch1,0,0
04:24:37,root.batch4,0,0
04:24:37,root.batch5,0,0
04:24:37,root.batch2,0,0
04:24:37,root.batch3,0,0
04:24:37,root.bursty0,1,1024
04:24:37,root.bursty1,161,872448
04:24:37,root.bursty2,316,1603584
04:24:37,root.batch0,3,-1024
04:24:38,root.default,0,0
04:24:38,root.batch6,0,0
04:24:38,root.batch7,0,0
04:24:38,root.batch1,0,0
04:24:38,root.batch4,0,0
04:24:38,root.batch5,0,0
04:24:38,root.batch2,0,0
04:24:38,root.batch3,0,0
04:24:38,root.bursty0,1,1024
04:24:38,root.bursty1,143,811008
04:24:38,root.bursty2,301,1617920
04:24:38,root.batch0,3,-1024
04:24:39,root.default,0,0
04:24:39,root.batch6,0,0
04:24:39,root.batch7,0,0
04:24:39,root.batch1,0,0
04:24:39,root.batch4,0,0
04:24:39,root.batch5,0,0
04:24:39,root.batch2,0,0
04:24:39,root.batch3,0,0
04:24:39,root.bursty0,1,1024
04:24:39,root.bursty1,149,790528
04:24:39,root.bursty2,282,1624064
04:24:39,root.batch0,3,-1024
04:24:40,root.default,0,0
04:24:40,root.batch6,0,0
04:24:40,root.batch7,0,0
04:24:40,root.batch1,0,0
04:24:40,root.batch4,0,0
04:24:40,root.batch5,0,0
04:24:40,root.batch2,0,0
04:24:40,root.batch3,0,0
04:24:40,root.bursty0,1,1024
04:24:40,root.bursty1,142,731136
04:24:40,root.bursty2,291,1703936
04:24:40,root.batch0,3,-1024
04:24:41,root.default,0,0
04:24:41,root.batch6,0,0
04:24:41,root.batch7,0,0
04:24:41,root.batch1,0,0
04:24:41,root.batch4,0,0
04:24:41,root.batch5,0,0
04:24:41,root.batch2,0,0
04:24:41,root.batch3,0,0
04:24:41,root.bursty0,1,1024
04:24:41,root.bursty1,124,645120
04:24:41,root.bursty2,300,1800192
04:24:41,root.batch0,3,-1024
04:24:42,root.default,0,0
04:24:42,root.batch6,0,0
04:24:42,root.batch7,0,0
04:24:42,root.batch1,0,0
04:24:42,root.batch4,0,0
04:24:42,root.batch5,0,0
04:24:42,root.batch2,0,0
04:24:42,root.batch3,0,0
04:24:42,root.bursty0,1,1024
04:24:42,root.bursty1,101,552960
04:24:42,root.bursty2,310,1869824
04:24:42,root.batch0,3,-1024
04:24:43,root.default,0,0
04:24:43,root.batch6,0,0
04:24:43,root.batch7,0,0
04:24:43,root.batch1,0,0
04:24:43,root.batch4,0,0
04:24:43,root.batch5,0,0
04:24:43,root.batch2,0,0
04:24:43,root.batch3,0,0
04:24:43,root.bursty0,1,1024
04:24:43,root.bursty1,77,413696
04:24:43,root.bursty2,325,1961984
04:24:43,root.batch0,3,-1024
04:24:44,root.default,0,0
04:24:44,root.batch6,0,0
04:24:44,root.batch7,0,0
04:24:44,root.batch1,0,0
04:24:44,root.batch4,0,0
04:24:44,root.batch5,0,0
04:24:44,root.batch2,0,0
04:24:44,root.batch3,0,0
04:24:44,root.bursty0,1,1024
04:24:44,root.bursty1,63,327680
04:24:44,root.bursty2,343,2080768
04:24:44,root.batch0,3,-1024
04:24:45,root.default,0,0
04:24:45,root.batch6,0,0
04:24:45,root.batch7,0,0
04:24:45,root.batch1,0,0
04:24:45,root.batch4,0,0
04:24:45,root.batch5,0,0
04:24:45,root.batch2,0,0
04:24:45,root.batch3,0,0
04:24:45,root.bursty0,2,7168
04:24:45,root.bursty1,51,262144
04:24:45,root.bursty2,355,2154496
04:24:45,root.batch0,3,-1024
04:24:46,root.default,0,0
04:24:46,root.batch6,0,0
04:24:46,root.batch7,0,0
04:24:46,root.batch1,0,0
04:24:46,root.batch4,0,0
04:24:46,root.batch5,0,0
04:24:46,root.batch2,0,0
04:24:46,root.batch3,0,0
04:24:46,root.bursty0,4,19456
04:24:46,root.bursty1,27,147456
04:24:46,root.bursty2,357,2183168
04:24:46,root.batch0,3,-1024
04:24:47,root.default,0,0
04:24:47,root.batch6,0,0
04:24:47,root.batch7,0,0
04:24:47,root.batch1,0,0
04:24:47,root.batch4,0,0
04:24:47,root.batch5,0,0
04:24:47,root.batch2,0,0
04:24:47,root.batch3,0,0
04:24:47,root.bursty0,15,87040
04:24:47,root.bursty1,26,149504
04:24:47,root.bursty2,346,2115584
04:24:47,root.batch0,3,-1024
04:24:48,root.default,0,0
04:24:48,root.batch6,0,0
04:24:48,root.batch7,0,0
04:24:48,root.batch1,0,0
04:24:48,root.batch4,0,0
04:24:48,root.batch5,0,0
04:24:48,root.batch2,0,0
04:24:48,root.batch3,0,0
04:24:48,root.bursty1,29,167936
04:24:48,root.bursty0,32,191488
04:24:48,root.bursty2,326,1992704
04:24:48,root.batch0,3,-1024
04:24:49,root.default,0,0
04:24:49,root.batch6,0,0
04:24:49,root.batch7,0,0
04:24:49,root.batch1,0,0
04:24:49,root.batch4,0,0
04:24:49,root.batch5,0,0
04:24:49,root.batch2,0,0
04:24:49,root.batch3,0,0
04:24:49,root.bursty0,43,259072
04:24:49,root.bursty1,43,253952
04:24:49,root.bursty2,312,1906688
04:24:49,root.batch0,3,-1024
04:24:50,root.default,0,0
04:24:50,root.batch6,0,0
04:24:50,root.batch7,0,0
04:24:50,root.batch1,0,0
04:24:50,root.batch4,0,0
04:24:50,root.batch5,0,0
04:24:50,root.batch2,0,0
04:24:50,root.batch3,0,0
04:24:50,root.bursty1,50,296960
04:24:50,root.bursty0,50,302080
04:24:50,root.bursty2,301,1839104
04:24:50,root.batch0,3,-1024
04:24:51,root.default,0,0
04:24:51,root.batch6,0,0
04:24:51,root.batch7,0,0
04:24:51,root.batch1,0,0
04:24:51,root.batch4,0,0
04:24:51,root.batch5,0,0
04:24:51,root.batch2,0,0
04:24:51,root.batch3,0,0
04:24:51,root.bursty1,52,309248
04:24:51,root.bursty0,53,320512
04:24:51,root.bursty2,300,1832960
04:24:51,root.batch0,3,-1024
04:24:52,root.default,0,0
04:24:52,root.batch6,0,0
04:24:52,root.batch7,0,0
04:24:52,root.batch1,0,0
04:24:52,root.batch4,0,0
04:24:52,root.batch5,0,0
04:24:52,root.batch2,0,0
04:24:52,root.batch3,0,0
04:24:52,root.bursty1,56,333824
04:24:52,root.bursty0,54,326656
04:24:52,root.bursty2,295,1802240
04:24:52,root.batch0,3,-1024
04:24:53,root.default,0,0
04:24:53,root.batch6,0,0
04:24:53,root.batch7,0,0
04:24:53,root.batch1,0,0
04:24:53,root.batch4,0,0
04:24:53,root.batch5,0,0
04:24:53,root.batch2,0,0
04:24:53,root.batch3,0,0
04:24:53,root.bursty0,54,326656
04:24:53,root.bursty1,56,333824
04:24:53,root.bursty2,289,1765376
04:24:53,root.batch0,3,-1024
04:24:54,root.default,0,0
04:24:54,root.batch6,0,0
04:24:54,root.batch7,0,0
04:24:54,root.batch1,0,0
04:24:54,root.batch4,0,0
04:24:54,root.batch5,0,0
04:24:54,root.batch2,0,0
04:24:54,root.batch3,0,0
04:24:54,root.bursty0,58,351232
04:24:54,root.bursty1,63,376832
04:24:54,root.bursty2,275,1679360
04:24:54,root.batch0,3,-1024
04:24:55,root.default,0,0
04:24:55,root.batch6,0,0
04:24:55,root.batch7,0,0
04:24:55,root.batch1,0,0
04:24:55,root.batch4,0,0
04:24:55,root.batch5,0,0
04:24:55,root.batch2,0,0
04:24:55,root.batch3,0,0
04:24:55,root.bursty0,61,369664
04:24:55,root.bursty1,75,450560
04:24:55,root.bursty2,265,1617920
04:24:55,root.batch0,3,-1024
04:24:56,root.default,0,0
04:24:56,root.batch6,0,0
04:24:56,root.batch7,0,0
04:24:56,root.batch1,0,0
04:24:56,root.batch4,0,0
04:24:56,root.batch5,0,0
04:24:56,root.batch2,0,0
04:24:56,root.batch3,0,0
04:24:56,root.bursty0,65,394240
04:24:56,root.bursty1,78,468992
04:24:56,root.bursty2,254,1550336
04:24:56,root.batch0,3,-1024
04:24:57,root.default,0,0
04:24:57,root.batch6,0,0
04:24:57,root.batch7,0,0
04:24:57,root.batch1,0,0
04:24:57,root.batch4,0,0
04:24:57,root.batch5,0,0
04:24:57,root.batch2,0,0
04:24:57,root.batch3,0,0
04:24:57,root.bursty0,73,443392
04:24:57,root.bursty1,79,475136
04:24:57,root.bursty2,250,1525760
04:24:57,root.batch0,3,-1024
04:24:58,root.default,0,0
04:24:58,root.batch6,0,0
04:24:58,root.batch7,0,0
04:24:58,root.batch1,0,0
04:24:58,root.batch4,0,0
04:24:58,root.batch5,0,0
04:24:58,root.batch2,0,0
04:24:58,root.batch3,0,0
04:24:58,root.bursty0,76,461824
04:24:58,root.bursty1,79,475136
04:24:58,root.bursty2,248,1513472
04:24:58,root.batch0,3,-1024
04:24:59,root.default,0,0
04:24:59,root.batch6,0,0
04:24:59,root.batch7,0,0
04:24:59,root.batch1,0,0
04:24:59,root.batch4,0,0
04:24:59,root.batch5,0,0
04:24:59,root.batch2,0,0
04:24:59,root.batch3,0,0
04:24:59,root.bursty0,77,467968
04:24:59,root.bursty1,80,481280
04:24:59,root.bursty2,248,1513472
04:24:59,root.batch0,3,-1024
04:25:00,root.default,0,0
04:25:00,root.batch6,0,0
04:25:00,root.batch7,0,0
04:25:00,root.batch1,0,0
04:25:00,root.batch4,0,0
04:25:00,root.batch5,0,0
04:25:00,root.batch2,0,0
04:25:00,root.batch3,0,0
04:25:00,root.bursty0,77,467968
04:25:00,root.bursty1,79,480256
04:25:00,root.bursty2,248,1513472
04:25:00,root.batch0,3,-1024
04:25:01,root.default,0,0
04:25:01,root.batch6,0,0
04:25:01,root.batch7,0,0
04:25:01,root.batch1,0,0
04:25:01,root.batch4,0,0
04:25:01,root.batch5,0,0
04:25:01,root.batch2,0,0
04:25:01,root.batch3,0,0
04:25:01,root.bursty0,77,467968
04:25:01,root.bursty1,79,480256
04:25:01,root.bursty2,248,1513472
04:25:01,root.batch0,3,-1024
04:25:02,root.default,0,0
04:25:02,root.batch6,0,0
04:25:02,root.batch7,0,0
04:25:02,root.batch1,0,0
04:25:02,root.batch4,0,0
04:25:02,root.batch5,0,0
04:25:02,root.batch2,0,0
04:25:02,root.batch3,0,0
04:25:02,root.bursty0,77,467968
04:25:02,root.bursty1,79,480256
04:25:02,root.bursty2,248,1513472
04:25:02,root.batch0,3,-1024
04:25:03,root.default,0,0
04:25:03,root.batch6,0,0
04:25:03,root.batch7,0,0
04:25:03,root.batch1,0,0
04:25:03,root.batch4,0,0
04:25:03,root.batch5,0,0
04:25:03,root.batch2,0,0
04:25:03,root.batch3,0,0
04:25:03,root.bursty1,79,480256
04:25:03,root.bursty0,85,517120
04:25:03,root.bursty2,234,1427456
04:25:03,root.batch0,3,-1024
04:25:04,root.default,0,0
04:25:04,root.batch6,0,0
04:25:04,root.batch7,0,0
04:25:04,root.batch1,0,0
04:25:04,root.batch4,0,0
04:25:04,root.batch5,0,0
04:25:04,root.batch2,0,0
04:25:04,root.batch3,0,0
04:25:04,root.bursty1,86,523264
04:25:04,root.bursty0,100,609280
04:25:04,root.bursty2,208,1272832
04:25:04,root.batch0,3,-1024
04:25:05,root.default,0,0
04:25:05,root.batch6,0,0
04:25:05,root.batch7,0,0
04:25:05,root.batch1,0,0
04:25:05,root.batch4,0,0
04:25:05,root.batch5,0,0
04:25:05,root.batch2,0,0
04:25:05,root.batch3,0,0
04:25:05,root.bursty1,97,590848
04:25:05,root.bursty0,109,664576
04:25:05,root.bursty2,190,1162240
04:25:05,root.batch0,3,-1024
04:25:06,root.default,0,0
04:25:06,root.batch6,0,0
04:25:06,root.batch7,0,0
04:25:06,root.batch1,0,0
04:25:06,root.batch4,0,0
04:25:06,root.batch5,0,0
04:25:06,root.batch2,0,0
04:25:06,root.batch3,0,0
04:25:06,root.bursty1,113,689152
04:25:06,root.bursty0,113,689152
04:25:06,root.bursty2,166,1014784
04:25:06,root.batch0,3,-1024
04:25:07,root.default,0,0
04:25:07,root.batch6,0,0
04:25:07,root.batch7,0,0
04:25:07,root.batch1,0,0
04:25:07,root.batch4,0,0
04:25:07,root.batch5,0,0
04:25:07,root.batch2,0,0
04:25:07,root.batch3,0,0
04:25:07,root.bursty0,123,750592
04:25:07,root.bursty1,126,769024
04:25:07,root.bursty2,145,885760
04:25:07,root.batch0,3,-1024
04:25:08,root.default,0,0
04:25:08,root.batch6,0,0
04:25:08,root.batch7,0,0
04:25:08,root.batch1,0,0
04:25:08,root.batch4,0,0
04:25:08,root.batch5,0,0
04:25:08,root.batch2,0,0
04:25:08,root.batch3,0,0
04:25:08,root.bursty2,126,769024
04:25:08,root.bursty1,130,793600
04:25:08,root.bursty0,138,842752
04:25:08,root.batch0,3,-1024
04:25:09,root.default,0,0
04:25:09,root.batch6,0,0
04:25:09,root.batch7,0,0
04:25:09,root.batch1,0,0
04:25:09,root.batch4,0,0
04:25:09,root.batch5,0,0
04:25:09,root.batch2,0,0
04:25:09,root.batch3,0,0
04:25:09,root.bursty2,116,707584
04:25:09,root.bursty1,133,812032
04:25:09,root.bursty0,143,873472
04:25:09,root.batch0,3,-1024
04:25:10,root.default,0,0
04:25:10,root.batch6,0,0
04:25:10,root.batch7,0,0
04:25:10,root.batch1,0,0
04:25:10,root.batch4,0,0
04:25:10,root.batch5,0,0
04:25:10,root.batch2,0,0
04:25:10,root.batch3,0,0
04:25:10,root.bursty2,118,719872
04:25:10,root.bursty1,135,824320
04:25:10,root.bursty0,146,891904
04:25:10,root.batch0,3,-1024
04:25:11,root.default,0,0
04:25:11,root.batch6,0,0
04:25:11,root.batch7,0,0
04:25:11,root.batch1,0,0
04:25:11,root.batch4,0,0
04:25:11,root.batch5,0,0
04:25:11,root.batch2,0,0
04:25:11,root.batch3,0,0
04:25:11,root.bursty2,118,719872
04:25:11,root.bursty1,135,824320
04:25:11,root.bursty0,146,891904
04:25:11,root.batch0,3,-1024
04:25:12,root.default,0,0
04:25:12,root.batch6,0,0
04:25:12,root.batch7,0,0
04:25:12,root.batch1,0,0
04:25:12,root.batch4,0,0
04:25:12,root.batch5,0,0
04:25:12,root.batch2,0,0
04:25:12,root.batch3,0,0
04:25:12,root.bursty2,119,726016
04:25:12,root.bursty1,135,824320
04:25:12,root.bursty0,146,891904
04:25:12,root.batch0,3,-1024
04:25:13,root.default,0,0
04:25:13,root.batch6,0,0
04:25:13,root.batch7,0,0
04:25:13,root.batch1,0,0
04:25:13,root.batch4,0,0
04:25:13,root.batch5,0,0
04:25:13,root.batch2,0,0
04:25:13,root.batch3,0,0
04:25:13,root.bursty2,113,689152
04:25:13,root.bursty1,135,824320
04:25:13,root.bursty0,146,891904
04:25:13,root.batch0,3,-1024
04:25:14,root.default,0,0
04:25:14,root.batch6,0,0
04:25:14,root.batch7,0,0
04:25:14,root.batch1,0,0
04:25:14,root.batch4,0,0
04:25:14,root.batch5,0,0
04:25:14,root.batch2,0,0
04:25:14,root.batch3,0,0
04:25:14,root.bursty2,118,719872
04:25:14,root.bursty1,134,818176
04:25:14,root.bursty0,146,891904
04:25:14,root.batch0,3,-1024
04:25:15,root.default,0,0
04:25:15,root.batch6,0,0
04:25:15,root.batch7,0,0
04:25:15,root.batch1,0,0
04:25:15,root.batch4,0,0
04:25:15,root.batch5,0,0
04:25:15,root.batch2,0,0
04:25:15,root.batch3,0,0
04:25:15,root.bursty1,124,756736
04:25:15,root.bursty2,128,781312
04:25:15,root.bursty0,144,879616
04:25:15,root.batch0,3,-1024
04:25:16,root.default,0,0
04:25:16,root.batch6,0,0
04:25:16,root.batch7,0,0
04:25:16,root.batch1,0,0
04:25:16,root.batch4,0,0
04:25:16,root.batch5,0,0
04:25:16,root.batch2,0,0
04:25:16,root.batch3,0,0
04:25:16,root.bursty1,120,732160
04:25:16,root.bursty2,134,818176
04:25:16,root.bursty0,137,836608
04:25:16,root.batch0,3,-1024
04:25:17,root.default,0,0
04:25:17,root.batch6,0,0
04:25:17,root.batch7,0,0
04:25:17,root.batch1,0,0
04:25:17,root.batch4,0,0
04:25:17,root.batch5,0,0
04:25:17,root.batch2,0,0
04:25:17,root.batch3,0,0
04:25:17,root.bursty0,124,756736
04:25:17,root.bursty1,126,769024
04:25:17,root.bursty2,144,879616
04:25:17,root.batch0,3,-1024
04:25:19,root.default,0,0
04:25:19,root.batch6,0,0
04:25:19,root.batch7,0,0
04:25:19,root.batch1,0,0
04:25:19,root.batch4,0,0
04:25:19,root.batch5,0,0
04:25:19,root.batch2,0,0
04:25:19,root.batch3,0,0
04:25:19,root.bursty0,118,719872
04:25:19,root.bursty1,123,750592
04:25:19,root.bursty2,146,891904
04:25:19,root.batch0,3,-1024
04:25:20,root.default,0,0
04:25:20,root.batch6,0,0
04:25:20,root.batch7,0,0
04:25:20,root.batch1,0,0
04:25:20,root.batch4,0,0
04:25:20,root.batch5,0,0
04:25:20,root.batch2,0,0
04:25:20,root.batch3,0,0
04:25:20,root.bursty1,124,756736
04:25:20,root.bursty0,125,762880
04:25:20,root.bursty2,146,891904
04:25:20,root.batch0,3,-1024
04:25:21,root.default,0,0
04:25:21,root.batch6,0,0
04:25:21,root.batch7,0,0
04:25:21,root.batch1,0,0
04:25:21,root.batch4,0,0
04:25:21,root.batch5,0,0
04:25:21,root.batch2,0,0
04:25:21,root.batch3,0,0
04:25:21,root.bursty1,125,762880
04:25:21,root.bursty0,128,781312
04:25:21,root.bursty2,146,891904
04:25:21,root.batch0,3,-1024
04:25:22,root.default,0,0
04:25:22,root.batch6,0,0
04:25:22,root.batch7,0,0
04:25:22,root.batch1,0,0
04:25:22,root.batch4,0,0
04:25:22,root.batch5,0,0
04:25:22,root.batch2,0,0
04:25:22,root.batch3,0,0
04:25:22,root.bursty0,128,781312
04:25:22,root.bursty1,128,781312
04:25:22,root.bursty2,146,891904
04:25:22,root.batch0,3,-1024
04:25:23,root.default,0,0
04:25:23,root.batch6,0,0
04:25:23,root.batch7,0,0
04:25:23,root.batch1,0,0
04:25:23,root.batch4,0,0
04:25:23,root.batch5,0,0
04:25:23,root.batch2,0,0
04:25:23,root.batch3,0,0
04:25:23,root.bursty1,126,769024
04:25:23,root.bursty0,131,799744
04:25:23,root.bursty2,146,891904
04:25:23,root.batch0,3,-1024
04:25:24,root.default,0,0
04:25:24,root.batch6,0,0
04:25:24,root.batch7,0,0
04:25:24,root.batch1,0,0
04:25:24,root.batch4,0,0
04:25:24,root.batch5,0,0
04:25:24,root.batch2,0,0
04:25:24,root.batch3,0,0
04:25:24,root.bursty1,126,769024
04:25:24,root.bursty0,130,793600
04:25:24,root.bursty2,146,891904
04:25:24,root.batch0,3,-1024
04:25:25,root.default,0,0
04:25:25,root.batch6,0,0
04:25:25,root.batch7,0,0
04:25:25,root.batch1,0,0
04:25:25,root.batch4,0,0
04:25:25,root.batch5,0,0
04:25:25,root.batch2,0,0
04:25:25,root.batch3,0,0
04:25:25,root.bursty1,123,750592
04:25:25,root.bursty0,133,812032
04:25:25,root.bursty2,146,891904
04:25:25,root.batch0,3,-1024
04:25:26,root.default,0,0
04:25:26,root.batch6,0,0
04:25:26,root.batch7,0,0
04:25:26,root.batch1,0,0
04:25:26,root.batch4,0,0
04:25:26,root.batch5,0,0
04:25:26,root.batch2,0,0
04:25:26,root.batch3,0,0
04:25:26,root.bursty1,126,769024
04:25:26,root.bursty0,130,793600
04:25:26,root.bursty2,146,891904
04:25:26,root.batch0,3,-1024
04:25:27,root.default,0,0
04:25:27,root.batch6,0,0
04:25:27,root.batch7,0,0
04:25:27,root.batch1,0,0
04:25:27,root.batch4,0,0
04:25:27,root.batch5,0,0
04:25:27,root.batch2,0,0
04:25:27,root.batch3,0,0
04:25:27,root.bursty0,124,756736
04:25:27,root.bursty1,132,805888
04:25:27,root.bursty2,146,891904
04:25:27,root.batch0,3,-1024
04:25:28,root.default,0,0
04:25:28,root.batch6,0,0
04:25:28,root.batch7,0,0
04:25:28,root.batch1,0,0
04:25:28,root.batch4,0,0
04:25:28,root.batch5,0,0
04:25:28,root.batch2,0,0
04:25:28,root.batch3,0,0
04:25:28,root.bursty0,121,738304
04:25:28,root.bursty1,135,824320
04:25:28,root.bursty2,146,891904
04:25:28,root.batch0,3,-1024
04:25:29,root.default,0,0
04:25:29,root.batch6,0,0
04:25:29,root.batch7,0,0
04:25:29,root.batch1,0,0
04:25:29,root.batch4,0,0
04:25:29,root.batch5,0,0
04:25:29,root.batch2,0,0
04:25:29,root.batch3,0,0
04:25:29,root.bursty0,121,738304
04:25:29,root.bursty1,135,824320
04:25:29,root.bursty2,146,891904
04:25:29,root.batch0,3,-1024
04:25:30,root.default,0,0
04:25:30,root.batch6,0,0
04:25:30,root.batch7,0,0
04:25:30,root.batch1,0,0
04:25:30,root.batch4,0,0
04:25:30,root.batch5,0,0
04:25:30,root.batch2,0,0
04:25:30,root.batch3,0,0
04:25:30,root.bursty0,122,744448
04:25:30,root.bursty1,135,824320
04:25:30,root.bursty2,146,891904
04:25:30,root.batch0,3,-1024
04:25:31,root.default,0,0
04:25:31,root.batch6,0,0
04:25:31,root.batch7,0,0
04:25:31,root.batch1,0,0
04:25:31,root.batch4,0,0
04:25:31,root.batch5,0,0
04:25:31,root.batch2,0,0
04:25:31,root.batch3,0,0
04:25:31,root.bursty0,122,744448
04:25:31,root.bursty1,135,824320
04:25:31,root.bursty2,146,891904
04:25:31,root.batch0,3,-1024
04:25:32,root.default,0,0
04:25:32,root.batch6,0,0
04:25:32,root.batch7,0,0
04:25:32,root.batch1,0,0
04:25:32,root.batch4,0,0
04:25:32,root.batch5,0,0
04:25:32,root.batch2,0,0
04:25:32,root.batch3,0,0
04:25:32,root.bursty0,122,744448
04:25:32,root.bursty1,135,824320
04:25:32,root.bursty2,146,891904
04:25:32,root.batch0,3,-1024
04:25:33,root.default,0,0
04:25:33,root.batch6,0,0
04:25:33,root.batch7,0,0
04:25:33,root.batch1,0,0
04:25:33,root.batch4,0,0
04:25:33,root.batch5,0,0
04:25:33,root.batch2,0,0
04:25:33,root.batch3,0,0
04:25:33,root.bursty0,119,726016
04:25:33,root.bursty1,138,842752
04:25:33,root.bursty2,146,891904
04:25:33,root.batch0,3,-1024
04:25:34,root.default,0,0
04:25:34,root.batch6,0,0
04:25:34,root.batch7,0,0
04:25:34,root.batch1,0,0
04:25:34,root.batch4,0,0
04:25:34,root.batch5,0,0
04:25:34,root.batch2,0,0
04:25:34,root.batch3,0,0
04:25:34,root.bursty0,115,701440
04:25:34,root.bursty1,140,855040
04:25:34,root.bursty2,146,891904
04:25:34,root.batch0,3,-1024
04:25:35,root.default,0,0
04:25:35,root.batch6,0,0
04:25:35,root.batch7,0,0
04:25:35,root.batch1,0,0
04:25:35,root.batch4,0,0
04:25:35,root.batch5,0,0
04:25:35,root.batch2,0,0
04:25:35,root.batch3,0,0
04:25:35,root.bursty0,120,732160
04:25:35,root.bursty1,134,818176
04:25:35,root.bursty2,146,891904
04:25:35,root.batch0,3,-1024
04:25:36,root.default,0,0
04:25:36,root.batch6,0,0
04:25:36,root.batch7,0,0
04:25:36,root.batch1,0,0
04:25:36,root.batch4,0,0
04:25:36,root.batch5,0,0
04:25:36,root.batch2,0,0
04:25:36,root.batch3,0,0
04:25:36,root.bursty0,125,762880
04:25:36,root.bursty1,126,769024
04:25:36,root.bursty2,146,891904
04:25:36,root.batch0,3,-1024
04:25:37,root.default,0,0
04:25:37,root.batch6,0,0
04:25:37,root.batch7,0,0
04:25:37,root.batch1,0,0
04:25:37,root.batch4,0,0
04:25:37,root.batch5,0,0
04:25:37,root.batch2,0,0
04:25:37,root.batch3,0,0
04:25:37,root.bursty1,115,701440
04:25:37,root.bursty0,135,824320
04:25:37,root.bursty2,146,891904
04:25:37,root.batch0,3,-1024
04:25:38,root.default,0,0
04:25:38,root.batch6,0,0
04:25:38,root.batch7,0,0
04:25:38,root.batch1,0,0
04:25:38,root.batch4,0,0
04:25:38,root.batch5,0,0
04:25:38,root.batch2,0,0
04:25:38,root.batch3,0,0
04:25:38,root.bursty1,123,750592
04:25:38,root.bursty0,128,781312
04:25:38,root.bursty2,146,891904
04:25:38,root.batch0,3,-1024
04:25:39,root.default,0,0
04:25:39,root.batch6,0,0
04:25:39,root.batch7,0,0
04:25:39,root.batch1,0,0
04:25:39,root.batch4,0,0
04:25:39,root.batch5,0,0
04:25:39,root.batch2,0,0
04:25:39,root.batch3,0,0
04:25:39,root.bursty0,125,762880
04:25:39,root.bursty1,134,818176
04:25:39,root.bursty2,141,861184
04:25:39,root.batch0,3,-1024
04:25:40,root.default,0,0
04:25:40,root.batch6,0,0
04:25:40,root.batch7,0,0
04:25:40,root.batch1,0,0
04:25:40,root.batch4,0,0
04:25:40,root.batch5,0,0
04:25:40,root.batch2,0,0
04:25:40,root.batch3,0,0
04:25:40,root.bursty2,131,799744
04:25:40,root.bursty0,134,818176
04:25:40,root.bursty1,137,836608
04:25:40,root.batch0,3,-1024
04:25:41,root.default,0,0
04:25:41,root.batch6,0,0
04:25:41,root.batch7,0,0
04:25:41,root.batch1,0,0
04:25:41,root.batch4,0,0
04:25:41,root.batch5,0,0
04:25:41,root.batch2,0,0
04:25:41,root.batch3,0,0
04:25:41,root.bursty2,124,756736
04:25:41,root.bursty1,139,848896
04:25:41,root.bursty0,140,855040
04:25:41,root.batch0,3,-1024
04:25:42,root.default,0,0
04:25:42,root.batch6,0,0
04:25:42,root.batch7,0,0
04:25:42,root.batch1,0,0
04:25:42,root.batch4,0,0
04:25:42,root.batch5,0,0
04:25:42,root.batch2,0,0
04:25:42,root.batch3,0,0
04:25:42,root.bursty2,121,738304
04:25:42,root.bursty1,139,848896
04:25:42,root.bursty0,141,861184
04:25:42,root.batch0,3,-1024
04:25:43,root.default,0,0
04:25:43,root.batch6,0,0
04:25:43,root.batch7,0,0
04:25:43,root.batch1,0,0
04:25:43,root.batch4,0,0
04:25:43,root.batch5,0,0
04:25:43,root.batch2,0,0
04:25:43,root.batch3,0,0
04:25:43,root.bursty2,121,738304
04:25:43,root.bursty1,139,848896
04:25:43,root.bursty0,143,873472
04:25:43,root.batch0,3,-1024
04:25:44,root.default,0,0
04:25:44,root.batch6,0,0
04:25:44,root.batch7,0,0
04:25:44,root.batch1,0,0
04:25:44,root.batch4,0,0
04:25:44,root.batch5,0,0
04:25:44,root.batch2,0,0
04:25:44,root.batch3,0,0
04:25:44,root.bursty2,119,726016
04:25:44,root.bursty1,139,848896
04:25:44,root.bursty0,144,879616
04:25:44,root.batch0,3,-1024
04:25:45,root.default,0,0
04:25:45,root.batch6,0,0
04:25:45,root.batch7,0,0
04:25:45,root.batch1,0,0
04:25:45,root.batch4,0,0
04:25:45,root.batch5,0,0
04:25:45,root.batch2,0,0
04:25:45,root.batch3,0,0
04:25:45,root.bursty2,120,732160
04:25:45,root.bursty1,139,848896
04:25:45,root.bursty0,144,879616
04:25:45,root.batch0,3,-1024
04:25:46,root.default,0,0
04:25:46,root.batch6,0,0
04:25:46,root.batch7,0,0
04:25:46,root.batch1,0,0
04:25:46,root.batch4,0,0
04:25:46,root.batch5,0,0
04:25:46,root.batch2,0,0
04:25:46,root.batch3,0,0
04:25:46,root.bursty2,120,732160
04:25:46,root.bursty1,139,848896
04:25:46,root.bursty0,144,879616
04:25:46,root.batch0,3,-1024
04:25:47,root.default,0,0
04:25:47,root.batch6,0,0
04:25:47,root.batch7,0,0
04:25:47,root.batch1,0,0
04:25:47,root.batch4,0,0
04:25:47,root.batch5,0,0
04:25:47,root.batch2,0,0
04:25:47,root.batch3,0,0
04:25:47,root.bursty2,176,814080
04:25:47,root.bursty1,133,812032
04:25:47,root.bursty0,144,879616
04:25:47,root.batch0,3,-1024
04:25:48,root.default,0,0
04:25:48,root.batch6,0,0
04:25:48,root.batch7,0,0
04:25:48,root.batch1,0,0
04:25:48,root.batch4,0,0
04:25:48,root.batch5,0,0
04:25:48,root.batch2,0,0
04:25:48,root.batch3,0,0
04:25:48,root.bursty2,215,824320
04:25:48,root.bursty1,135,824320
04:25:48,root.bursty0,138,842752
04:25:48,root.batch0,3,-1024
04:25:49,root.default,0,0
04:25:49,root.batch6,0,0
04:25:49,root.batch7,0,0
04:25:49,root.batch1,0,0
04:25:49,root.batch4,0,0
04:25:49,root.batch5,0,0
04:25:49,root.batch2,0,0
04:25:49,root.batch3,0,0
04:25:49,root.bursty1,137,836608
04:25:49,root.bursty2,228,830464
04:25:49,root.bursty0,137,836608
04:25:49,root.batch0,3,-1024
04:25:50,root.default,0,0
04:25:50,root.batch6,0,0
04:25:50,root.batch7,0,0
04:25:50,root.batch1,0,0
04:25:50,root.batch4,0,0
04:25:50,root.batch5,0,0
04:25:50,root.batch2,0,0
04:25:50,root.batch3,0,0
04:25:50,root.bursty1,137,836608
04:25:50,root.bursty0,137,836608
04:25:50,root.bursty2,238,850944
04:25:50,root.batch0,3,-1024
04:25:51,root.default,0,0
04:25:51,root.batch6,0,0
04:25:51,root.batch7,0,0
04:25:51,root.batch1,0,0
04:25:51,root.batch4,0,0
04:25:51,root.batch5,0,0
04:25:51,root.batch2,0,0
04:25:51,root.batch3,0,0
04:25:51,root.bursty1,135,824320
04:25:51,root.bursty0,139,848896
04:25:51,root.bursty2,238,850944
04:25:51,root.batch0,3,-1024
04:25:52,root.default,0,0
04:25:52,root.batch6,0,0
04:25:52,root.batch7,0,0
04:25:52,root.batch1,0,0
04:25:52,root.batch4,0,0
04:25:52,root.batch5,0,0
04:25:52,root.batch2,0,0
04:25:52,root.batch3,0,0
04:25:52,root.bursty0,138,842752
04:25:52,root.bursty1,138,842752
04:25:52,root.bursty2,240,855040
04:25:52,root.batch0,3,-1024
04:25:53,root.default,0,0
04:25:53,root.batch6,0,0
04:25:53,root.batch7,0,0
04:25:53,root.batch1,0,0
04:25:53,root.batch4,0,0
04:25:53,root.batch5,0,0
04:25:53,root.batch2,0,0
04:25:53,root.batch3,0,0
04:25:53,root.bursty0,136,830464
04:25:53,root.bursty1,140,855040
04:25:53,root.bursty2,240,855040
04:25:53,root.batch0,3,-1024
04:25:54,root.default,0,0
04:25:54,root.batch6,0,0
04:25:54,root.batch7,0,0
04:25:54,root.batch1,0,0
04:25:54,root.batch4,0,0
04:25:54,root.batch5,0,0
04:25:54,root.batch2,0,0
04:25:54,root.batch3,0,0
04:25:54,root.bursty2,207,782336
04:25:54,root.bursty0,140,855040
04:25:54,root.bursty1,147,898048
04:25:54,root.batch0,3,-1024
04:25:55,root.default,0,0
04:25:55,root.batch6,0,0
04:25:55,root.batch7,0,0
04:25:55,root.batch1,0,0
04:25:55,root.batch4,0,0
04:25:55,root.batch5,0,0
04:25:55,root.batch2,0,0
04:25:55,root.batch3,0,0
04:25:55,root.bursty2,161,686080
04:25:55,root.bursty0,147,898048
04:25:55,root.bursty1,148,904192
04:25:55,root.batch0,3,-1024
04:25:56,root.default,0,0
04:25:56,root.batch6,0,0
04:25:56,root.batch7,0,0
04:25:56,root.batch1,0,0
04:25:56,root.batch4,0,0
04:25:56,root.batch5,0,0
04:25:56,root.batch2,0,0
04:25:56,root.batch3,0,0
04:25:56,root.bursty2,133,628736
04:25:56,root.bursty1,150,916480
04:25:56,root.bursty0,155,947200
04:25:56,root.batch0,3,-1024
04:25:57,root.default,0,0
04:25:57,root.batch6,0,0
04:25:57,root.batch7,0,0
04:25:57,root.batch1,0,0
04:25:57,root.batch4,0,0
04:25:57,root.batch5,0,0
04:25:57,root.batch2,0,0
04:25:57,root.batch3,0,0
04:25:57,root.bursty2,115,591872
04:25:57,root.bursty1,152,928768
04:25:57,root.bursty0,156,953344
04:25:57,root.batch0,3,-1024
04:25:58,root.default,0,0
04:25:58,root.batch6,0,0
04:25:58,root.batch7,0,0
04:25:58,root.batch1,0,0
04:25:58,root.batch4,0,0
04:25:58,root.batch5,0,0
04:25:58,root.batch2,0,0
04:25:58,root.batch3,0,0
04:25:58,root.bursty2,111,583680
04:25:58,root.bursty1,155,947200
04:25:58,root.bursty0,155,947200
04:25:58,root.batch0,3,-1024
04:25:59,root.default,0,0
04:25:59,root.batch6,0,0
04:25:59,root.batch7,0,0
04:25:59,root.batch1,0,0
04:25:59,root.batch4,0,0
04:25:59,root.batch5,0,0
04:25:59,root.batch2,0,0
04:25:59,root.batch3,0,0
04:25:59,root.bursty2,107,575488
04:25:59,root.bursty1,155,947200
04:25:59,root.bursty0,155,947200
04:25:59,root.batch0,3,-1024
04:26:00,root.default,0,0
04:26:00,root.batch6,0,0
04:26:00,root.batch7,0,0
04:26:00,root.batch1,0,0
04:26:00,root.batch4,0,0
04:26:00,root.batch5,0,0
04:26:00,root.batch2,0,0
04:26:00,root.batch3,0,0
04:26:00,root.bursty2,107,575488
04:26:00,root.bursty1,155,947200
04:26:00,root.bursty0,155,947200
04:26:00,root.batch0,3,-1024
04:26:01,root.default,0,0
04:26:01,root.batch6,0,0
04:26:01,root.batch7,0,0
04:26:01,root.batch1,0,0
04:26:01,root.batch4,0,0
04:26:01,root.batch5,0,0
04:26:01,root.batch2,0,0
04:26:01,root.batch3,0,0
04:26:01,root.bursty2,105,571392
04:26:01,root.bursty1,155,947200
04:26:01,root.bursty0,155,947200
04:26:01,root.batch0,3,-1024
04:26:02,root.default,0,0
04:26:02,root.batch6,0,0
04:26:02,root.batch7,0,0
04:26:02,root.batch1,0,0
04:26:02,root.batch4,0,0
04:26:02,root.batch5,0,0
04:26:02,root.batch2,0,0
04:26:02,root.batch3,0,0
04:26:02,root.bursty2,97,555008
04:26:02,root.bursty1,156,953344
04:26:02,root.bursty0,155,947200
04:26:02,root.batch0,3,-1024
04:26:03,root.default,0,0
04:26:03,root.batch6,0,0
04:26:03,root.batch7,0,0
04:26:03,root.batch1,0,0
04:26:03,root.batch4,0,0
04:26:03,root.batch5,0,0
04:26:03,root.batch2,0,0
04:26:03,root.batch3,0,0
04:26:03,root.bursty2,97,555008
04:26:03,root.bursty0,155,947200
04:26:03,root.bursty1,158,965632
04:26:03,root.batch0,3,-1024
04:26:04,root.default,0,0
04:26:04,root.batch6,0,0
04:26:04,root.batch7,0,0
04:26:04,root.batch1,0,0
04:26:04,root.batch4,0,0
04:26:04,root.batch5,0,0
04:26:04,root.batch2,0,0
04:26:04,root.batch3,0,0
04:26:04,root.bursty2,97,555008
04:26:04,root.bursty0,146,891904
04:26:04,root.bursty1,167,1020928
04:26:04,root.batch0,3,-1024
04:26:05,root.default,0,0
04:26:05,root.batch6,0,0
04:26:05,root.batch7,0,0
04:26:05,root.batch1,0,0
04:26:05,root.batch4,0,0
04:26:05,root.batch5,0,0
04:26:05,root.batch2,0,0
04:26:05,root.batch3,0,0
04:26:05,root.bursty2,108,622592
04:26:05,root.bursty0,129,787456
04:26:05,root.bursty1,173,1057792
04:26:05,root.batch0,3,-1024
04:26:06,root.default,0,0
04:26:06,root.batch6,0,0
04:26:06,root.batch7,0,0
04:26:06,root.batch1,0,0
04:26:06,root.batch4,0,0
04:26:06,root.batch5,0,0
04:26:06,root.batch2,0,0
04:26:06,root.batch3,0,0
04:26:06,root.bursty2,121,702464
04:26:06,root.bursty0,117,713728
04:26:06,root.bursty1,172,1051648
04:26:06,root.batch0,3,-1024
04:26:07,root.default,0,0
04:26:07,root.batch6,0,0
04:26:07,root.batch7,0,0
04:26:07,root.batch1,0,0
04:26:07,root.batch4,0,0
04:26:07,root.batch5,0,0
04:26:07,root.batch2,0,0
04:26:07,root.batch3,0,0
04:26:07,root.bursty0,107,652288
04:26:07,root.bursty2,135,788480
04:26:07,root.bursty1,168,1027072
04:26:07,root.batch0,3,-1024
04:26:08,root.default,0,0
04:26:08,root.batch6,0,0
04:26:08,root.batch7,0,0
04:26:08,root.batch1,0,0
04:26:08,root.batch4,0,0
04:26:08,root.batch5,0,0
04:26:08,root.batch2,0,0
04:26:08,root.batch3,0,0
04:26:08,root.bursty0,121,738304
04:26:08,root.bursty2,140,819200
04:26:08,root.bursty1,149,910336
04:26:08,root.batch0,3,-1024
04:26:09,root.default,0,0
04:26:09,root.batch6,0,0
04:26:09,root.batch7,0,0
04:26:09,root.batch1,0,0
04:26:09,root.batch4,0,0
04:26:09,root.batch5,0,0
04:26:09,root.batch2,0,0
04:26:09,root.batch3,0,0
04:26:09,root.bursty0,130,793600
04:26:09,root.bursty2,141,825344
04:26:09,root.bursty1,137,836608
04:26:09,root.batch0,3,-1024
04:26:10,root.default,0,0
04:26:10,root.batch6,0,0
04:26:10,root.batch7,0,0
04:26:10,root.batch1,0,0
04:26:10,root.batch4,0,0
04:26:10,root.batch5,0,0
04:26:10,root.batch2,0,0
04:26:10,root.batch3,0,0
04:26:10,root.bursty0,133,812032
04:26:10,root.bursty2,138,806912
04:26:10,root.bursty1,134,818176
04:26:10,root.batch0,3,-1024
04:26:11,root.default,0,0
04:26:11,root.batch6,0,0
04:26:11,root.batch7,0,0
04:26:11,root.batch1,0,0
04:26:11,root.batch4,0,0
04:26:11,root.batch5,0,0
04:26:11,root.batch2,0,0
04:26:11,root.batch3,0,0
04:26:11,root.bursty2,118,684032
04:26:11,root.bursty1,133,812032
04:26:11,root.bursty0,139,848896
04:26:11,root.batch0,3,-1024
04:26:12,root.default,0,0
04:26:12,root.batch6,0,0
04:26:12,root.batch7,0,0
04:26:12,root.batch1,0,0
04:26:12,root.batch4,0,0
04:26:12,root.batch5,0,0
04:26:12,root.batch2,0,0
04:26:12,root.batch3,0,0
04:26:12,root.bursty2,111,641024
04:26:12,root.bursty1,138,842752
04:26:12,root.bursty0,147,898048
04:26:12,root.batch0,3,-1024
04:26:14,root.default,0,0
04:26:14,root.batch6,0,0
04:26:14,root.batch7,0,0
04:26:14,root.batch1,0,0
04:26:14,root.batch4,0,0
04:26:14,root.batch5,0,0
04:26:14,root.batch2,0,0
04:26:14,root.batch3,0,0
04:26:14,root.bursty2,95,542720
04:26:14,root.bursty1,140,855040
04:26:14,root.bursty0,149,910336
04:26:14,root.batch0,3,-1024
04:26:15,root.default,0,0
04:26:15,root.batch6,0,0
04:26:15,root.batch7,0,0
04:26:15,root.batch1,0,0
04:26:15,root.batch4,0,0
04:26:15,root.batch5,0,0
04:26:15,root.batch2,0,0
04:26:15,root.batch3,0,0
04:26:15,root.bursty2,103,591872
04:26:15,root.bursty1,141,861184
04:26:15,root.bursty0,153,934912
04:26:15,root.batch0,3,-1024
04:26:16,root.default,0,0
04:26:16,root.batch6,0,0
04:26:16,root.batch7,0,0
04:26:16,root.batch1,0,0
04:26:16,root.batch4,0,0
04:26:16,root.batch5,0,0
04:26:16,root.batch2,0,0
04:26:16,root.batch3,0,0
04:26:16,root.bursty2,113,653312
04:26:16,root.bursty1,141,861184
04:26:16,root.bursty0,153,934912
04:26:16,root.batch0,3,-1024
04:26:17,root.default,0,0
04:26:17,root.batch6,0,0
04:26:17,root.batch7,0,0
04:26:17,root.batch1,0,0
04:26:17,root.batch4,0,0
04:26:17,root.batch5,0,0
04:26:17,root.batch2,0,0
04:26:17,root.batch3,0,0
04:26:17,root.bursty2,118,684032
04:26:17,root.bursty1,136,830464
04:26:17,root.bursty0,153,934912
04:26:17,root.batch0,3,-1024
04:26:18,root.default,0,0
04:26:18,root.batch6,0,0
04:26:18,root.batch7,0,0
04:26:18,root.batch1,0,0
04:26:18,root.batch4,0,0
04:26:18,root.batch5,0,0
04:26:18,root.batch2,0,0
04:26:18,root.batch3,0,0
04:26:18,root.bursty2,123,714752
04:26:18,root.bursty1,126,769024
04:26:18,root.bursty0,153,934912
04:26:18,root.batch0,3,-1024
04:26:19,root.default,0,0
04:26:19,root.batch6,0,0
04:26:19,root.batch7,0,0
04:26:19,root.batch1,0,0
04:26:19,root.batch4,0,0
04:26:19,root.batch5,0,0
04:26:19,root.batch2,0,0
04:26:19,root.batch3,0,0
04:26:19,root.bursty1,119,726016
04:26:19,root.bursty2,131,763904
04:26:19,root.bursty0,146,891904
04:26:19,root.batch0,3,-1024
04:26:20,root.default,0,0
04:26:20,root.batch6,0,0
04:26:20,root.batch7,0,0
04:26:20,root.batch1,0,0
04:26:20,root.batch4,0,0
04:26:20,root.batch5,0,0
04:26:20,root.batch2,0,0
04:26:20,root.batch3,0,0
04:26:20,root.bursty1,114,695296
04:26:20,root.bursty2,146,856064
04:26:20,root.bursty0,133,812032
04:26:20,root.batch0,3,-1024
04:26:21,root.default,0,0
04:26:21,root.batch6,0,0
04:26:21,root.batch7,0,0
04:26:21,root.batch1,0,0
04:26:21,root.batch4,0,0
04:26:21,root.batch5,0,0
04:26:21,root.batch2,0,0
04:26:21,root.batch3,0,0
04:26:21,root.bursty1,116,707584
04:26:21,root.bursty0,126,769024
04:26:21,root.bursty2,157,923648
04:26:21,root.batch0,3,-1024
04:26:22,root.default,0,0
04:26:22,root.batch6,0,0
04:26:22,root.batch7,0,0
04:26:22,root.batch1,0,0
04:26:22,root.batch4,0,0
04:26:22,root.batch5,0,0
04:26:22,root.batch2,0,0
04:26:22,root.batch3,0,0
04:26:22,root.bursty1,122,744448
04:26:22,root.bursty0,125,762880
04:26:22,root.bursty2,159,935936
04:26:22,root.batch0,3,-1024
04:26:23,root.default,0,0
04:26:23,root.batch6,0,0
04:26:23,root.batch7,0,0
04:26:23,root.batch1,0,0
04:26:23,root.batch4,0,0
04:26:23,root.batch5,0,0
04:26:23,root.batch2,0,0
04:26:23,root.batch3,0,0
04:26:23,root.bursty1,120,732160
04:26:23,root.bursty0,123,750592
04:26:23,root.bursty2,159,941056
04:26:23,root.batch0,3,-1024
04:26:24,root.default,0,0
04:26:24,root.batch6,0,0
04:26:24,root.batch7,0,0
04:26:24,root.batch1,0,0
04:26:24,root.batch4,0,0
04:26:24,root.batch5,0,0
04:26:24,root.batch2,0,0
04:26:24,root.batch3,0,0
04:26:24,root.bursty1,115,701440
04:26:24,root.bursty0,116,707584
04:26:24,root.bursty2,159,941056
04:26:24,root.batch0,3,-1024
04:26:25,root.default,0,0
04:26:25,root.batch6,0,0
04:26:25,root.batch7,0,0
04:26:25,root.batch1,0,0
04:26:25,root.batch4,0,0
04:26:25,root.batch5,0,0
04:26:25,root.batch2,0,0
04:26:25,root.batch3,0,0
04:26:25,root.bursty0,109,664576
04:26:25,root.bursty1,121,738304
04:26:25,root.bursty2,161,953344
04:26:25,root.batch0,3,-1024
04:26:26,root.default,0,0
04:26:26,root.batch6,0,0
04:26:26,root.batch7,0,0
04:26:26,root.batch1,0,0
04:26:26,root.batch4,0,0
04:26:26,root.batch5,0,0
04:26:26,root.batch2,0,0
04:26:26,root.batch3,0,0
04:26:26,root.bursty0,106,646144
04:26:26,root.bursty1,125,762880
04:26:26,root.bursty2,161,953344
04:26:26,root.batch0,3,-1024
04:26:27,root.default,0,0
04:26:27,root.batch6,0,0
04:26:27,root.batch7,0,0
04:26:27,root.batch1,0,0
04:26:27,root.batch4,0,0
04:26:27,root.batch5,0,0
04:26:27,root.batch2,0,0
04:26:27,root.batch3,0,0
04:26:27,root.bursty1,116,707584
04:26:27,root.bursty0,118,719872
04:26:27,root.bursty2,161,953344
04:26:27,root.batch0,3,-1024
04:26:28,root.default,0,0
04:26:28,root.batch6,0,0
04:26:28,root.batch7,0,0
04:26:28,root.batch1,0,0
04:26:28,root.batch4,0,0
04:26:28,root.batch5,0,0
04:26:28,root.batch2,0,0
04:26:28,root.batch3,0,0
04:26:28,root.bursty1,111,676864
04:26:28,root.bursty0,130,793600
04:26:28,root.bursty2,161,953344
04:26:28,root.batch0,3,-1024
04:26:29,root.default,0,0
04:26:29,root.batch6,0,0
04:26:29,root.batch7,0,0
04:26:29,root.batch1,0,0
04:26:29,root.batch4,0,0
04:26:29,root.batch5,0,0
04:26:29,root.batch2,0,0
04:26:29,root.batch3,0,0
04:26:29,root.bursty1,115,701440
04:26:29,root.bursty0,131,799744
04:26:29,root.bursty2,161,953344
04:26:29,root.batch0,3,-1024
04:26:30,root.default,0,0
04:26:30,root.batch6,0,0
04:26:30,root.batch7,0,0
04:26:30,root.batch1,0,0
04:26:30,root.batch4,0,0
04:26:30,root.batch5,0,0
04:26:30,root.batch2,0,0
04:26:30,root.batch3,0,0
04:26:30,root.bursty1,115,701440
04:26:30,root.bursty0,131,799744
04:26:30,root.bursty2,161,953344
04:26:30,root.batch0,3,-1024
04:26:31,root.default,0,0
04:26:31,root.batch6,0,0
04:26:31,root.batch7,0,0
04:26:31,root.batch1,0,0
04:26:31,root.batch4,0,0
04:26:31,root.batch5,0,0
04:26:31,root.batch2,0,0
04:26:31,root.batch3,0,0
04:26:31,root.bursty1,138,752640
04:26:31,root.bursty0,130,793600
04:26:31,root.bursty2,161,953344
04:26:31,root.batch0,3,-1024
04:26:32,root.default,0,0
04:26:32,root.batch6,0,0
04:26:32,root.batch7,0,0
04:26:32,root.batch1,0,0
04:26:32,root.batch4,0,0
04:26:32,root.batch5,0,0
04:26:32,root.batch2,0,0
04:26:32,root.batch3,0,0
04:26:32,root.bursty0,140,814080
04:26:32,root.bursty1,166,801792
04:26:32,root.bursty2,161,953344
04:26:32,root.batch0,3,-1024
04:26:33,root.default,0,0
04:26:33,root.batch6,0,0
04:26:33,root.batch7,0,0
04:26:33,root.batch1,0,0
04:26:33,root.batch4,0,0
04:26:33,root.batch5,0,0
04:26:33,root.batch2,0,0
04:26:33,root.batch3,0,0
04:26:33,root.bursty0,139,807936
04:26:33,root.bursty1,167,783360
04:26:33,root.bursty2,161,953344
04:26:33,root.batch0,3,-1024
04:26:34,root.default,0,0
04:26:34,root.batch6,0,0
04:26:34,root.batch7,0,0
04:26:34,root.batch1,0,0
04:26:34,root.batch4,0,0
04:26:34,root.batch5,0,0
04:26:34,root.batch2,0,0
04:26:34,root.batch3,0,0
04:26:34,root.bursty1,163,709632
04:26:34,root.bursty0,138,793600
04:26:34,root.bursty2,161,953344
04:26:34,root.batch0,3,-1024
04:26:35,root.default,0,0
04:26:35,root.batch6,0,0
04:26:35,root.batch7,0,0
04:26:35,root.batch1,0,0
04:26:35,root.batch4,0,0
04:26:35,root.batch5,0,0
04:26:35,root.batch2,0,0
04:26:35,root.batch3,0,0
04:26:35,root.bursty1,200,748544
04:26:35,root.bursty0,145,803840
04:26:35,root.bursty2,156,922624
04:26:35,root.batch0,3,-1024
04:26:36,root.default,0,0
04:26:36,root.batch6,0,0
04:26:36,root.batch7,0,0
04:26:36,root.batch1,0,0
04:26:36,root.batch4,0,0
04:26:36,root.batch5,0,0
04:26:36,root.batch2,0,0
04:26:36,root.batch3,0,0
04:26:36,root.bursty0,158,826368
04:26:36,root.bursty1,235,807936
04:26:36,root.bursty2,144,848896
04:26:36,root.batch0,3,-1024
04:26:37,root.default,0,0
04:26:37,root.batch6,0,0
04:26:37,root.batch7,0,0
04:26:37,root.batch1,0,0
04:26:37,root.batch4,0,0
04:26:37,root.batch5,0,0
04:26:37,root.batch2,0,0
04:26:37,root.batch3,0,0
04:26:37,root.bursty2,134,787456
04:26:37,root.bursty0,163,832512
04:26:37,root.bursty1,241,812032
04:26:37,root.batch0,3,-1024
04:26:38,root.default,0,0
04:26:38,root.batch6,0,0
04:26:38,root.batch7,0,0
04:26:38,root.batch1,0,0
04:26:38,root.batch4,0,0
04:26:38,root.batch5,0,0
04:26:38,root.batch2,0,0
04:26:38,root.batch3,0,0
04:26:38,root.bursty0,152,732160
04:26:38,root.bursty1,193,708608
04:26:38,root.bursty2,145,855040
04:26:38,root.batch0,3,-1024
04:26:39,root.default,0,0
04:26:39,root.batch6,0,0
04:26:39,root.batch7,0,0
04:26:39,root.batch1,0,0
04:26:39,root.batch4,0,0
04:26:39,root.batch5,0,0
04:26:39,root.batch2,0,0
04:26:39,root.batch3,0,0
04:26:39,root.bursty1,181,684032
04:26:39,root.bursty0,203,783360
04:26:39,root.bursty2,154,910336
04:26:39,root.batch0,3,-1024
04:26:40,root.default,0,0
04:26:40,root.batch6,0,0
04:26:40,root.batch7,0,0
04:26:40,root.batch1,0,0
04:26:40,root.batch4,0,0
04:26:40,root.batch5,0,0
04:26:40,root.batch2,0,0
04:26:40,root.batch3,0,0
04:26:40,root.bursty1,171,663552
04:26:40,root.bursty0,260,838656
04:26:40,root.bursty2,153,904192
04:26:40,root.batch0,3,-1024
04:26:41,root.default,0,0
04:26:41,root.batch6,0,0
04:26:41,root.batch7,0,0
04:26:41,root.batch1,0,0
04:26:41,root.batch4,0,0
04:26:41,root.batch5,0,0
04:26:41,root.batch2,0,0
04:26:41,root.batch3,0,0
04:26:41,root.bursty1,132,579584
04:26:41,root.bursty0,256,764928
04:26:41,root.bursty2,169,1002496
04:26:41,root.batch0,3,-1024
04:26:42,root.default,0,0
04:26:42,root.batch6,0,0
04:26:42,root.batch7,0,0
04:26:42,root.batch1,0,0
04:26:42,root.batch4,0,0
04:26:42,root.batch5,0,0
04:26:42,root.batch2,0,0
04:26:42,root.batch3,0,0
04:26:42,root.bursty1,92,481280
04:26:42,root.bursty0,182,572416
04:26:42,root.bursty2,212,1266688
04:26:42,root.batch0,3,-1024
04:26:43,root.default,0,0
04:26:43,root.batch6,0,0
04:26:43,root.batch7,0,0
04:26:43,root.batch1,0,0
04:26:43,root.batch4,0,0
04:26:43,root.batch5,0,0
04:26:43,root.batch2,0,0
04:26:43,root.batch3,0,0
04:26:43,root.bursty1,71,425984
04:26:43,root.bursty0,170,531456
04:26:43,root.bursty2,237,1420288
04:26:43,root.batch0,3,-1024
04:26:44,root.default,0,0
04:26:44,root.batch6,0,0
04:26:44,root.batch7,0,0
04:26:44,root.batch1,0,0
04:26:44,root.batch4,0,0
04:26:44,root.batch5,0,0
04:26:44,root.batch2,0,0
04:26:44,root.batch3,0,0
04:26:44,root.bursty1,70,419840
04:26:44,root.bursty0,159,488448
04:26:44,root.bursty2,259,1555456
04:26:44,root.batch0,3,-1024
04:26:45,root.default,0,0
04:26:45,root.batch6,0,0
04:26:45,root.batch7,0,0
04:26:45,root.batch1,0,0
04:26:45,root.batch4,0,0
04:26:45,root.batch5,0,0
04:26:45,root.batch2,0,0
04:26:45,root.batch3,0,0
04:26:45,root.bursty1,70,419840
04:26:45,root.bursty0,131,431104
04:26:45,root.bursty2,262,1573888
04:26:45,root.batch0,3,-1024
04:26:46,root.default,0,0
04:26:46,root.batch6,0,0
04:26:46,root.batch7,0,0
04:26:46,root.batch1,0,0
04:26:46,root.batch4,0,0
04:26:46,root.batch5,0,0
04:26:46,root.batch2,0,0
04:26:46,root.batch3,0,0
04:26:46,root.bursty0,69,304128
04:26:46,root.bursty1,70,419840
04:26:46,root.bursty2,284,1709056
04:26:46,root.batch0,3,-1024
04:26:47,root.default,0,0
04:26:47,root.batch6,0,0
04:26:47,root.batch7,0,0
04:26:47,root.batch1,0,0
04:26:47,root.batch4,0,0
04:26:47,root.batch5,0,0
04:26:47,root.batch2,0,0
04:26:47,root.batch3,0,0
04:26:47,root.bursty0,57,279552
04:26:47,root.bursty1,70,419840
04:26:47,root.bursty2,291,1752064
04:26:47,root.batch0,3,-1024
04:26:48,root.default,0,0
04:26:48,root.batch6,0,0
04:26:48,root.batch7,0,0
04:26:48,root.batch1,0,0
04:26:48,root.batch4,0,0
04:26:48,root.batch5,0,0
04:26:48,root.batch2,0,0
04:26:48,root.batch3,0,0
04:26:48,root.bursty0,45,254976
04:26:48,root.bursty1,70,419840
04:26:48,root.bursty2,295,1776640
04:26:48,root.batch0,3,-1024
04:26:49,root.default,0,0
04:26:49,root.batch6,0,0
04:26:49,root.batch7,0,0
04:26:49,root.batch1,0,0
04:26:49,root.batch4,0,0
04:26:49,root.batch5,0,0
04:26:49,root.batch2,0,0
04:26:49,root.batch3,0,0
04:26:49,root.bursty0,41,246784
04:26:49,root.bursty1,69,413696
04:26:49,root.bursty2,294,1770496
04:26:49,root.batch0,3,-1024
04:26:50,root.default,0,0
04:26:50,root.batch6,0,0
04:26:50,root.batch7,0,0
04:26:50,root.batch1,0,0
04:26:50,root.batch4,0,0
04:26:50,root.batch5,0,0
04:26:50,root.batch2,0,0
04:26:50,root.batch3,0,0
04:26:50,root.bursty0,41,246784
04:26:50,root.bursty1,62,370688
04:26:50,root.bursty2,292,1758208
04:26:50,root.batch0,3,-1024
04:26:51,root.default,0,0
04:26:51,root.batch6,0,0
04:26:51,root.batch7,0,0
04:26:51,root.batch1,0,0
04:26:51,root.batch4,0,0
04:26:51,root.batch5,0,0
04:26:51,root.batch2,0,0
04:26:51,root.batch3,0,0
04:26:51,root.bursty0,41,246784
04:26:51,root.bursty1,53,315392
04:26:51,root.bursty2,310,1868800
04:26:51,root.batch0,3,-1024
04:26:52,root.default,0,0
04:26:52,root.batch6,0,0
04:26:52,root.batch7,0,0
04:26:52,root.batch1,0,0
04:26:52,root.batch4,0,0
04:26:52,root.batch5,0,0
04:26:52,root.batch2,0,0
04:26:52,root.batch3,0,0
04:26:52,root.bursty0,41,246784
04:26:52,root.bursty1,49,290816
04:26:52,root.bursty2,316,1905664
04:26:52,root.batch0,3,-1024
04:26:53,root.default,0,0
04:26:53,root.batch6,0,0
04:26:53,root.batch7,0,0
04:26:53,root.batch1,0,0
04:26:53,root.batch4,0,0
04:26:53,root.batch5,0,0
04:26:53,root.batch2,0,0
04:26:53,root.batch3,0,0
04:26:53,root.bursty0,41,246784
04:26:53,root.bursty1,48,284672
04:26:53,root.bursty2,316,1905664
04:26:53,root.batch0,3,-1024
04:26:54,root.default,0,0
04:26:54,root.batch6,0,0
04:26:54,root.batch7,0,0
04:26:54,root.batch1,0,0
04:26:54,root.batch4,0,0
04:26:54,root.batch5,0,0
04:26:54,root.batch2,0,0
04:26:54,root.batch3,0,0
04:26:54,root.bursty1,38,223232
04:26:54,root.bursty0,40,240640
04:26:54,root.bursty2,321,1936384
04:26:54,root.batch0,3,-1024
04:26:55,root.default,0,0
04:26:55,root.batch6,0,0
04:26:55,root.batch7,0,0
04:26:55,root.batch1,0,0
04:26:55,root.batch4,0,0
04:26:55,root.batch5,0,0
04:26:55,root.batch2,0,0
04:26:55,root.batch3,0,0
04:26:55,root.bursty0,33,197632
04:26:55,root.bursty1,37,217088
04:26:55,root.bursty2,328,1979392
04:26:55,root.batch0,3,-1024
04:26:56,root.default,0,0
04:26:56,root.batch6,0,0
04:26:56,root.batch7,0,0
04:26:56,root.batch1,0,0
04:26:56,root.batch4,0,0
04:26:56,root.batch5,0,0
04:26:56,root.batch2,0,0
04:26:56,root.batch3,0,0
04:26:56,root.bursty0,16,93184
04:26:56,root.bursty1,47,278528
04:26:56,root.bursty2,331,1997824
04:26:56,root.batch0,3,-1024
04:26:57,root.default,0,0
04:26:57,root.batch6,0,0
04:26:57,root.batch7,0,0
04:26:57,root.batch1,0,0
04:26:57,root.batch4,0,0
04:26:57,root.batch5,0,0
04:26:57,root.batch2,0,0
04:26:57,root.batch3,0,0
04:26:57,root.bursty0,3,13312
04:26:57,root.bursty1,68,407552
04:26:57,root.bursty2,331,1997824
04:26:57,root.batch0,3,-1024
04:26:58,root.default,0,0
04:26:58,root.batch6,0,0
04:26:58,root.batch7,0,0
04:26:58,root.batch1,0,0
04:26:58,root.batch4,0,0
04:26:58,root.batch5,0,0
04:26:58,root.batch2,0,0
04:26:58,root.batch3,0,0
04:26:58,root.bursty0,1,1024
04:26:58,root.bursty1,72,432128
04:26:58,root.bursty2,331,1997824
04:26:58,root.batch0,3,-1024
04:26:59,root.default,0,0
04:26:59,root.batch6,0,0
04:26:59,root.batch7,0,0
04:26:59,root.batch1,0,0
04:26:59,root.batch4,0,0
04:26:59,root.batch5,0,0
04:26:59,root.batch2,0,0
04:26:59,root.batch3,0,0
04:26:59,root.bursty0,1,1024
04:26:59,root.bursty1,78,468992
04:26:59,root.bursty2,331,1997824
04:26:59,root.batch0,3,-1024
04:27:00,root.default,0,0
04:27:00,root.batch6,0,0
04:27:00,root.batch7,0,0
04:27:00,root.batch1,0,0
04:27:00,root.batch4,0,0
04:27:00,root.batch5,0,0
04:27:00,root.batch2,0,0
04:27:00,root.batch3,0,0
04:27:00,root.bursty0,1,1024
04:27:00,root.bursty1,78,468992
04:27:00,root.bursty2,331,1997824
04:27:00,root.batch0,3,-1024
04:27:01,root.default,0,0
04:27:01,root.batch6,0,0
04:27:01,root.batch7,0,0
04:27:01,root.batch1,0,0
04:27:01,root.batch4,0,0
04:27:01,root.batch5,0,0
04:27:01,root.batch2,0,0
04:27:01,root.batch3,0,0
04:27:01,root.bursty0,1,1024
04:27:01,root.bursty1,78,468992
04:27:01,root.bursty2,331,1997824
04:27:01,root.batch0,3,-1024
04:27:02,root.default,0,0
04:27:02,root.batch6,0,0
04:27:02,root.batch7,0,0
04:27:02,root.batch1,0,0
04:27:02,root.batch4,0,0
04:27:02,root.batch5,0,0
04:27:02,root.batch2,0,0
04:27:02,root.batch3,0,0
04:27:02,root.bursty0,1,1024
04:27:02,root.bursty1,78,468992
04:27:02,root.bursty2,331,1997824
04:27:02,root.batch0,3,-1024
04:27:03,root.default,0,0
04:27:03,root.batch6,0,0
04:27:03,root.batch7,0,0
04:27:03,root.batch1,0,0
04:27:03,root.batch4,0,0
04:27:03,root.batch5,0,0
04:27:03,root.batch2,0,0
04:27:03,root.batch3,0,0
04:27:03,root.bursty0,1,1024
04:27:03,root.bursty1,78,468992
04:27:03,root.bursty2,331,1997824
04:27:03,root.batch0,3,-1024
04:27:04,root.default,0,0
04:27:04,root.batch6,0,0
04:27:04,root.batch7,0,0
04:27:04,root.batch1,0,0
04:27:04,root.batch4,0,0
04:27:04,root.batch5,0,0
04:27:04,root.batch2,0,0
04:27:04,root.batch3,0,0
04:27:04,root.bursty0,0,0
04:27:04,root.bursty1,78,468992
04:27:04,root.bursty2,331,1997824
04:27:04,root.batch0,3,-1024
04:27:05,root.default,0,0
04:27:05,root.batch6,0,0
04:27:05,root.batch7,0,0
04:27:05,root.batch1,0,0
04:27:05,root.batch4,0,0
04:27:05,root.batch5,0,0
04:27:05,root.batch2,0,0
04:27:05,root.batch3,0,0
04:27:05,root.bursty0,0,0
04:27:05,root.bursty1,77,467968
04:27:05,root.bursty2,331,1997824
04:27:05,root.batch0,3,-1024
04:27:06,root.default,0,0
04:27:06,root.batch6,0,0
04:27:06,root.batch7,0,0
04:27:06,root.batch1,0,0
04:27:06,root.batch4,0,0
04:27:06,root.batch5,0,0
04:27:06,root.batch2,0,0
04:27:06,root.batch3,0,0
04:27:06,root.bursty0,0,0
04:27:06,root.bursty1,77,467968
04:27:06,root.bursty2,331,1997824
04:27:06,root.batch0,3,-1024
04:27:07,root.default,0,0
04:27:07,root.batch6,0,0
04:27:07,root.batch7,0,0
04:27:07,root.batch1,0,0
04:27:07,root.batch4,0,0
04:27:07,root.batch5,0,0
04:27:07,root.batch2,0,0
04:27:07,root.batch3,0,0
04:27:07,root.bursty0,0,0
04:27:07,root.bursty1,79,480256
04:27:07,root.bursty2,318,1917952
04:27:07,root.batch0,3,-1024
04:27:08,root.default,0,0
04:27:08,root.batch6,0,0
04:27:08,root.batch7,0,0
04:27:08,root.batch1,0,0
04:27:08,root.batch4,0,0
04:27:08,root.batch5,0,0
04:27:08,root.batch2,0,0
04:27:08,root.batch3,0,0
04:27:08,root.bursty0,1,1024
04:27:08,root.bursty1,100,609280
04:27:08,root.bursty2,298,1795072
04:27:08,root.batch0,3,-1024
04:27:10,root.default,0,0
04:27:10,root.batch6,0,0
04:27:10,root.batch7,0,0
04:27:10,root.batch1,0,0
04:27:10,root.batch4,0,0
04:27:10,root.batch5,0,0
04:27:10,root.batch2,0,0
04:27:10,root.batch3,0,0
04:27:10,root.bursty0,1,1024
04:27:10,root.bursty1,113,689152
04:27:10,root.bursty2,293,1764352
04:27:10,root.batch0,3,-1024
04:27:11,root.default,0,0
04:27:11,root.batch6,0,0
04:27:11,root.batch7,0,0
04:27:11,root.batch1,0,0
04:27:11,root.batch4,0,0
04:27:11,root.batch5,0,0
04:27:11,root.batch2,0,0
04:27:11,root.batch3,0,0
04:27:11,root.bursty0,1,1024
04:27:11,root.bursty1,116,707584
04:27:11,root.bursty2,292,1758208
04:27:11,root.batch0,3,-1024
04:27:12,root.default,0,0
04:27:12,root.batch6,0,0
04:27:12,root.batch7,0,0
04:27:12,root.batch1,0,0
04:27:12,root.batch4,0,0
04:27:12,root.batch5,0,0
04:27:12,root.batch2,0,0
04:27:12,root.batch3,0,0
04:27:12,root.bursty0,1,1024
04:27:12,root.bursty1,120,732160
04:27:12,root.bursty2,281,1690624
04:27:12,root.batch0,3,-1024
04:27:13,root.default,0,0
04:27:13,root.batch6,0,0
04:27:13,root.batch7,0,0
04:27:13,root.batch1,0,0
04:27:13,root.batch4,0,0
04:27:13,root.batch5,0,0
04:27:13,root.batch2,0,0
04:27:13,root.batch3,0,0
04:27:13,root.bursty0,1,1024
04:27:13,root.bursty1,142,867328
04:27:13,root.bursty2,253,1518592
04:27:13,root.batch0,3,-1024
04:27:14,root.default,0,0
04:27:14,root.batch6,0,0
04:27:14,root.batch7,0,0
04:27:14,root.batch1,0,0
04:27:14,root.batch4,0,0
04:27:14,root.batch5,0,0
04:27:14,root.batch2,0,0
04:27:14,root.batch3,0,0
04:27:14,root.bursty0,1,1024
04:27:14,root.bursty1,179,1094656
04:27:14,root.bursty2,218,1303552
04:27:14,root.batch0,3,-1024
04:27:15,root.default,0,0
04:27:15,root.batch6,0,0
04:27:15,root.batch7,0,0
04:27:15,root.batch1,0,0
04:27:15,root.batch4,0,0
04:27:15,root.batch5,0,0
04:27:15,root.batch2,0,0
04:27:15,root.batch3,0,0
04:27:15,root.bursty0,1,1024
04:27:15,root.bursty2,190,1131520
04:27:15,root.bursty1,207,1266688
04:27:15,root.batch0,3,-1024
04:27:16,root.default,0,0
04:27:16,root.batch6,0,0
04:27:16,root.batch7,0,0
04:27:16,root.batch1,0,0
04:27:16,root.batch4,0,0
04:27:16,root.batch5,0,0
04:27:16,root.batch2,0,0
04:27:16,root.batch3,0,0
04:27:16,root.bursty0,1,1024
04:27:16,root.bursty2,187,1039360
04:27:16,root.bursty1,214,1309696
04:27:16,root.batch0,3,-1024
04:27:17,root.default,0,0
04:27:17,root.batch6,0,0
04:27:17,root.batch7,0,0
04:27:17,root.batch1,0,0
04:27:17,root.batch4,0,0
04:27:17,root.batch5,0,0
04:27:17,root.batch2,0,0
04:27:17,root.batch3,0,0
04:27:17,root.bursty0,1,1024
04:27:17,root.bursty2,264,1086464
04:27:17,root.bursty1,215,1315840
04:27:17,root.batch0,3,-1024
04:27:18,root.default,0,0
04:27:18,root.batch6,0,0
04:27:18,root.batch7,0,0
04:27:18,root.batch1,0,0
04:27:18,root.batch4,0,0
04:27:18,root.batch5,0,0
04:27:18,root.batch2,0,0
04:27:18,root.batch3,0,0
04:27:18,root.bursty0,1,1024
04:27:18,root.bursty2,310,1041408
04:27:18,root.bursty1,215,1315840
04:27:18,root.batch0,3,-1024
04:27:19,root.default,0,0
04:27:19,root.batch6,0,0
04:27:19,root.batch7,0,0
04:27:19,root.batch1,0,0
04:27:19,root.batch4,0,0
04:27:19,root.batch5,0,0
04:27:19,root.batch2,0,0
04:27:19,root.batch3,0,0
04:27:19,root.bursty0,1,1024
04:27:19,root.bursty2,344,1070080
04:27:19,root.bursty1,215,1315840
04:27:19,root.batch0,3,-1024
04:27:20,root.default,0,0
04:27:20,root.batch6,0,0
04:27:20,root.batch7,0,0
04:27:20,root.batch1,0,0
04:27:20,root.batch4,0,0
04:27:20,root.batch5,0,0
04:27:20,root.batch2,0,0
04:27:20,root.batch3,0,0
04:27:20,root.bursty0,18,105472
04:27:20,root.bursty2,257,871424
04:27:20,root.bursty1,215,1315840
04:27:20,root.batch0,3,-1024
04:27:21,root.default,0,0
04:27:21,root.batch6,0,0
04:27:21,root.batch7,0,0
04:27:21,root.batch1,0,0
04:27:21,root.batch4,0,0
04:27:21,root.batch5,0,0
04:27:21,root.batch2,0,0
04:27:21,root.batch3,0,0
04:27:21,root.bursty0,51,308224
04:27:21,root.bursty2,237,764928
04:27:21,root.bursty1,215,1315840
04:27:21,root.batch0,3,-1024
04:27:22,root.default,0,0
04:27:22,root.batch6,0,0
04:27:22,root.batch7,0,0
04:27:22,root.batch1,0,0
04:27:22,root.batch4,0,0
04:27:22,root.batch5,0,0
04:27:22,root.batch2,0,0
04:27:22,root.batch3,0,0
04:27:22,root.bursty0,77,467968
04:27:22,root.bursty2,225,699392
04:27:22,root.bursty1,215,1315840
04:27:22,root.batch0,3,-1024
04:27:23,root.default,0,0
04:27:23,root.batch6,0,0
04:27:23,root.batch7,0,0
04:27:23,root.batch1,0,0
04:27:23,root.batch4,0,0
04:27:23,root.batch5,0,0
04:27:23,root.batch2,0,0
04:27:23,root.batch3,0,0
04:27:23,root.bursty0,91,553984
04:27:23,root.bursty2,213,674816
04:27:23,root.bursty1,214,1309696
04:27:23,root.batch0,3,-1024
04:27:24,root.default,0,0
04:27:24,root.batch6,0,0
04:27:24,root.batch7,0,0
04:27:24,root.batch1,0,0
04:27:24,root.batch4,0,0
04:27:24,root.batch5,0,0
04:27:24,root.batch2,0,0
04:27:24,root.batch3,0,0
04:27:24,root.bursty2,156,553984
04:27:24,root.bursty0,111,676864
04:27:24,root.bursty1,207,1266688
04:27:24,root.batch0,3,-1024
04:27:25,root.default,0,0
04:27:25,root.batch6,0,0
04:27:25,root.batch7,0,0
04:27:25,root.batch1,0,0
04:27:25,root.batch4,0,0
04:27:25,root.batch5,0,0
04:27:25,root.batch2,0,0
04:27:25,root.batch3,0,0
04:27:25,root.bursty2,101,470016
04:27:25,root.bursty0,123,750592
04:27:25,root.bursty1,195,1192960
04:27:25,root.batch0,3,-1024
04:27:26,root.default,0,0
04:27:26,root.batch6,0,0
04:27:26,root.batch7,0,0
04:27:26,root.batch1,0,0
04:27:26,root.batch4,0,0
04:27:26,root.batch5,0,0
04:27:26,root.batch2,0,0
04:27:26,root.batch3,0,0
04:27:26,root.bursty2,103,539648
04:27:26,root.bursty0,129,787456
04:27:26,root.bursty1,187,1143808
04:27:26,root.batch0,3,-1024
04:27:27,root.default,0,0
04:27:27,root.batch6,0,0
04:27:27,root.batch7,0,0
04:27:27,root.batch1,0,0
04:27:27,root.batch4,0,0
04:27:27,root.batch5,0,0
04:27:27,root.batch2,0,0
04:27:27,root.batch3,0,0
04:27:27,root.bursty2,119,678912
04:27:27,root.bursty0,129,787456
04:27:27,root.bursty1,161,984064
04:27:27,root.batch0,3,-1024
04:27:28,root.default,0,0
04:27:28,root.batch6,0,0
04:27:28,root.batch7,0,0
04:27:28,root.batch1,0,0
04:27:28,root.batch4,0,0
04:27:28,root.batch5,0,0
04:27:28,root.batch2,0,0
04:27:28,root.batch3,0,0
04:27:28,root.bursty2,127,744448
04:27:28,root.bursty0,129,787456
04:27:28,root.bursty1,153,934912
04:27:28,root.batch0,3,-1024
04:27:29,root.default,0,0
04:27:29,root.batch6,0,0
04:27:29,root.batch7,0,0
04:27:29,root.batch1,0,0
04:27:29,root.batch4,0,0
04:27:29,root.batch5,0,0
04:27:29,root.batch2,0,0
04:27:29,root.batch3,0,0
04:27:29,root.bursty2,135,793600
04:27:29,root.bursty0,130,793600
04:27:29,root.bursty1,144,879616
04:27:29,root.batch0,3,-1024
04:27:30,root.default,0,0
04:27:30,root.batch6,0,0
04:27:30,root.batch7,0,0
04:27:30,root.batch1,0,0
04:27:30,root.batch4,0,0
04:27:30,root.batch5,0,0
04:27:30,root.batch2,0,0
04:27:30,root.batch3,0,0
04:27:30,root.bursty0,130,793600
04:27:30,root.bursty2,139,818176
04:27:30,root.bursty1,139,848896
04:27:30,root.batch0,3,-1024
04:27:31,root.default,0,0
04:27:31,root.batch6,0,0
04:27:31,root.batch7,0,0
04:27:31,root.batch1,0,0
04:27:31,root.batch4,0,0
04:27:31,root.batch5,0,0
04:27:31,root.batch2,0,0
04:27:31,root.batch3,0,0
04:27:31,root.bursty0,131,799744
04:27:31,root.bursty2,139,818176
04:27:31,root.bursty1,139,848896
04:27:31,root.batch0,3,-1024
04:27:32,root.default,0,0
04:27:32,root.batch6,0,0
04:27:32,root.batch7,0,0
04:27:32,root.batch1,0,0
04:27:32,root.batch4,0,0
04:27:32,root.batch5,0,0
04:27:32,root.batch2,0,0
04:27:32,root.batch3,0,0
04:27:32,root.bursty0,131,799744
04:27:32,root.bursty2,139,818176
04:27:32,root.bursty1,139,848896
04:27:32,root.batch0,3,-1024
04:27:33,root.default,0,0
04:27:33,root.batch6,0,0
04:27:33,root.batch7,0,0
04:27:33,root.batch1,0,0
04:27:33,root.batch4,0,0
04:27:33,root.batch5,0,0
04:27:33,root.batch2,0,0
04:27:33,root.batch3,0,0
04:27:33,root.bursty0,131,799744
04:27:33,root.bursty2,139,818176
04:27:33,root.bursty1,139,848896
04:27:33,root.batch0,3,-1024
04:27:34,root.default,0,0
04:27:34,root.batch6,0,0
04:27:34,root.batch7,0,0
04:27:34,root.batch1,0,0
04:27:34,root.batch4,0,0
04:27:34,root.batch5,0,0
04:27:34,root.batch2,0,0
04:27:34,root.batch3,0,0
04:27:34,root.bursty0,131,799744
04:27:34,root.bursty2,139,818176
04:27:34,root.bursty1,139,848896
04:27:34,root.batch0,3,-1024
04:27:35,root.default,0,0
04:27:35,root.batch6,0,0
04:27:35,root.batch7,0,0
04:27:35,root.batch1,0,0
04:27:35,root.batch4,0,0
04:27:35,root.batch5,0,0
04:27:35,root.batch2,0,0
04:27:35,root.batch3,0,0
04:27:35,root.bursty0,131,799744
04:27:35,root.bursty2,139,818176
04:27:35,root.bursty1,139,848896
04:27:35,root.batch0,3,-1024
04:27:36,root.default,0,0
04:27:36,root.batch6,0,0
04:27:36,root.batch7,0,0
04:27:36,root.batch1,0,0
04:27:36,root.batch4,0,0
04:27:36,root.batch5,0,0
04:27:36,root.batch2,0,0
04:27:36,root.batch3,0,0
04:27:36,root.bursty0,131,799744
04:27:36,root.bursty2,139,818176
04:27:36,root.bursty1,139,848896
04:27:36,root.batch0,3,-1024
04:27:37,root.default,0,0
04:27:37,root.batch6,0,0
04:27:37,root.batch7,0,0
04:27:37,root.batch1,0,0
04:27:37,root.batch4,0,0
04:27:37,root.batch5,0,0
04:27:37,root.batch2,0,0
04:27:37,root.batch3,0,0
04:27:37,root.bursty0,131,799744
04:27:37,root.bursty2,140,824320
04:27:37,root.bursty1,138,842752
04:27:37,root.batch0,3,-1024
04:27:38,root.default,0,0
04:27:38,root.batch6,0,0
04:27:38,root.batch7,0,0
04:27:38,root.batch1,0,0
04:27:38,root.batch4,0,0
04:27:38,root.batch5,0,0
04:27:38,root.batch2,0,0
04:27:38,root.batch3,0,0
04:27:38,root.bursty1,116,707584
04:27:38,root.bursty0,133,812032
04:27:38,root.bursty2,148,873472
04:27:38,root.batch0,3,-1024
04:27:39,root.default,0,0
04:27:39,root.batch6,0,0
04:27:39,root.batch7,0,0
04:27:39,root.batch1,0,0
04:27:39,root.batch4,0,0
04:27:39,root.batch5,0,0
04:27:39,root.batch2,0,0
04:27:39,root.batch3,0,0
04:27:39,root.bursty1,102,621568
04:27:39,root.bursty0,136,830464
04:27:39,root.bursty2,162,959488
04:27:39,root.batch0,3,-1024
04:27:40,root.default,0,0
04:27:40,root.batch6,0,0
04:27:40,root.batch7,0,0
04:27:40,root.batch1,0,0
04:27:40,root.batch4,0,0
04:27:40,root.batch5,0,0
04:27:40,root.batch2,0,0
04:27:40,root.batch3,0,0
04:27:40,root.bursty1,105,640000
04:27:40,root.bursty0,136,830464
04:27:40,root.bursty2,166,984064
04:27:40,root.batch0,3,-1024
04:27:41,root.default,0,0
04:27:41,root.batch6,0,0
04:27:41,root.batch7,0,0
04:27:41,root.batch1,0,0
04:27:41,root.batch4,0,0
04:27:41,root.batch5,0,0
04:27:41,root.batch2,0,0
04:27:41,root.batch3,0,0
04:27:41,root.bursty1,101,615424
04:27:41,root.bursty0,137,836608
04:27:41,root.bursty2,167,990208
04:27:41,root.batch0,3,-1024
04:27:42,root.default,0,0
04:27:42,root.batch6,0,0
04:27:42,root.batch7,0,0
04:27:42,root.batch1,0,0
04:27:42,root.batch4,0,0
04:27:42,root.batch5,0,0
04:27:42,root.batch2,0,0
04:27:42,root.batch3,0,0
04:27:42,root.bursty1,83,504832
04:27:42,root.bursty0,137,836608
04:27:42,root.bursty2,167,990208
04:27:42,root.batch0,3,-1024
04:27:43,root.default,0,0
04:27:43,root.batch6,0,0
04:27:43,root.batch7,0,0
04:27:43,root.batch1,0,0
04:27:43,root.batch4,0,0
04:27:43,root.batch5,0,0
04:27:43,root.batch2,0,0
04:27:43,root.batch3,0,0
04:27:43,root.bursty1,72,437248
04:27:43,root.bursty0,139,848896
04:27:43,root.bursty2,169,1002496
04:27:43,root.batch0,3,-1024
04:27:44,root.default,0,0
04:27:44,root.batch6,0,0
04:27:44,root.batch7,0,0
04:27:44,root.batch1,0,0
04:27:44,root.batch4,0,0
04:27:44,root.batch5,0,0
04:27:44,root.batch2,0,0
04:27:44,root.batch3,0,0
04:27:44,root.bursty1,76,461824
04:27:44,root.bursty0,141,861184
04:27:44,root.bursty2,169,1002496
04:27:44,root.batch0,3,-1024
04:27:45,root.default,0,0
04:27:45,root.batch6,0,0
04:27:45,root.batch7,0,0
04:27:45,root.batch1,0,0
04:27:45,root.batch4,0,0
04:27:45,root.batch5,0,0
04:27:45,root.batch2,0,0
04:27:45,root.batch3,0,0
04:27:45,root.bursty1,86,523264
04:27:45,root.bursty0,141,861184
04:27:45,root.bursty2,165,977920
04:27:45,root.batch0,3,-1024
04:27:46,root.default,0,0
04:27:46,root.batch6,0,0
04:27:46,root.batch7,0,0
04:27:46,root.batch1,0,0
04:27:46,root.batch4,0,0
04:27:46,root.batch5,0,0
04:27:46,root.batch2,0,0
04:27:46,root.batch3,0,0
04:27:46,root.bursty1,106,646144
04:27:46,root.bursty0,141,861184
04:27:46,root.bursty2,156,922624
04:27:46,root.batch0,3,-1024
04:27:47,root.default,0,0
04:27:47,root.batch6,0,0
04:27:47,root.batch7,0,0
04:27:47,root.batch1,0,0
04:27:47,root.batch4,0,0
04:27:47,root.batch5,0,0
04:27:47,root.batch2,0,0
04:27:47,root.batch3,0,0
04:27:47,root.bursty1,113,689152
04:27:47,root.bursty0,141,861184
04:27:47,root.bursty2,155,916480
04:27:47,root.batch0,3,-1024
04:27:48,root.default,0,0
04:27:48,root.batch6,0,0
04:27:48,root.batch7,0,0
04:27:48,root.batch1,0,0
04:27:48,root.batch4,0,0
04:27:48,root.batch5,0,0
04:27:48,root.batch2,0,0
04:27:48,root.batch3,0,0
04:27:48,root.bursty1,113,689152
04:27:48,root.bursty0,141,861184
04:27:48,root.bursty2,155,916480
04:27:48,root.batch0,3,-1024
04:27:49,root.default,0,0
04:27:49,root.batch6,0,0
04:27:49,root.batch7,0,0
04:27:49,root.batch1,0,0
04:27:49,root.batch4,0,0
04:27:49,root.batch5,0,0
04:27:49,root.batch2,0,0
04:27:49,root.batch3,0,0
04:27:49,root.bursty1,113,689152
04:27:49,root.bursty0,141,861184
04:27:49,root.bursty2,151,891904
04:27:49,root.batch0,3,-1024
04:27:50,root.default,0,0
04:27:50,root.batch6,0,0
04:27:50,root.batch7,0,0
04:27:50,root.batch1,0,0
04:27:50,root.batch4,0,0
04:27:50,root.batch5,0,0
04:27:50,root.batch2,0,0
04:27:50,root.batch3,0,0
04:27:50,root.bursty1,123,750592
04:27:50,root.bursty2,136,799744
04:27:50,root.bursty0,140,855040
04:27:50,root.batch0,3,-1024
04:27:51,root.default,0,0
04:27:51,root.batch6,0,0
04:27:51,root.batch7,0,0
04:27:51,root.batch1,0,0
04:27:51,root.batch4,0,0
04:27:51,root.batch5,0,0
04:27:51,root.batch2,0,0
04:27:51,root.batch3,0,0
04:27:51,root.bursty0,127,775168
04:27:51,root.bursty2,133,781312
04:27:51,root.bursty1,147,898048
04:27:51,root.batch0,3,-1024
04:27:52,root.default,0,0
04:27:52,root.batch6,0,0
04:27:52,root.batch7,0,0
04:27:52,root.batch1,0,0
04:27:52,root.batch4,0,0
04:27:52,root.batch5,0,0
04:27:52,root.batch2,0,0
04:27:52,root.batch3,0,0
04:27:52,root.bursty0,125,762880
04:27:52,root.bursty2,128,755712
04:27:52,root.bursty1,151,922624
04:27:52,root.batch0,3,-1024
04:27:53,root.default,0,0
04:27:53,root.batch6,0,0
04:27:53,root.batch7,0,0
04:27:53,root.batch1,0,0
04:27:53,root.batch4,0,0
04:27:53,root.batch5,0,0
04:27:53,root.batch2,0,0
04:27:53,root.batch3,0,0
04:27:53,root.bursty2,127,749568
04:27:53,root.bursty0,125,762880
04:27:53,root.bursty1,155,947200
04:27:53,root.batch0,3,-1024
04:27:54,root.default,0,0
04:27:54,root.batch6,0,0
04:27:54,root.batch7,0,0
04:27:54,root.batch1,0,0
04:27:54,root.batch4,0,0
04:27:54,root.batch5,0,0
04:27:54,root.batch2,0,0
04:27:54,root.batch3,0,0
04:27:54,root.bursty0,120,732160
04:27:54,root.bursty2,129,761856
04:27:54,root.bursty1,156,953344
04:27:54,root.batch0,3,-1024
04:27:55,root.default,0,0
04:27:55,root.batch6,0,0
04:27:55,root.batch7,0,0
04:27:55,root.batch1,0,0
04:27:55,root.batch4,0,0
04:27:55,root.batch5,0,0
04:27:55,root.batch2,0,0
04:27:55,root.batch3,0,0
04:27:55,root.bursty2,110,645120
04:27:55,root.bursty0,119,726016
04:27:55,root.bursty1,156,953344
04:27:55,root.batch0,3,-1024
04:27:56,root.default,0,0
04:27:56,root.batch6,0,0
04:27:56,root.batch7,0,0
04:27:56,root.batch1,0,0
04:27:56,root.batch4,0,0
04:27:56,root.batch5,0,0
04:27:56,root.batch2,0,0
04:27:56,root.batch3,0,0
04:27:56,root.bursty2,105,614400
04:27:56,root.bursty0,128,781312
04:27:56,root.bursty1,156,953344
04:27:56,root.batch0,3,-1024
04:27:57,root.default,0,0
04:27:57,root.batch6,0,0
04:27:57,root.batch7,0,0
04:27:57,root.batch1,0,0
04:27:57,root.batch4,0,0
04:27:57,root.batch5,0,0
04:27:57,root.batch2,0,0
04:27:57,root.batch3,0,0
04:27:57,root.bursty2,109,638976
04:27:57,root.bursty0,128,781312
04:27:57,root.bursty1,156,953344
04:27:57,root.batch0,3,-1024
04:27:58,root.default,0,0
04:27:58,root.batch6,0,0
04:27:58,root.batch7,0,0
04:27:58,root.batch1,0,0
04:27:58,root.batch4,0,0
04:27:58,root.batch5,0,0
04:27:58,root.batch2,0,0
04:27:58,root.batch3,0,0
04:27:58,root.bursty2,119,700416
04:27:58,root.bursty0,127,775168
04:27:58,root.bursty1,156,953344
04:27:58,root.batch0,3,-1024
04:27:59,root.default,0,0
04:27:59,root.batch6,0,0
04:27:59,root.batch7,0,0
04:27:59,root.batch1,0,0
04:27:59,root.batch4,0,0
04:27:59,root.batch5,0,0
04:27:59,root.batch2,0,0
04:27:59,root.batch3,0,0
04:27:59,root.bursty2,123,724992
04:27:59,root.bursty0,126,769024
04:27:59,root.bursty1,156,953344
04:27:59,root.batch0,3,-1024
04:28:00,root.default,0,0
04:28:00,root.batch6,0,0
04:28:00,root.batch7,0,0
04:28:00,root.batch1,0,0
04:28:00,root.batch4,0,0
04:28:00,root.batch5,0,0
04:28:00,root.batch2,0,0
04:28:00,root.batch3,0,0
04:28:00,root.bursty2,124,731136
04:28:00,root.bursty0,126,769024
04:28:00,root.bursty1,156,953344
04:28:00,root.batch0,3,-1024
04:28:01,root.default,0,0
04:28:01,root.batch6,0,0
04:28:01,root.batch7,0,0
04:28:01,root.batch1,0,0
04:28:01,root.batch4,0,0
04:28:01,root.batch5,0,0
04:28:01,root.batch2,0,0
04:28:01,root.batch3,0,0
04:28:01,root.bursty2,126,743424
04:28:01,root.bursty0,126,769024
04:28:01,root.bursty1,156,953344
04:28:01,root.batch0,3,-1024
04:28:02,root.default,0,0
04:28:02,root.batch6,0,0
04:28:02,root.batch7,0,0
04:28:02,root.batch1,0,0
04:28:02,root.batch4,0,0
04:28:02,root.batch5,0,0
04:28:02,root.batch2,0,0
04:28:02,root.batch3,0,0
04:28:02,root.bursty2,127,749568
04:28:02,root.bursty0,125,762880
04:28:02,root.bursty1,156,953344
04:28:02,root.batch0,3,-1024
04:28:03,root.default,0,0
04:28:03,root.batch6,0,0
04:28:03,root.batch7,0,0
04:28:03,root.batch1,0,0
04:28:03,root.batch4,0,0
04:28:03,root.batch5,0,0
04:28:03,root.batch2,0,0
04:28:03,root.batch3,0,0
04:28:03,root.bursty2,127,749568
04:28:03,root.bursty0,125,762880
04:28:03,root.bursty1,156,953344
04:28:03,root.batch0,3,-1024
04:28:04,root.default,0,0
04:28:04,root.batch6,0,0
04:28:04,root.batch7,0,0
04:28:04,root.batch1,0,0
04:28:04,root.batch4,0,0
04:28:04,root.batch5,0,0
04:28:04,root.batch2,0,0
04:28:04,root.batch3,0,0
04:28:04,root.bursty2,127,749568
04:28:04,root.bursty0,125,762880
04:28:04,root.bursty1,156,953344
04:28:04,root.batch0,3,-1024
04:28:05,root.default,0,0
04:28:05,root.batch6,0,0
04:28:05,root.batch7,0,0
04:28:05,root.batch1,0,0
04:28:05,root.batch4,0,0
04:28:05,root.batch5,0,0
04:28:05,root.batch2,0,0
04:28:05,root.batch3,0,0
04:28:05,root.bursty2,127,749568
04:28:05,root.bursty0,125,762880
04:28:05,root.bursty1,156,953344
04:28:05,root.batch0,3,-1024
04:28:06,root.default,0,0
04:28:06,root.batch6,0,0
04:28:06,root.batch7,0,0
04:28:06,root.batch1,0,0
04:28:06,root.batch4,0,0
04:28:06,root.batch5,0,0
04:28:06,root.batch2,0,0
04:28:06,root.batch3,0,0
04:28:06,root.bursty2,127,749568
04:28:06,root.bursty0,125,762880
04:28:06,root.bursty1,156,953344
04:28:06,root.batch0,3,-1024
04:28:08,root.default,0,0
04:28:08,root.batch6,0,0
04:28:08,root.batch7,0,0
04:28:08,root.batch1,0,0
04:28:08,root.batch4,0,0
04:28:08,root.batch5,0,0
04:28:08,root.batch2,0,0
04:28:08,root.batch3,0,0
04:28:08,root.bursty2,126,743424
04:28:08,root.bursty0,121,738304
04:28:08,root.bursty1,156,953344
04:28:08,root.batch0,3,-1024
04:28:09,root.default,0,0
04:28:09,root.batch6,0,0
04:28:09,root.batch7,0,0
04:28:09,root.batch1,0,0
04:28:09,root.batch4,0,0
04:28:09,root.batch5,0,0
04:28:09,root.batch2,0,0
04:28:09,root.batch3,0,0
04:28:09,root.bursty2,127,749568
04:28:09,root.bursty0,120,732160
04:28:09,root.bursty1,156,953344
04:28:09,root.batch0,3,-1024
04:28:10,root.default,0,0
04:28:10,root.batch6,0,0
04:28:10,root.batch7,0,0
04:28:10,root.batch1,0,0
04:28:10,root.batch4,0,0
04:28:10,root.batch5,0,0
04:28:10,root.batch2,0,0
04:28:10,root.batch3,0,0
04:28:10,root.bursty0,119,726016
04:28:10,root.bursty2,132,780288
04:28:10,root.bursty1,151,922624
04:28:10,root.batch0,3,-1024
04:28:11,root.default,0,0
04:28:11,root.batch6,0,0
04:28:11,root.batch7,0,0
04:28:11,root.batch1,0,0
04:28:11,root.batch4,0,0
04:28:11,root.batch5,0,0
04:28:11,root.batch2,0,0
04:28:11,root.batch3,0,0
04:28:11,root.bursty0,124,756736
04:28:11,root.bursty2,133,786432
04:28:11,root.bursty1,151,922624
04:28:11,root.batch0,3,-1024
04:28:12,root.default,0,0
04:28:12,root.batch6,0,0
04:28:12,root.batch7,0,0
04:28:12,root.batch1,0,0
04:28:12,root.batch4,0,0
04:28:12,root.batch5,0,0
04:28:12,root.batch2,0,0
04:28:12,root.batch3,0,0
04:28:12,root.bursty0,124,756736
04:28:12,root.bursty2,133,786432
04:28:12,root.bursty1,147,898048
04:28:12,root.batch0,3,-1024
04:28:13,root.default,0,0
04:28:13,root.batch6,0,0
04:28:13,root.batch7,0,0
04:28:13,root.batch1,0,0
04:28:13,root.batch4,0,0
04:28:13,root.batch5,0,0
04:28:13,root.batch2,0,0
04:28:13,root.batch3,0,0
04:28:13,root.bursty0,126,769024
04:28:13,root.bursty2,134,792576
04:28:13,root.bursty1,128,781312
04:28:13,root.batch0,3,-1024
04:28:14,root.default,0,0
04:28:14,root.batch6,0,0
04:28:14,root.batch7,0,0
04:28:14,root.batch1,0,0
04:28:14,root.batch4,0,0
04:28:14,root.batch5,0,0
04:28:14,root.batch2,0,0
04:28:14,root.batch3,0,0
04:28:14,root.bursty1,101,615424
04:28:14,root.bursty2,138,817152
04:28:14,root.bursty0,139,848896
04:28:14,root.batch0,3,-1024
04:28:15,root.default,0,0
04:28:15,root.batch6,0,0
04:28:15,root.batch7,0,0
04:28:15,root.batch1,0,0
04:28:15,root.batch4,0,0
04:28:15,root.batch5,0,0
04:28:15,root.batch2,0,0
04:28:15,root.batch3,0,0
04:28:15,root.bursty1,94,572416
04:28:15,root.bursty2,144,854016
04:28:15,root.bursty0,145,885760
04:28:15,root.batch0,3,-1024
04:28:16,root.default,0,0
04:28:16,root.batch6,0,0
04:28:16,root.batch7,0,0
04:28:16,root.batch1,0,0
04:28:16,root.batch4,0,0
04:28:16,root.batch5,0,0
04:28:16,root.batch2,0,0
04:28:16,root.batch3,0,0
04:28:16,root.bursty1,94,572416
04:28:16,root.bursty2,145,860160
04:28:16,root.bursty0,147,898048
04:28:16,root.batch0,3,-1024
04:28:17,root.default,0,0
04:28:17,root.batch6,0,0
04:28:17,root.batch7,0,0
04:28:17,root.batch1,0,0
04:28:17,root.batch4,0,0
04:28:17,root.batch5,0,0
04:28:17,root.batch2,0,0
04:28:17,root.batch3,0,0
04:28:17,root.bursty1,110,670720
04:28:17,root.bursty2,145,860160
04:28:17,root.bursty0,147,898048
04:28:17,root.batch0,3,-1024
04:28:18,root.default,0,0
04:28:18,root.batch6,0,0
04:28:18,root.batch7,0,0
04:28:18,root.batch1,0,0
04:28:18,root.batch4,0,0
04:28:18,root.batch5,0,0
04:28:18,root.batch2,0,0
04:28:18,root.batch3,0,0
04:28:18,root.bursty1,116,707584
04:28:18,root.bursty2,145,860160
04:28:18,root.bursty0,147,898048
04:28:18,root.batch0,3,-1024
04:28:19,root.default,0,0
04:28:19,root.batch6,0,0
04:28:19,root.batch7,0,0
04:28:19,root.batch1,0,0
04:28:19,root.batch4,0,0
04:28:19,root.batch5,0,0
04:28:19,root.batch2,0,0
04:28:19,root.batch3,0,0
04:28:19,root.bursty1,116,707584
04:28:19,root.bursty2,145,860160
04:28:19,root.bursty0,147,898048
04:28:19,root.batch0,3,-1024
04:28:20,root.default,0,0
04:28:20,root.batch6,0,0
04:28:20,root.batch7,0,0
04:28:20,root.batch1,0,0
04:28:20,root.batch4,0,0
04:28:20,root.batch5,0,0
04:28:20,root.batch2,0,0
04:28:20,root.batch3,0,0
04:28:20,root.bursty1,111,676864
04:28:20,root.bursty2,145,860160
04:28:20,root.bursty0,147,898048
04:28:20,root.batch0,3,-1024
04:28:21,root.default,0,0
04:28:21,root.batch6,0,0
04:28:21,root.batch7,0,0
04:28:21,root.batch1,0,0
04:28:21,root.batch4,0,0
04:28:21,root.batch5,0,0
04:28:21,root.batch2,0,0
04:28:21,root.batch3,0,0
04:28:21,root.bursty1,98,596992
04:28:21,root.bursty0,139,848896
04:28:21,root.bursty2,145,860160
04:28:21,root.batch0,3,-1024
04:28:22,root.default,0,0
04:28:22,root.batch6,0,0
04:28:22,root.batch7,0,0
04:28:22,root.batch1,0,0
04:28:22,root.batch4,0,0
04:28:22,root.batch5,0,0
04:28:22,root.batch2,0,0
04:28:22,root.batch3,0,0
04:28:22,root.bursty0,117,713728
04:28:22,root.bursty1,122,744448
04:28:22,root.bursty2,144,854016
04:28:22,root.batch0,3,-1024
04:28:23,root.default,0,0
04:28:23,root.batch6,0,0
04:28:23,root.batch7,0,0
04:28:23,root.batch1,0,0
04:28:23,root.batch4,0,0
04:28:23,root.batch5,0,0
04:28:23,root.batch2,0,0
04:28:23,root.batch3,0,0
04:28:23,root.bursty0,123,750592
04:28:23,root.bursty1,131,799744
04:28:23,root.bursty2,143,847872
04:28:23,root.batch0,3,-1024
04:28:24,root.default,0,0
04:28:24,root.batch6,0,0
04:28:24,root.batch7,0,0
04:28:24,root.batch1,0,0
04:28:24,root.batch4,0,0
04:28:24,root.batch5,0,0
04:28:24,root.batch2,0,0
04:28:24,root.batch3,0,0
04:28:24,root.bursty1,138,744448
04:28:24,root.bursty0,122,744448
04:28:24,root.bursty2,142,841728
04:28:24,root.batch0,3,-1024
04:28:25,root.default,0,0
04:28:25,root.batch6,0,0
04:28:25,root.batch7,0,0
04:28:25,root.batch1,0,0
04:28:25,root.batch4,0,0
04:28:25,root.batch5,0,0
04:28:25,root.batch2,0,0
04:28:25,root.batch3,0,0
04:28:25,root.bursty0,128,781312
04:28:25,root.bursty1,164,789504
04:28:25,root.bursty2,135,798720
04:28:25,root.batch0,3,-1024
04:28:26,root.default,0,0
04:28:26,root.batch6,0,0
04:28:26,root.batch7,0,0
04:28:26,root.batch1,0,0
04:28:26,root.batch4,0,0
04:28:26,root.batch5,0,0
04:28:26,root.batch2,0,0
04:28:26,root.batch3,0,0
04:28:26,root.bursty0,116,707584
04:28:26,root.bursty2,140,829440
04:28:26,root.bursty1,188,838656
04:28:26,root.batch0,3,-1024
04:28:27,root.default,0,0
04:28:27,root.batch6,0,0
04:28:27,root.batch7,0,0
04:28:27,root.batch1,0,0
04:28:27,root.batch4,0,0
04:28:27,root.batch5,0,0
04:28:27,root.batch2,0,0
04:28:27,root.batch3,0,0
04:28:27,root.bursty2,133,786432
04:28:27,root.bursty0,129,787456
04:28:27,root.bursty1,188,838656
04:28:27,root.batch0,3,-1024
04:28:28,root.default,0,0
04:28:28,root.batch6,0,0
04:28:28,root.batch7,0,0
04:28:28,root.batch1,0,0
04:28:28,root.batch4,0,0
04:28:28,root.batch5,0,0
04:28:28,root.batch2,0,0
04:28:28,root.batch3,0,0
04:28:28,root.bursty2,126,743424
04:28:28,root.bursty0,137,836608
04:28:28,root.bursty1,188,838656
04:28:28,root.batch0,3,-1024
04:28:29,root.default,0,0
04:28:29,root.batch6,0,0
04:28:29,root.batch7,0,0
04:28:29,root.batch1,0,0
04:28:29,root.batch4,0,0
04:28:29,root.batch5,0,0
04:28:29,root.batch2,0,0
04:28:29,root.batch3,0,0
04:28:29,root.bursty2,132,780288
04:28:29,root.bursty1,188,838656
04:28:29,root.bursty0,138,842752
04:28:29,root.batch0,3,-1024
04:28:30,root.default,0,0
04:28:30,root.batch6,0,0
04:28:30,root.batch7,0,0
04:28:30,root.batch1,0,0
04:28:30,root.batch4,0,0
04:28:30,root.batch5,0,0
04:28:30,root.batch2,0,0
04:28:30,root.batch3,0,0
04:28:30,root.bursty2,134,792576
04:28:30,root.bursty1,188,838656
04:28:30,root.bursty0,138,842752
04:28:30,root.batch0,3,-1024
04:28:31,root.default,0,0
04:28:31,root.batch6,0,0
04:28:31,root.batch7,0,0
04:28:31,root.batch1,0,0
04:28:31,root.batch4,0,0
04:28:31,root.batch5,0,0
04:28:31,root.batch2,0,0
04:28:31,root.batch3,0,0
04:28:31,root.bursty2,140,829440
04:28:31,root.bursty1,186,834560
04:28:31,root.bursty0,138,842752
04:28:31,root.batch0,3,-1024
04:28:32,root.default,0,0
04:28:32,root.batch6,0,0
04:28:32,root.batch7,0,0
04:28:32,root.batch1,0,0
04:28:32,root.batch4,0,0
04:28:32,root.batch5,0,0
04:28:32,root.batch2,0,0
04:28:32,root.batch3,0,0
04:28:32,root.bursty1,156,773120
04:28:32,root.bursty2,143,847872
04:28:32,root.bursty0,139,848896
04:28:32,root.batch0,3,-1024
04:28:33,root.default,0,0
04:28:33,root.batch6,0,0
04:28:33,root.batch7,0,0
04:28:33,root.batch1,0,0
04:28:33,root.batch4,0,0
04:28:33,root.batch5,0,0
04:28:33,root.batch2,0,0
04:28:33,root.batch3,0,0
04:28:33,root.bursty1,144,748544
04:28:33,root.bursty0,139,848896
04:28:33,root.bursty2,149,884736
04:28:33,root.batch0,3,-1024
04:28:34,root.default,0,0
04:28:34,root.batch6,0,0
04:28:34,root.batch7,0,0
04:28:34,root.batch1,0,0
04:28:34,root.batch4,0,0
04:28:34,root.batch5,0,0
04:28:34,root.batch2,0,0
04:28:34,root.batch3,0,0
04:28:34,root.bursty1,140,740352
04:28:34,root.bursty0,139,848896
04:28:34,root.bursty2,152,903168
04:28:34,root.batch0,3,-1024
04:28:35,root.default,0,0
04:28:35,root.batch6,0,0
04:28:35,root.batch7,0,0
04:28:35,root.batch1,0,0
04:28:35,root.batch4,0,0
04:28:35,root.batch5,0,0
04:28:35,root.batch2,0,0
04:28:35,root.batch3,0,0
04:28:35,root.bursty1,142,744448
04:28:35,root.bursty0,139,848896
04:28:35,root.bursty2,152,903168
04:28:35,root.batch0,3,-1024
04:28:36,root.default,0,0
04:28:36,root.batch6,0,0
04:28:36,root.batch7,0,0
04:28:36,root.batch1,0,0
04:28:36,root.batch4,0,0
04:28:36,root.batch5,0,0
04:28:36,root.batch2,0,0
04:28:36,root.batch3,0,0
04:28:36,root.bursty1,144,748544
04:28:36,root.bursty0,139,848896
04:28:36,root.bursty2,152,903168
04:28:36,root.batch0,3,-1024
04:28:37,root.default,0,0
04:28:37,root.batch6,0,0
04:28:37,root.batch7,0,0
04:28:37,root.batch1,0,0
04:28:37,root.batch4,0,0
04:28:37,root.batch5,0,0
04:28:37,root.batch2,0,0
04:28:37,root.batch3,0,0
04:28:37,root.bursty1,144,748544
04:28:37,root.bursty0,139,848896
04:28:37,root.bursty2,152,903168
04:28:37,root.batch0,3,-1024
04:28:38,root.default,0,0
04:28:38,root.batch6,0,0
04:28:38,root.batch7,0,0
04:28:38,root.batch1,0,0
04:28:38,root.batch4,0,0
04:28:38,root.batch5,0,0
04:28:38,root.batch2,0,0
04:28:38,root.batch3,0,0
04:28:38,root.bursty1,156,773120
04:28:38,root.bursty0,139,848896
04:28:38,root.bursty2,147,872448
04:28:38,root.batch0,3,-1024
04:28:39,root.default,0,0
04:28:39,root.batch6,0,0
04:28:39,root.batch7,0,0
04:28:39,root.batch1,0,0
04:28:39,root.batch4,0,0
04:28:39,root.batch5,0,0
04:28:39,root.batch2,0,0
04:28:39,root.batch3,0,0
04:28:39,root.bursty1,172,805888
04:28:39,root.bursty2,139,823296
04:28:39,root.bursty0,139,848896
04:28:39,root.batch0,3,-1024
04:28:40,root.default,0,0
04:28:40,root.batch6,0,0
04:28:40,root.batch7,0,0
04:28:40,root.batch1,0,0
04:28:40,root.batch4,0,0
04:28:40,root.batch5,0,0
04:28:40,root.batch2,0,0
04:28:40,root.batch3,0,0
04:28:40,root.bursty0,134,818176
04:28:40,root.bursty1,178,818176
04:28:40,root.bursty2,140,829440
04:28:40,root.batch0,3,-1024
04:28:41,root.default,0,0
04:28:41,root.batch6,0,0
04:28:41,root.batch7,0,0
04:28:41,root.batch1,0,0
04:28:41,root.batch4,0,0
04:28:41,root.batch5,0,0
04:28:41,root.batch2,0,0
04:28:41,root.batch3,0,0
04:28:41,root.bursty2,140,829440
04:28:41,root.bursty1,186,834560
04:28:41,root.bursty0,137,836608
04:28:41,root.batch0,3,-1024
04:28:42,root.default,0,0
04:28:42,root.batch6,0,0
04:28:42,root.batch7,0,0
04:28:42,root.batch1,0,0
04:28:42,root.batch4,0,0
04:28:42,root.batch5,0,0
04:28:42,root.batch2,0,0
04:28:42,root.batch3,0,0
04:28:42,root.bursty0,134,818176
04:28:42,root.bursty1,182,826368
04:28:42,root.bursty2,144,854016
04:28:42,root.batch0,3,-1024
04:28:43,root.default,0,0
04:28:43,root.batch6,0,0
04:28:43,root.batch7,0,0
04:28:43,root.batch1,0,0
04:28:43,root.batch4,0,0
04:28:43,root.batch5,0,0
04:28:43,root.batch2,0,0
04:28:43,root.batch3,0,0
04:28:43,root.bursty0,125,762880
04:28:43,root.bursty1,170,796672
04:28:43,root.bursty2,150,890880
04:28:43,root.batch0,3,-1024
04:28:44,root.default,0,0
04:28:44,root.batch6,0,0
04:28:44,root.batch7,0,0
04:28:44,root.batch1,0,0
04:28:44,root.batch4,0,0
04:28:44,root.batch5,0,0
04:28:44,root.batch2,0,0
04:28:44,root.batch3,0,0
04:28:44,root.bursty1,150,681984
04:28:44,root.bursty0,136,830464
04:28:44,root.bursty2,155,921600
04:28:44,root.batch0,3,-1024
04:28:45,root.default,0,0
04:28:45,root.batch6,0,0
04:28:45,root.batch7,0,0
04:28:45,root.batch1,0,0
04:28:45,root.batch4,0,0
04:28:45,root.batch5,0,0
04:28:45,root.batch2,0,0
04:28:45,root.batch3,0,0
04:28:45,root.bursty1,110,501760
04:28:45,root.bursty2,158,940032
04:28:45,root.bursty0,157,959488
04:28:45,root.batch0,3,-1024
04:28:46,root.default,0,0
04:28:46,root.batch6,0,0
04:28:46,root.batch7,0,0
04:28:46,root.batch1,0,0
04:28:46,root.batch4,0,0
04:28:46,root.batch5,0,0
04:28:46,root.batch2,0,0
04:28:46,root.batch3,0,0
04:28:46,root.bursty1,72,333824
04:28:46,root.bursty2,175,1044480
04:28:46,root.bursty0,169,1033216
04:28:46,root.batch0,3,-1024
04:28:47,root.default,0,0
04:28:47,root.batch6,0,0
04:28:47,root.batch7,0,0
04:28:47,root.batch1,0,0
04:28:47,root.batch4,0,0
04:28:47,root.batch5,0,0
04:28:47,root.batch2,0,0
04:28:47,root.batch3,0,0
04:28:47,root.bursty1,43,245760
04:28:47,root.bursty2,183,1093632
04:28:47,root.bursty0,179,1094656
04:28:47,root.batch0,3,-1024
04:28:48,root.default,0,0
04:28:48,root.batch6,0,0
04:28:48,root.batch7,0,0
04:28:48,root.batch1,0,0
04:28:48,root.batch4,0,0
04:28:48,root.batch5,0,0
04:28:48,root.batch2,0,0
04:28:48,root.batch3,0,0
04:28:48,root.bursty1,41,241664
04:28:48,root.bursty2,186,1112064
04:28:48,root.bursty0,182,1113088
04:28:48,root.batch0,3,-1024
04:28:49,root.default,0,0
04:28:49,root.batch6,0,0
04:28:49,root.batch7,0,0
04:28:49,root.batch1,0,0
04:28:49,root.batch4,0,0
04:28:49,root.batch5,0,0
04:28:49,root.batch2,0,0
04:28:49,root.batch3,0,0
04:28:49,root.bursty1,41,241664
04:28:49,root.bursty2,186,1112064
04:28:49,root.bursty0,182,1113088
04:28:49,root.batch0,3,-1024
04:28:50,root.default,0,0
04:28:50,root.batch6,0,0
04:28:50,root.batch7,0,0
04:28:50,root.batch1,0,0
04:28:50,root.batch4,0,0
04:28:50,root.batch5,0,0
04:28:50,root.batch2,0,0
04:28:50,root.batch3,0,0
04:28:50,root.bursty1,31,180224
04:28:50,root.bursty0,184,1125376
04:28:50,root.bursty2,193,1155072
04:28:50,root.batch0,3,-1024
04:28:51,root.default,0,0
04:28:51,root.batch6,0,0
04:28:51,root.batch7,0,0
04:28:51,root.batch1,0,0
04:28:51,root.batch4,0,0
04:28:51,root.batch5,0,0
04:28:51,root.batch2,0,0
04:28:51,root.batch3,0,0
04:28:51,root.bursty1,3,8192
04:28:51,root.bursty2,201,1196032
04:28:51,root.bursty0,196,1199104
04:28:51,root.batch0,3,-1024
04:28:52,root.default,0,0
04:28:52,root.batch6,0,0
04:28:52,root.batch7,0,0
04:28:52,root.batch1,0,0
04:28:52,root.batch4,0,0
04:28:52,root.batch5,0,0
04:28:52,root.batch2,0,0
04:28:52,root.batch3,0,0
04:28:52,root.bursty1,2,2048
04:28:52,root.bursty0,206,1154048
04:28:52,root.bursty2,222,1251328
04:28:52,root.batch0,3,-1024
04:28:53,root.default,0,0
04:28:53,root.batch6,0,0
04:28:53,root.batch7,0,0
04:28:53,root.batch1,0,0
04:28:53,root.batch4,0,0
04:28:53,root.batch5,0,0
04:28:53,root.batch2,0,0
04:28:53,root.batch3,0,0
04:28:53,root.bursty1,2,2048
04:28:53,root.bursty0,245,1229824
04:28:53,root.bursty2,224,1255424
04:28:53,root.batch0,3,-1024
04:28:54,root.default,0,0
04:28:54,root.batch6,0,0
04:28:54,root.batch7,0,0
04:28:54,root.batch1,0,0
04:28:54,root.batch4,0,0
04:28:54,root.batch5,0,0
04:28:54,root.batch2,0,0
04:28:54,root.batch3,0,0
04:28:54,root.bursty1,2,2048
04:28:54,root.bursty0,250,1121280
04:28:54,root.bursty2,233,1261568
04:28:54,root.batch0,3,-1024
04:28:55,root.default,0,0
04:28:55,root.batch6,0,0
04:28:55,root.batch7,0,0
04:28:55,root.batch1,0,0
04:28:55,root.batch4,0,0
04:28:55,root.batch5,0,0
04:28:55,root.batch2,0,0
04:28:55,root.batch3,0,0
04:28:55,root.bursty1,2,2048
04:28:55,root.bursty0,291,1143808
04:28:55,root.bursty2,238,1267712
04:28:55,root.batch0,3,-1024
04:28:56,root.default,0,0
04:28:56,root.batch6,0,0
04:28:56,root.batch7,0,0
04:28:56,root.batch1,0,0
04:28:56,root.batch4,0,0
04:28:56,root.batch5,0,0
04:28:56,root.batch2,0,0
04:28:56,root.batch3,0,0
04:28:56,root.bursty1,16,88064
04:28:56,root.bursty0,291,1070080
04:28:56,root.bursty2,237,1245184
04:28:56,root.batch0,3,-1024
04:28:57,root.default,0,0
04:28:57,root.batch6,0,0
04:28:57,root.batch7,0,0
04:28:57,root.batch1,0,0
04:28:57,root.batch4,0,0
04:28:57,root.batch5,0,0
04:28:57,root.batch2,0,0
04:28:57,root.batch3,0,0
04:28:57,root.bursty1,51,303104
04:28:57,root.bursty0,278,982016
04:28:57,root.bursty2,222,1153024
04:28:57,root.batch0,3,-1024
04:28:58,root.default,0,0
04:28:58,root.batch6,0,0
04:28:58,root.batch7,0,0
04:28:58,root.batch1,0,0
04:28:58,root.batch4,0,0
04:28:58,root.batch5,0,0
04:28:58,root.batch2,0,0
04:28:58,root.batch3,0,0
04:28:58,root.bursty1,88,535552
04:28:58,root.bursty0,243,881664
04:28:58,root.bursty2,186,1013760
04:28:58,root.batch0,3,-1024
04:28:59,root.default,0,0
04:28:59,root.batch6,0,0
04:28:59,root.batch7,0,0
04:28:59,root.batch1,0,0
04:28:59,root.batch4,0,0
04:28:59,root.batch5,0,0
04:28:59,root.batch2,0,0
04:28:59,root.batch3,0,0
04:28:59,root.bursty1,119,726016
04:28:59,root.bursty0,221,828416
04:28:59,root.bursty2,166,899072
04:28:59,root.batch0,3,-1024
04:29:00,root.default,0,0
04:29:00,root.batch6,0,0
04:29:00,root.batch7,0,0
04:29:00,root.batch1,0,0
04:29:00,root.batch4,0,0
04:29:00,root.batch5,0,0
04:29:00,root.batch2,0,0
04:29:00,root.batch3,0,0
04:29:00,root.bursty0,169,705536
04:29:00,root.bursty2,174,858112
04:29:00,root.bursty1,142,867328
04:29:00,root.batch0,3,-1024
04:29:01,root.default,0,0
04:29:01,root.batch6,0,0
04:29:01,root.batch7,0,0
04:29:01,root.batch1,0,0
04:29:01,root.batch4,0,0
04:29:01,root.batch5,0,0
04:29:01,root.batch2,0,0
04:29:01,root.batch3,0,0
04:29:01,root.bursty0,129,623616
04:29:01,root.bursty2,220,911360
04:29:01,root.bursty1,150,916480
04:29:01,root.batch0,3,-1024
04:29:02,root.default,0,0
04:29:02,root.batch6,0,0
04:29:02,root.batch7,0,0
04:29:02,root.batch1,0,0
04:29:02,root.batch4,0,0
04:29:02,root.batch5,0,0
04:29:02,root.batch2,0,0
04:29:02,root.batch3,0,0
04:29:02,root.bursty0,103,570368
04:29:02,root.bursty1,154,941056
04:29:02,root.bursty2,258,948224
04:29:02,root.batch0,3,-1024
04:29:03,root.default,0,0
04:29:03,root.batch6,0,0
04:29:03,root.batch7,0,0
04:29:03,root.batch1,0,0
04:29:03,root.batch4,0,0
04:29:03,root.batch5,0,0
04:29:03,root.batch2,0,0
04:29:03,root.batch3,0,0
04:29:03,root.bursty0,91,545792
04:29:03,root.bursty2,281,974848
04:29:03,root.bursty1,160,977920
04:29:03,root.batch0,3,-1024
04:29:05,root.default,0,0
04:29:05,root.batch6,0,0
04:29:05,root.batch7,0,0
04:29:05,root.batch1,0,0
04:29:05,root.batch4,0,0
04:29:05,root.batch5,0,0
04:29:05,root.batch2,0,0
04:29:05,root.batch3,0,0
04:29:05,root.bursty0,89,541696
04:29:05,root.bursty2,253,942080
04:29:05,root.bursty1,169,1033216
04:29:05,root.batch0,3,-1024
04:29:06,root.default,0,0
04:29:06,root.batch6,0,0
04:29:06,root.batch7,0,0
04:29:06,root.batch1,0,0
04:29:06,root.batch4,0,0
04:29:06,root.batch5,0,0
04:29:06,root.batch2,0,0
04:29:06,root.batch3,0,0
04:29:06,root.bursty0,89,541696
04:29:06,root.bursty2,235,937984
04:29:06,root.bursty1,169,1033216
04:29:06,root.batch0,3,-1024
04:29:07,root.default,0,0
04:29:07,root.batch6,0,0
04:29:07,root.batch7,0,0
04:29:07,root.batch1,0,0
04:29:07,root.batch4,0,0
04:29:07,root.batch5,0,0
04:29:07,root.batch2,0,0
04:29:07,root.batch3,0,0
04:29:07,root.bursty0,89,541696
04:29:07,root.bursty2,238,956416
04:29:07,root.bursty1,169,1033216
04:29:07,root.batch0,3,-1024
04:29:08,root.default,0,0
04:29:08,root.batch6,0,0
04:29:08,root.batch7,0,0
04:29:08,root.batch1,0,0
04:29:08,root.batch4,0,0
04:29:08,root.batch5,0,0
04:29:08,root.batch2,0,0
04:29:08,root.batch3,0,0
04:29:08,root.bursty0,89,541696
04:29:08,root.bursty2,238,956416
04:29:08,root.bursty1,169,1033216
04:29:08,root.batch0,3,-1024
04:29:09,root.default,0,0
04:29:09,root.batch6,0,0
04:29:09,root.batch7,0,0
04:29:09,root.batch1,0,0
04:29:09,root.batch4,0,0
04:29:09,root.batch5,0,0
04:29:09,root.batch2,0,0
04:29:09,root.batch3,0,0
04:29:09,root.bursty0,89,541696
04:29:09,root.bursty2,227,946176
04:29:09,root.bursty1,170,1039360
04:29:09,root.batch0,3,-1024
04:29:10,root.default,0,0
04:29:10,root.batch6,0,0
04:29:10,root.batch7,0,0
04:29:10,root.batch1,0,0
04:29:10,root.batch4,0,0
04:29:10,root.batch5,0,0
04:29:10,root.batch2,0,0
04:29:10,root.batch3,0,0
04:29:10,root.bursty0,89,541696
04:29:10,root.bursty2,184,886784
04:29:10,root.bursty1,173,1057792
04:29:10,root.batch0,3,-1024
04:29:11,root.default,0,0
04:29:11,root.batch6,0,0
04:29:11,root.batch7,0,0
04:29:11,root.batch1,0,0
04:29:11,root.batch4,0,0
04:29:11,root.batch5,0,0
04:29:11,root.batch2,0,0
04:29:11,root.batch3,0,0
04:29:11,root.bursty0,87,529408
04:29:11,root.bursty2,163,872448
04:29:11,root.bursty1,173,1057792
04:29:11,root.batch0,3,-1024
04:29:12,root.default,0,0
04:29:12,root.batch6,0,0
04:29:12,root.batch7,0,0
04:29:12,root.batch1,0,0
04:29:12,root.batch4,0,0
04:29:12,root.batch5,0,0
04:29:12,root.batch2,0,0
04:29:12,root.batch3,0,0
04:29:12,root.bursty0,86,523264
04:29:12,root.bursty2,151,880640
04:29:12,root.bursty1,173,1057792
04:29:12,root.batch0,3,-1024
04:29:13,root.default,0,0
04:29:13,root.batch6,0,0
04:29:13,root.batch7,0,0
04:29:13,root.batch1,0,0
04:29:13,root.batch4,0,0
04:29:13,root.batch5,0,0
04:29:13,root.batch2,0,0
04:29:13,root.batch3,0,0
04:29:13,root.bursty0,85,517120
04:29:13,root.bursty2,148,878592
04:29:13,root.bursty1,173,1057792
04:29:13,root.batch0,3,-1024
04:29:14,root.default,0,0
04:29:14,root.batch6,0,0
04:29:14,root.batch7,0,0
04:29:14,root.batch1,0,0
04:29:14,root.batch4,0,0
04:29:14,root.batch5,0,0
04:29:14,root.batch2,0,0
04:29:14,root.batch3,0,0
04:29:14,root.bursty0,76,461824
04:29:14,root.bursty2,154,915456
04:29:14,root.bursty1,173,1057792
04:29:14,root.batch0,3,-1024
04:29:15,root.default,0,0
04:29:15,root.batch6,0,0
04:29:15,root.batch7,0,0
04:29:15,root.batch1,0,0
04:29:15,root.batch4,0,0
04:29:15,root.batch5,0,0
04:29:15,root.batch2,0,0
04:29:15,root.batch3,0,0
04:29:15,root.bursty0,53,320512
04:29:15,root.bursty2,169,1007616
04:29:15,root.bursty1,173,1057792
04:29:15,root.batch0,3,-1024
04:29:16,root.default,0,0
04:29:16,root.batch6,0,0
04:29:16,root.batch7,0,0
04:29:16,root.batch1,0,0
04:29:16,root.batch4,0,0
04:29:16,root.batch5,0,0
04:29:16,root.batch2,0,0
04:29:16,root.batch3,0,0
04:29:16,root.bursty0,32,191488
04:29:16,root.bursty1,178,1088512
04:29:16,root.bursty2,189,1130496
04:29:16,root.batch0,3,-1024
04:29:17,root.default,0,0
04:29:17,root.batch6,0,0
04:29:17,root.batch7,0,0
04:29:17,root.batch1,0,0
04:29:17,root.batch4,0,0
04:29:17,root.batch5,0,0
04:29:17,root.batch2,0,0
04:29:17,root.batch3,0,0
04:29:17,root.bursty0,22,130048
04:29:17,root.bursty2,189,1130496
04:29:17,root.bursty1,192,1174528
04:29:17,root.batch0,3,-1024
04:29:18,root.default,0,0
04:29:18,root.batch6,0,0
04:29:18,root.batch7,0,0
04:29:18,root.batch1,0,0
04:29:18,root.batch4,0,0
04:29:18,root.batch5,0,0
04:29:18,root.batch2,0,0
04:29:18,root.batch3,0,0
04:29:18,root.bursty0,14,80896
04:29:18,root.bursty2,197,1179648
04:29:18,root.bursty1,196,1199104
04:29:18,root.batch0,3,-1024
04:29:19,root.default,0,0
04:29:19,root.batch6,0,0
04:29:19,root.batch7,0,0
04:29:19,root.batch1,0,0
04:29:19,root.batch4,0,0
04:29:19,root.batch5,0,0
04:29:19,root.batch2,0,0
04:29:19,root.batch3,0,0
04:29:19,root.bursty0,14,80896
04:29:19,root.bursty2,198,1185792
04:29:19,root.bursty1,196,1199104
04:29:19,root.batch0,3,-1024
04:29:20,root.default,0,0
04:29:20,root.batch6,0,0
04:29:20,root.batch7,0,0
04:29:20,root.batch1,0,0
04:29:20,root.batch4,0,0
04:29:20,root.batch5,0,0
04:29:20,root.batch2,0,0
04:29:20,root.batch3,0,0
04:29:20,root.bursty0,13,74752
04:29:20,root.bursty2,198,1185792
04:29:20,root.bursty1,196,1199104
04:29:20,root.batch0,3,-1024
04:29:21,root.default,0,0
04:29:21,root.batch6,0,0
04:29:21,root.batch7,0,0
04:29:21,root.batch1,0,0
04:29:21,root.batch4,0,0
04:29:21,root.batch5,0,0
04:29:21,root.batch2,0,0
04:29:21,root.batch3,0,0
04:29:21,root.bursty0,12,68608
04:29:21,root.bursty2,197,1179648
04:29:21,root.bursty1,198,1211392
04:29:21,root.batch0,3,-1024
04:29:22,root.default,0,0
04:29:22,root.batch6,0,0
04:29:22,root.batch7,0,0
04:29:22,root.batch1,0,0
04:29:22,root.batch4,0,0
04:29:22,root.batch5,0,0
04:29:22,root.batch2,0,0
04:29:22,root.batch3,0,0
04:29:22,root.bursty0,1,1024
04:29:22,root.bursty2,207,1241088
04:29:22,root.bursty1,198,1211392
04:29:22,root.batch0,3,-1024
04:29:23,root.default,0,0
04:29:23,root.batch6,0,0
04:29:23,root.batch7,0,0
04:29:23,root.batch1,0,0
04:29:23,root.batch4,0,0
04:29:23,root.batch5,0,0
04:29:23,root.batch2,0,0
04:29:23,root.batch3,0,0
04:29:23,root.bursty0,1,1024
04:29:23,root.bursty1,198,1211392
04:29:23,root.bursty2,209,1253376
04:29:23,root.batch0,3,-1024
04:29:24,root.default,0,0
04:29:24,root.batch6,0,0
04:29:24,root.batch7,0,0
04:29:24,root.batch1,0,0
04:29:24,root.batch4,0,0
04:29:24,root.batch5,0,0
04:29:24,root.batch2,0,0
04:29:24,root.batch3,0,0
04:29:24,root.bursty0,1,1024
04:29:24,root.bursty1,198,1211392
04:29:24,root.bursty2,209,1253376
04:29:24,root.batch0,3,-1024
04:29:25,root.default,0,0
04:29:25,root.batch6,0,0
04:29:25,root.batch7,0,0
04:29:25,root.batch1,0,0
04:29:25,root.batch4,0,0
04:29:25,root.batch5,0,0
04:29:25,root.batch2,0,0
04:29:25,root.batch3,0,0
04:29:25,root.bursty0,1,1024
04:29:25,root.bursty1,198,1211392
04:29:25,root.bursty2,209,1253376
04:29:25,root.batch0,3,-1024
04:29:26,root.default,0,0
04:29:26,root.batch6,0,0
04:29:26,root.batch7,0,0
04:29:26,root.batch1,0,0
04:29:26,root.batch4,0,0
04:29:26,root.batch5,0,0
04:29:26,root.batch2,0,0
04:29:26,root.batch3,0,0
04:29:26,root.bursty0,1,1024
04:29:26,root.bursty1,198,1211392
04:29:26,root.bursty2,209,1253376
04:29:26,root.batch0,3,-1024
04:29:27,root.default,0,0
04:29:27,root.batch6,0,0
04:29:27,root.batch7,0,0
04:29:27,root.batch1,0,0
04:29:27,root.batch4,0,0
04:29:27,root.batch5,0,0
04:29:27,root.batch2,0,0
04:29:27,root.batch3,0,0
04:29:27,root.bursty0,1,1024
04:29:27,root.bursty1,194,1186816
04:29:27,root.bursty2,209,1253376
04:29:27,root.batch0,3,-1024
04:29:28,root.bursty0,0,0
04:29:28,root.default,0,0
04:29:28,root.batch6,0,0
04:29:28,root.batch7,0,0
04:29:28,root.batch1,0,0
04:29:28,root.batch4,0,0
04:29:28,root.batch5,0,0
04:29:28,root.batch2,0,0
04:29:28,root.batch3,0,0
04:29:28,root.bursty1,168,1027072
04:29:28,root.bursty2,219,1319936
04:29:28,root.batch0,3,-1024
04:29:29,root.bursty0,0,0
04:29:29,root.default,0,0
04:29:29,root.batch6,0,0
04:29:29,root.batch7,0,0
04:29:29,root.batch1,0,0
04:29:29,root.batch4,0,0
04:29:29,root.batch5,0,0
04:29:29,root.batch2,0,0
04:29:29,root.batch3,0,0
04:29:29,root.bursty1,162,990208
04:29:29,root.bursty2,225,1356800
04:29:29,root.batch0,3,-1024
04:29:30,root.bursty0,0,0
04:29:30,root.default,0,0
04:29:30,root.batch6,0,0
04:29:30,root.batch7,0,0
04:29:30,root.batch1,0,0
04:29:30,root.batch4,0,0
04:29:30,root.batch5,0,0
04:29:30,root.batch2,0,0
04:29:30,root.batch3,0,0
04:29:30,root.bursty1,158,965632
04:29:30,root.bursty2,229,1381376
04:29:30,root.batch0,3,-1024
04:29:31,root.bursty0,0,0
04:29:31,root.default,0,0
04:29:31,root.batch6,0,0
04:29:31,root.batch7,0,0
04:29:31,root.batch1,0,0
04:29:31,root.batch4,0,0
04:29:31,root.batch5,0,0
04:29:31,root.batch2,0,0
04:29:31,root.batch3,0,0
04:29:31,root.bursty1,155,947200
04:29:31,root.bursty2,231,1393664
04:29:31,root.batch0,3,-1024
04:29:32,root.default,0,0
04:29:32,root.batch6,0,0
04:29:32,root.batch7,0,0
04:29:32,root.batch1,0,0
04:29:32,root.batch4,0,0
04:29:32,root.batch5,0,0
04:29:32,root.batch2,0,0
04:29:32,root.batch3,0,0
04:29:32,root.bursty0,1,1024
04:29:32,root.bursty1,161,984064
04:29:32,root.bursty2,231,1393664
04:29:32,root.batch0,3,-1024
04:29:33,root.default,0,0
04:29:33,root.batch6,0,0
04:29:33,root.batch7,0,0
04:29:33,root.batch1,0,0
04:29:33,root.batch4,0,0
04:29:33,root.batch5,0,0
04:29:33,root.batch2,0,0
04:29:33,root.batch3,0,0
04:29:33,root.bursty0,1,1024
04:29:33,root.bursty1,172,1051648
04:29:33,root.bursty2,231,1393664
04:29:33,root.batch0,3,-1024
04:29:34,root.default,0,0
04:29:34,root.batch6,0,0
04:29:34,root.batch7,0,0
04:29:34,root.batch1,0,0
04:29:34,root.batch4,0,0
04:29:34,root.batch5,0,0
04:29:34,root.batch2,0,0
04:29:34,root.batch3,0,0
04:29:34,root.bursty0,1,1024
04:29:34,root.bursty1,171,1045504
04:29:34,root.bursty2,231,1393664
04:29:34,root.batch0,3,-1024
04:29:35,root.default,0,0
04:29:35,root.batch6,0,0
04:29:35,root.batch7,0,0
04:29:35,root.batch1,0,0
04:29:35,root.batch4,0,0
04:29:35,root.batch5,0,0
04:29:35,root.batch2,0,0
04:29:35,root.batch3,0,0
04:29:35,root.bursty0,1,1024
04:29:35,root.bursty1,180,1100800
04:29:35,root.bursty2,226,1362944
04:29:35,root.batch0,3,-1024
04:29:36,root.default,0,0
04:29:36,root.batch6,0,0
04:29:36,root.batch7,0,0
04:29:36,root.batch1,0,0
04:29:36,root.batch4,0,0
04:29:36,root.batch5,0,0
04:29:36,root.batch2,0,0
04:29:36,root.batch3,0,0
04:29:36,root.bursty0,1,1024
04:29:36,root.bursty1,187,1143808
04:29:36,root.bursty2,217,1307648
04:29:36,root.batch0,3,-1024
04:29:37,root.default,0,0
04:29:37,root.batch6,0,0
04:29:37,root.batch7,0,0
04:29:37,root.batch1,0,0
04:29:37,root.batch4,0,0
04:29:37,root.batch5,0,0
04:29:37,root.batch2,0,0
04:29:37,root.batch3,0,0
04:29:37,root.bursty0,1,1024
04:29:37,root.bursty1,194,1186816
04:29:37,root.bursty2,212,1276928
04:29:37,root.batch0,3,-1024
04:29:38,root.default,0,0
04:29:38,root.batch6,0,0
04:29:38,root.batch7,0,0
04:29:38,root.batch1,0,0
04:29:38,root.batch4,0,0
04:29:38,root.batch5,0,0
04:29:38,root.batch2,0,0
04:29:38,root.batch3,0,0
04:29:38,root.bursty0,1,1024
04:29:38,root.bursty1,197,1205248
04:29:38,root.bursty2,208,1252352
04:29:38,root.batch0,3,-1024
04:29:39,root.default,0,0
04:29:39,root.batch6,0,0
04:29:39,root.batch7,0,0
04:29:39,root.batch1,0,0
04:29:39,root.batch4,0,0
04:29:39,root.batch5,0,0
04:29:39,root.batch2,0,0
04:29:39,root.batch3,0,0
04:29:39,root.bursty0,1,1024
04:29:39,root.bursty2,193,1160192
04:29:39,root.bursty1,209,1278976
04:29:39,root.batch0,3,-1024
04:29:40,root.default,0,0
04:29:40,root.batch6,0,0
04:29:40,root.batch7,0,0
04:29:40,root.batch1,0,0
04:29:40,root.batch4,0,0
04:29:40,root.batch5,0,0
04:29:40,root.batch2,0,0
04:29:40,root.batch3,0,0
04:29:40,root.bursty0,1,1024
04:29:40,root.bursty2,185,1111040
04:29:40,root.bursty1,219,1340416
04:29:40,root.batch0,3,-1024
04:29:41,root.default,0,0
04:29:41,root.batch6,0,0
04:29:41,root.batch7,0,0
04:29:41,root.batch1,0,0
04:29:41,root.batch4,0,0
04:29:41,root.batch5,0,0
04:29:41,root.batch2,0,0
04:29:41,root.batch3,0,0
04:29:41,root.bursty0,1,1024
04:29:41,root.bursty2,180,1080320
04:29:41,root.bursty1,226,1383424
04:29:41,root.batch0,3,-1024
04:29:42,root.default,0,0
04:29:42,root.batch6,0,0
04:29:42,root.batch7,0,0
04:29:42,root.batch1,0,0
04:29:42,root.batch4,0,0
04:29:42,root.batch5,0,0
04:29:42,root.batch2,0,0
04:29:42,root.batch3,0,0
04:29:42,root.bursty0,1,1024
04:29:42,root.bursty2,179,1074176
04:29:42,root.bursty1,227,1389568
04:29:42,root.batch0,3,-1024
04:29:43,root.default,0,0
04:29:43,root.batch6,0,0
04:29:43,root.batch7,0,0
04:29:43,root.batch1,0,0
04:29:43,root.batch4,0,0
04:29:43,root.batch5,0,0
04:29:43,root.batch2,0,0
04:29:43,root.batch3,0,0
04:29:43,root.bursty0,2,7168
04:29:43,root.bursty2,178,1068032
04:29:43,root.bursty1,227,1389568
04:29:43,root.batch0,3,-1024
04:29:44,root.default,0,0
04:29:44,root.batch6,0,0
04:29:44,root.batch7,0,0
04:29:44,root.batch1,0,0
04:29:44,root.batch4,0,0
04:29:44,root.batch5,0,0
04:29:44,root.batch2,0,0
04:29:44,root.batch3,0,0
04:29:44,root.bursty0,4,19456
04:29:44,root.bursty2,172,1031168
04:29:44,root.bursty1,230,1408000
04:29:44,root.batch0,3,-1024
04:29:45,root.default,0,0
04:29:45,root.batch6,0,0
04:29:45,root.batch7,0,0
04:29:45,root.batch1,0,0
04:29:45,root.batch4,0,0
04:29:45,root.batch5,0,0
04:29:45,root.batch2,0,0
04:29:45,root.batch3,0,0
04:29:45,root.bursty0,22,130048
04:29:45,root.bursty2,147,877568
04:29:45,root.bursty1,227,1389568
04:29:45,root.batch0,3,-1024
04:29:46,root.default,0,0
04:29:46,root.batch6,0,0
04:29:46,root.batch7,0,0
04:29:46,root.batch1,0,0
04:29:46,root.batch4,0,0
04:29:46,root.batch5,0,0
04:29:46,root.batch2,0,0
04:29:46,root.batch3,0,0
04:29:46,root.bursty0,43,259072
04:29:46,root.bursty2,131,779264
04:29:46,root.bursty1,214,1309696
04:29:46,root.batch0,3,-1024
04:29:47,root.default,0,0
04:29:47,root.batch6,0,0
04:29:47,root.batch7,0,0
04:29:47,root.batch1,0,0
04:29:47,root.batch4,0,0
04:29:47,root.batch5,0,0
04:29:47,root.batch2,0,0
04:29:47,root.batch3,0,0
04:29:47,root.bursty0,71,431104
04:29:47,root.bursty2,120,711680
04:29:47,root.bursty1,208,1272832
04:29:47,root.batch0,3,-1024
04:29:48,root.default,0,0
04:29:48,root.batch6,0,0
04:29:48,root.batch7,0,0
04:29:48,root.batch1,0,0
04:29:48,root.batch4,0,0
04:29:48,root.batch5,0,0
04:29:48,root.batch2,0,0
04:29:48,root.batch3,0,0
04:29:48,root.bursty0,84,510976
04:29:48,root.bursty2,110,650240
04:29:48,root.bursty1,208,1272832
04:29:48,root.batch0,3,-1024
04:29:49,root.default,0,0
04:29:49,root.batch6,0,0
04:29:49,root.batch7,0,0
04:29:49,root.batch1,0,0
04:29:49,root.batch4,0,0
04:29:49,root.batch5,0,0
04:29:49,root.batch2,0,0
04:29:49,root.batch3,0,0
04:29:49,root.bursty0,93,566272
04:29:49,root.bursty2,106,625664
04:29:49,root.bursty1,208,1272832
04:29:49,root.batch0,3,-1024
04:29:50,root.default,0,0
04:29:50,root.batch6,0,0
04:29:50,root.batch7,0,0
04:29:50,root.batch1,0,0
04:29:50,root.batch4,0,0
04:29:50,root.batch5,0,0
04:29:50,root.batch2,0,0
04:29:50,root.batch3,0,0
04:29:50,root.bursty0,98,596992
04:29:50,root.bursty2,103,607232
04:29:50,root.bursty1,206,1260544
04:29:50,root.batch0,3,-1024
04:29:51,root.default,0,0
04:29:51,root.batch6,0,0
04:29:51,root.batch7,0,0
04:29:51,root.batch1,0,0
04:29:51,root.batch4,0,0
04:29:51,root.batch5,0,0
04:29:51,root.batch2,0,0
04:29:51,root.batch3,0,0
04:29:51,root.bursty2,94,551936
04:29:51,root.bursty0,107,652288
04:29:51,root.bursty1,206,1260544
04:29:51,root.batch0,3,-1024
04:29:52,root.default,0,0
04:29:52,root.batch6,0,0
04:29:52,root.batch7,0,0
04:29:52,root.batch1,0,0
04:29:52,root.batch4,0,0
04:29:52,root.batch5,0,0
04:29:52,root.batch2,0,0
04:29:52,root.batch3,0,0
04:29:52,root.bursty2,82,478208
04:29:52,root.bursty0,119,726016
04:29:52,root.bursty1,206,1260544
04:29:52,root.batch0,3,-1024
04:29:53,root.default,0,0
04:29:53,root.batch6,0,0
04:29:53,root.batch7,0,0
04:29:53,root.batch1,0,0
04:29:53,root.batch4,0,0
04:29:53,root.batch5,0,0
04:29:53,root.batch2,0,0
04:29:53,root.batch3,0,0
04:29:53,root.bursty2,82,478208
04:29:53,root.bursty0,119,726016
04:29:53,root.bursty1,206,1260544
04:29:53,root.batch0,3,-1024
04:29:54,root.default,0,0
04:29:54,root.batch6,0,0
04:29:54,root.batch7,0,0
04:29:54,root.batch1,0,0
04:29:54,root.batch4,0,0
04:29:54,root.batch5,0,0
04:29:54,root.batch2,0,0
04:29:54,root.batch3,0,0
04:29:54,root.bursty2,82,478208
04:29:54,root.bursty0,119,726016
04:29:54,root.bursty1,206,1260544
04:29:54,root.batch0,3,-1024
04:29:55,root.default,0,0
04:29:55,root.batch6,0,0
04:29:55,root.batch7,0,0
04:29:55,root.batch1,0,0
04:29:55,root.batch4,0,0
04:29:55,root.batch5,0,0
04:29:55,root.batch2,0,0
04:29:55,root.batch3,0,0
04:29:55,root.bursty2,82,478208
04:29:55,root.bursty0,119,726016
04:29:55,root.bursty1,206,1260544
04:29:55,root.batch0,3,-1024
04:29:56,root.default,0,0
04:29:56,root.batch6,0,0
04:29:56,root.batch7,0,0
04:29:56,root.batch1,0,0
04:29:56,root.batch4,0,0
04:29:56,root.batch5,0,0
04:29:56,root.batch2,0,0
04:29:56,root.batch3,0,0
04:29:56,root.bursty2,83,484352
04:29:56,root.bursty0,119,726016
04:29:56,root.bursty1,205,1254400
04:29:56,root.batch0,3,-1024
04:29:57,root.default,0,0
04:29:57,root.batch6,0,0
04:29:57,root.batch7,0,0
04:29:57,root.batch1,0,0
04:29:57,root.batch4,0,0
04:29:57,root.batch5,0,0
04:29:57,root.batch2,0,0
04:29:57,root.batch3,0,0
04:29:57,root.bursty2,84,490496
04:29:57,root.bursty0,120,732160
04:29:57,root.bursty1,201,1229824
04:29:57,root.batch0,3,-1024
04:29:58,root.default,0,0
04:29:58,root.batch6,0,0
04:29:58,root.batch7,0,0
04:29:58,root.batch1,0,0
04:29:58,root.batch4,0,0
04:29:58,root.batch5,0,0
04:29:58,root.batch2,0,0
04:29:58,root.batch3,0,0
04:29:58,root.bursty2,80,465920
04:29:58,root.bursty0,129,787456
04:29:58,root.bursty1,181,1106944
04:29:58,root.batch0,3,-1024
04:30:00,root.default,0,0
04:30:00,root.batch6,0,0
04:30:00,root.batch7,0,0
04:30:00,root.batch1,0,0
04:30:00,root.batch4,0,0
04:30:00,root.batch5,0,0
04:30:00,root.batch2,0,0
04:30:00,root.batch3,0,0
04:30:00,root.bursty2,98,576512
04:30:00,root.bursty0,130,793600
04:30:00,root.bursty1,162,990208
04:30:00,root.batch0,3,-1024
04:30:01,root.default,0,0
04:30:01,root.batch6,0,0
04:30:01,root.batch7,0,0
04:30:01,root.batch1,0,0
04:30:01,root.batch4,0,0
04:30:01,root.batch5,0,0
04:30:01,root.batch2,0,0
04:30:01,root.batch3,0,0
04:30:01,root.bursty2,119,705536
04:30:01,root.bursty0,133,812032
04:30:01,root.bursty1,138,842752
04:30:01,root.batch0,3,-1024
04:30:02,root.default,0,0
04:30:02,root.batch6,0,0
04:30:02,root.batch7,0,0
04:30:02,root.batch1,0,0
04:30:02,root.batch4,0,0
04:30:02,root.batch5,0,0
04:30:02,root.batch2,0,0
04:30:02,root.batch3,0,0
04:30:02,root.bursty1,116,707584
04:30:02,root.bursty0,133,812032
04:30:02,root.bursty2,141,840704
04:30:02,root.batch0,3,-1024
04:30:03,root.default,0,0
04:30:03,root.batch6,0,0
04:30:03,root.batch7,0,0
04:30:03,root.batch1,0,0
04:30:03,root.batch4,0,0
04:30:03,root.batch5,0,0
04:30:03,root.batch2,0,0
04:30:03,root.batch3,0,0
04:30:03,root.bursty1,103,627712
04:30:03,root.bursty0,133,812032
04:30:03,root.bursty2,158,945152
04:30:03,root.batch0,3,-1024
04:30:04,root.default,0,0
04:30:04,root.batch6,0,0
04:30:04,root.batch7,0,0
04:30:04,root.batch1,0,0
04:30:04,root.batch4,0,0
04:30:04,root.batch5,0,0
04:30:04,root.batch2,0,0
04:30:04,root.batch3,0,0
04:30:04,root.bursty1,105,640000
04:30:04,root.bursty0,133,812032
04:30:04,root.bursty2,160,957440
04:30:04,root.batch0,3,-1024
04:30:05,root.default,0,0
04:30:05,root.batch6,0,0
04:30:05,root.batch7,0,0
04:30:05,root.batch1,0,0
04:30:05,root.batch4,0,0
04:30:05,root.batch5,0,0
04:30:05,root.batch2,0,0
04:30:05,root.batch3,0,0
04:30:05,root.bursty1,105,640000
04:30:05,root.bursty0,133,812032
04:30:05,root.bursty2,160,957440
04:30:05,root.batch0,3,-1024
04:30:06,root.default,0,0
04:30:06,root.batch6,0,0
04:30:06,root.batch7,0,0
04:30:06,root.batch1,0,0
04:30:06,root.batch4,0,0
04:30:06,root.batch5,0,0
04:30:06,root.batch2,0,0
04:30:06,root.batch3,0,0
04:30:06,root.bursty1,110,670720
04:30:06,root.bursty0,133,812032
04:30:06,root.bursty2,160,957440
04:30:06,root.batch0,3,-1024
04:30:07,root.default,0,0
04:30:07,root.batch6,0,0
04:30:07,root.batch7,0,0
04:30:07,root.batch1,0,0
04:30:07,root.batch4,0,0
04:30:07,root.batch5,0,0
04:30:07,root.batch2,0,0
04:30:07,root.batch3,0,0
04:30:07,root.bursty1,107,652288
04:30:07,root.bursty0,133,812032
04:30:07,root.bursty2,160,957440
04:30:07,root.batch0,3,-1024
04:30:08,root.default,0,0
04:30:08,root.batch6,0,0
04:30:08,root.batch7,0,0
04:30:08,root.batch1,0,0
04:30:08,root.batch4,0,0
04:30:08,root.batch5,0,0
04:30:08,root.batch2,0,0
04:30:08,root.batch3,0,0
04:30:08,root.bursty1,110,670720
04:30:08,root.bursty0,133,812032
04:30:08,root.bursty2,160,957440
04:30:08,root.batch0,3,-1024
04:30:09,root.default,0,0
04:30:09,root.batch6,0,0
04:30:09,root.batch7,0,0
04:30:09,root.batch1,0,0
04:30:09,root.batch4,0,0
04:30:09,root.batch5,0,0
04:30:09,root.batch2,0,0
04:30:09,root.batch3,0,0
04:30:09,root.bursty1,119,693248
04:30:09,root.bursty0,133,812032
04:30:09,root.bursty2,160,957440
04:30:09,root.batch0,3,-1024
04:30:10,root.default,0,0
04:30:10,root.batch6,0,0
04:30:10,root.batch7,0,0
04:30:10,root.batch1,0,0
04:30:10,root.batch4,0,0
04:30:10,root.batch5,0,0
04:30:10,root.batch2,0,0
04:30:10,root.batch3,0,0
04:30:10,root.bursty1,127,652288
04:30:10,root.bursty0,133,812032
04:30:10,root.bursty2,160,957440
04:30:10,root.batch0,3,-1024
04:30:11,root.default,0,0
04:30:11,root.batch6,0,0
04:30:11,root.batch7,0,0
04:30:11,root.batch1,0,0
04:30:11,root.batch4,0,0
04:30:11,root.batch5,0,0
04:30:11,root.batch2,0,0
04:30:11,root.batch3,0,0
04:30:11,root.bursty1,179,709632
04:30:11,root.bursty0,133,812032
04:30:11,root.bursty2,149,889856
04:30:11,root.batch0,3,-1024
04:30:12,root.default,0,0
04:30:12,root.batch6,0,0
04:30:12,root.batch7,0,0
04:30:12,root.batch1,0,0
04:30:12,root.batch4,0,0
04:30:12,root.batch5,0,0
04:30:12,root.batch2,0,0
04:30:12,root.batch3,0,0
04:30:12,root.bursty1,228,805888
04:30:12,root.bursty0,133,812032
04:30:12,root.bursty2,144,859136
04:30:12,root.batch0,3,-1024
04:30:13,root.default,0,0
04:30:13,root.batch6,0,0
04:30:13,root.batch7,0,0
04:30:13,root.batch1,0,0
04:30:13,root.batch4,0,0
04:30:13,root.batch5,0,0
04:30:13,root.batch2,0,0
04:30:13,root.batch3,0,0
04:30:13,root.bursty1,249,844800
04:30:13,root.bursty0,138,842752
04:30:13,root.bursty2,139,828416
04:30:13,root.batch0,3,-1024
04:30:14,root.default,0,0
04:30:14,root.batch6,0,0
04:30:14,root.batch7,0,0
04:30:14,root.batch1,0,0
04:30:14,root.batch4,0,0
04:30:14,root.batch5,0,0
04:30:14,root.batch2,0,0
04:30:14,root.batch3,0,0
04:30:14,root.bursty2,121,717824
04:30:14,root.bursty0,138,842752
04:30:14,root.bursty1,253,852992
04:30:14,root.batch0,3,-1024
04:30:15,root.default,0,0
04:30:15,root.batch6,0,0
04:30:15,root.batch7,0,0
04:30:15,root.batch1,0,0
04:30:15,root.batch4,0,0
04:30:15,root.batch5,0,0
04:30:15,root.batch2,0,0
04:30:15,root.batch3,0,0
04:30:15,root.bursty1,234,796672
04:30:15,root.bursty2,137,816128
04:30:15,root.bursty0,136,830464
04:30:15,root.batch0,3,-1024
04:30:16,root.default,0,0
04:30:16,root.batch6,0,0
04:30:16,root.batch7,0,0
04:30:16,root.batch1,0,0
04:30:16,root.batch4,0,0
04:30:16,root.batch5,0,0
04:30:16,root.batch2,0,0
04:30:16,root.batch3,0,0
04:30:16,root.bursty0,122,744448
04:30:16,root.bursty1,232,792576
04:30:16,root.bursty2,143,852992
04:30:16,root.batch0,3,-1024
04:30:17,root.default,0,0
04:30:17,root.batch6,0,0
04:30:17,root.batch7,0,0
04:30:17,root.batch1,0,0
04:30:17,root.batch4,0,0
04:30:17,root.batch5,0,0
04:30:17,root.batch2,0,0
04:30:17,root.batch3,0,0
04:30:17,root.bursty1,178,681984
04:30:17,root.bursty0,119,726016
04:30:17,root.bursty2,158,945152
04:30:17,root.batch0,3,-1024
04:30:18,root.default,0,0
04:30:18,root.batch6,0,0
04:30:18,root.batch7,0,0
04:30:18,root.batch1,0,0
04:30:18,root.batch4,0,0
04:30:18,root.batch5,0,0
04:30:18,root.batch2,0,0
04:30:18,root.batch3,0,0
04:30:18,root.bursty1,116,555008
04:30:18,root.bursty0,142,867328
04:30:18,root.bursty2,160,957440
04:30:18,root.batch0,3,-1024
04:30:19,root.default,0,0
04:30:19,root.batch6,0,0
04:30:19,root.batch7,0,0
04:30:19,root.batch1,0,0
04:30:19,root.batch4,0,0
04:30:19,root.batch5,0,0
04:30:19,root.batch2,0,0
04:30:19,root.batch3,0,0
04:30:19,root.bursty1,96,514048
04:30:19,root.bursty0,154,941056
04:30:19,root.bursty2,160,957440
04:30:19,root.batch0,3,-1024
04:30:20,root.default,0,0
04:30:20,root.batch6,0,0
04:30:20,root.batch7,0,0
04:30:20,root.batch1,0,0
04:30:20,root.batch4,0,0
04:30:20,root.batch5,0,0
04:30:20,root.batch2,0,0
04:30:20,root.batch3,0,0
04:30:20,root.bursty1,86,493568
04:30:20,root.bursty2,163,975872
04:30:20,root.bursty0,162,990208
04:30:20,root.batch0,3,-1024
04:30:21,root.default,0,0
04:30:21,root.batch6,0,0
04:30:21,root.batch7,0,0
04:30:21,root.batch1,0,0
04:30:21,root.batch4,0,0
04:30:21,root.batch5,0,0
04:30:21,root.batch2,0,0
04:30:21,root.batch3,0,0
04:30:21,root.bursty1,80,481280
04:30:21,root.bursty2,164,982016
04:30:21,root.bursty0,162,990208
04:30:21,root.batch0,3,-1024
04:30:22,root.default,0,0
04:30:22,root.batch6,0,0
04:30:22,root.batch7,0,0
04:30:22,root.batch1,0,0
04:30:22,root.batch4,0,0
04:30:22,root.batch5,0,0
04:30:22,root.batch2,0,0
04:30:22,root.batch3,0,0
04:30:22,root.bursty1,80,481280
04:30:22,root.bursty0,153,934912
04:30:22,root.bursty2,171,1025024
04:30:22,root.batch0,3,-1024
04:30:23,root.default,0,0
04:30:23,root.batch6,0,0
04:30:23,root.batch7,0,0
04:30:23,root.batch1,0,0
04:30:23,root.batch4,0,0
04:30:23,root.batch5,0,0
04:30:23,root.batch2,0,0
04:30:23,root.batch3,0,0
04:30:23,root.bursty1,80,481280
04:30:23,root.bursty0,156,953344
04:30:23,root.bursty2,172,1031168
04:30:23,root.batch0,3,-1024
04:30:24,root.default,0,0
04:30:24,root.batch6,0,0
04:30:24,root.batch7,0,0
04:30:24,root.batch1,0,0
04:30:24,root.batch4,0,0
04:30:24,root.batch5,0,0
04:30:24,root.batch2,0,0
04:30:24,root.batch3,0,0
04:30:24,root.bursty1,80,481280
04:30:24,root.bursty0,156,953344
04:30:24,root.bursty2,172,1031168
04:30:24,root.batch0,3,-1024
04:30:25,root.default,0,0
04:30:25,root.batch6,0,0
04:30:25,root.batch7,0,0
04:30:25,root.batch1,0,0
04:30:25,root.batch4,0,0
04:30:25,root.batch5,0,0
04:30:25,root.batch2,0,0
04:30:25,root.batch3,0,0
04:30:25,root.bursty1,80,481280
04:30:25,root.bursty0,156,953344
04:30:25,root.bursty2,172,1031168
04:30:25,root.batch0,3,-1024
04:30:26,root.default,0,0
04:30:26,root.batch6,0,0
04:30:26,root.batch7,0,0
04:30:26,root.batch1,0,0
04:30:26,root.batch4,0,0
04:30:26,root.batch5,0,0
04:30:26,root.batch2,0,0
04:30:26,root.batch3,0,0
04:30:26,root.bursty1,80,481280
04:30:26,root.bursty0,157,959488
04:30:26,root.bursty2,171,1025024
04:30:26,root.batch0,3,-1024
04:30:27,root.default,0,0
04:30:27,root.batch6,0,0
04:30:27,root.batch7,0,0
04:30:27,root.batch1,0,0
04:30:27,root.batch4,0,0
04:30:27,root.batch5,0,0
04:30:27,root.batch2,0,0
04:30:27,root.batch3,0,0
04:30:27,root.bursty1,80,481280
04:30:27,root.bursty0,157,959488
04:30:27,root.bursty2,168,1006592
04:30:27,root.batch0,3,-1024
04:30:28,root.default,0,0
04:30:28,root.batch6,0,0
04:30:28,root.batch7,0,0
04:30:28,root.batch1,0,0
04:30:28,root.batch4,0,0
04:30:28,root.batch5,0,0
04:30:28,root.batch2,0,0
04:30:28,root.batch3,0,0
04:30:28,root.bursty1,80,481280
04:30:28,root.bursty0,154,941056
04:30:28,root.bursty2,163,975872
04:30:28,root.batch0,3,-1024
04:30:29,root.default,0,0
04:30:29,root.batch6,0,0
04:30:29,root.batch7,0,0
04:30:29,root.batch1,0,0
04:30:29,root.batch4,0,0
04:30:29,root.batch5,0,0
04:30:29,root.batch2,0,0
04:30:29,root.batch3,0,0
04:30:29,root.bursty1,83,499712
04:30:29,root.bursty0,162,990208
04:30:29,root.bursty2,146,871424
04:30:29,root.batch0,3,-1024
04:30:30,root.default,0,0
04:30:30,root.batch6,0,0
04:30:30,root.batch7,0,0
04:30:30,root.batch1,0,0
04:30:30,root.batch4,0,0
04:30:30,root.batch5,0,0
04:30:30,root.batch2,0,0
04:30:30,root.batch3,0,0
04:30:30,root.bursty1,95,573440
04:30:30,root.bursty2,124,736256
04:30:30,root.bursty0,167,1020928
04:30:30,root.batch0,3,-1024
04:30:31,root.default,0,0
04:30:31,root.batch6,0,0
04:30:31,root.batch7,0,0
04:30:31,root.batch1,0,0
04:30:31,root.batch4,0,0
04:30:31,root.batch5,0,0
04:30:31,root.batch2,0,0
04:30:31,root.batch3,0,0
04:30:31,root.bursty2,103,607232
04:30:31,root.bursty1,116,702464
04:30:31,root.bursty0,171,1045504
04:30:31,root.batch0,3,-1024
04:30:32,root.default,0,0
04:30:32,root.batch6,0,0
04:30:32,root.batch7,0,0
04:30:32,root.batch1,0,0
04:30:32,root.batch4,0,0
04:30:32,root.batch5,0,0
04:30:32,root.batch2,0,0
04:30:32,root.batch3,0,0
04:30:32,root.bursty2,88,515072
04:30:32,root.bursty1,125,757760
04:30:32,root.bursty0,175,1070080
04:30:32,root.batch0,3,-1024
04:30:33,root.default,0,0
04:30:33,root.batch6,0,0
04:30:33,root.batch7,0,0
04:30:33,root.batch1,0,0
04:30:33,root.batch4,0,0
04:30:33,root.batch5,0,0
04:30:33,root.batch2,0,0
04:30:33,root.batch3,0,0
04:30:33,root.bursty2,152,678912
04:30:33,root.bursty1,117,708608
04:30:33,root.bursty0,175,1070080
04:30:33,root.batch0,3,-1024
04:30:34,root.default,0,0
04:30:34,root.batch6,0,0
04:30:34,root.batch7,0,0
04:30:34,root.batch1,0,0
04:30:34,root.batch4,0,0
04:30:34,root.batch5,0,0
04:30:34,root.batch2,0,0
04:30:34,root.batch3,0,0
04:30:34,root.bursty1,120,727040
04:30:34,root.bursty2,168,728064
04:30:34,root.bursty0,175,1070080
04:30:34,root.batch0,3,-1024
04:30:35,root.default,0,0
04:30:35,root.batch6,0,0
04:30:35,root.batch7,0,0
04:30:35,root.batch1,0,0
04:30:35,root.batch4,0,0
04:30:35,root.batch5,0,0
04:30:35,root.batch2,0,0
04:30:35,root.batch3,0,0
04:30:35,root.bursty1,117,708608
04:30:35,root.bursty2,172,703488
04:30:35,root.bursty0,175,1070080
04:30:35,root.batch0,3,-1024
04:30:36,root.default,0,0
04:30:36,root.batch6,0,0
04:30:36,root.batch7,0,0
04:30:36,root.batch1,0,0
04:30:36,root.batch4,0,0
04:30:36,root.batch5,0,0
04:30:36,root.batch2,0,0
04:30:36,root.batch3,0,0
04:30:36,root.bursty1,120,727040
04:30:36,root.bursty2,184,728064
04:30:36,root.bursty0,175,1070080
04:30:36,root.batch0,3,-1024
04:30:37,root.default,0,0
04:30:37,root.batch6,0,0
04:30:37,root.batch7,0,0
04:30:37,root.batch1,0,0
04:30:37,root.batch4,0,0
04:30:37,root.batch5,0,0
04:30:37,root.batch2,0,0
04:30:37,root.batch3,0,0
04:30:37,root.bursty1,118,714752
04:30:37,root.bursty2,194,748544
04:30:37,root.bursty0,175,1070080
04:30:37,root.batch0,3,-1024
04:30:38,root.default,0,0
04:30:38,root.batch6,0,0
04:30:38,root.batch7,0,0
04:30:38,root.batch1,0,0
04:30:38,root.batch4,0,0
04:30:38,root.batch5,0,0
04:30:38,root.batch2,0,0
04:30:38,root.batch3,0,0
04:30:38,root.bursty1,119,720896
04:30:38,root.bursty2,196,752640
04:30:38,root.bursty0,175,1070080
04:30:38,root.batch0,3,-1024
04:30:39,root.default,0,0
04:30:39,root.batch6,0,0
04:30:39,root.batch7,0,0
04:30:39,root.batch1,0,0
04:30:39,root.batch4,0,0
04:30:39,root.batch5,0,0
04:30:39,root.batch2,0,0
04:30:39,root.batch3,0,0
04:30:39,root.bursty1,119,720896
04:30:39,root.bursty2,186,732160
04:30:39,root.bursty0,175,1070080
04:30:39,root.batch0,3,-1024
04:30:40,root.default,0,0
04:30:40,root.batch6,0,0
04:30:40,root.batch7,0,0
04:30:40,root.batch1,0,0
04:30:40,root.batch4,0,0
04:30:40,root.batch5,0,0
04:30:40,root.batch2,0,0
04:30:40,root.batch3,0,0
04:30:40,root.bursty1,121,733184
04:30:40,root.bursty2,150,658432
04:30:40,root.bursty0,175,1070080
04:30:40,root.batch0,3,-1024
04:30:41,root.default,0,0
04:30:41,root.batch6,0,0
04:30:41,root.batch7,0,0
04:30:41,root.batch1,0,0
04:30:41,root.batch4,0,0
04:30:41,root.batch5,0,0
04:30:41,root.batch2,0,0
04:30:41,root.batch3,0,0
04:30:41,root.bursty2,142,642048
04:30:41,root.bursty1,126,763904
04:30:41,root.bursty0,175,1070080
04:30:41,root.batch0,3,-1024
04:30:42,root.default,0,0
04:30:42,root.batch6,0,0
04:30:42,root.batch7,0,0
04:30:42,root.batch1,0,0
04:30:42,root.batch4,0,0
04:30:42,root.batch5,0,0
04:30:42,root.batch2,0,0
04:30:42,root.batch3,0,0
04:30:42,root.bursty2,148,654336
04:30:42,root.bursty1,129,782336
04:30:42,root.bursty0,173,1057792
04:30:42,root.batch0,3,-1024
04:30:43,root.default,0,0
04:30:43,root.batch6,0,0
04:30:43,root.batch7,0,0
04:30:43,root.batch1,0,0
04:30:43,root.batch4,0,0
04:30:43,root.batch5,0,0
04:30:43,root.batch2,0,0
04:30:43,root.batch3,0,0
04:30:43,root.bursty2,142,642048
04:30:43,root.bursty1,133,806912
04:30:43,root.bursty0,171,1045504
04:30:43,root.batch0,3,-1024
04:30:44,root.default,0,0
04:30:44,root.batch6,0,0
04:30:44,root.batch7,0,0
04:30:44,root.batch1,0,0
04:30:44,root.batch4,0,0
04:30:44,root.batch5,0,0
04:30:44,root.batch2,0,0
04:30:44,root.batch3,0,0
04:30:44,root.bursty2,141,570368
04:30:44,root.bursty1,135,824320
04:30:44,root.bursty0,166,1014784
04:30:44,root.batch0,3,-1024
04:30:45,root.default,0,0
04:30:45,root.batch6,0,0
04:30:45,root.batch7,0,0
04:30:45,root.batch1,0,0
04:30:45,root.batch4,0,0
04:30:45,root.batch5,0,0
04:30:45,root.batch2,0,0
04:30:45,root.batch3,0,0
04:30:45,root.bursty2,147,549888
04:30:45,root.bursty1,143,873472
04:30:45,root.bursty0,161,984064
04:30:45,root.batch0,3,-1024
04:30:46,root.default,0,0
04:30:46,root.batch6,0,0
04:30:46,root.batch7,0,0
04:30:46,root.batch1,0,0
04:30:46,root.batch4,0,0
04:30:46,root.batch5,0,0
04:30:46,root.batch2,0,0
04:30:46,root.batch3,0,0
04:30:46,root.bursty2,134,576512
04:30:46,root.bursty1,148,904192
04:30:46,root.bursty0,149,910336
04:30:46,root.batch0,3,-1024
04:30:47,root.default,0,0
04:30:47,root.batch6,0,0
04:30:47,root.batch7,0,0
04:30:47,root.batch1,0,0
04:30:47,root.batch4,0,0
04:30:47,root.batch5,0,0
04:30:47,root.batch2,0,0
04:30:47,root.batch3,0,0
04:30:47,root.bursty2,158,773120
04:30:47,root.bursty0,128,781312
04:30:47,root.bursty1,149,910336
04:30:47,root.batch0,3,-1024
04:30:48,root.default,0,0
04:30:48,root.batch6,0,0
04:30:48,root.batch7,0,0
04:30:48,root.batch1,0,0
04:30:48,root.batch4,0,0
04:30:48,root.batch5,0,0
04:30:48,root.batch2,0,0
04:30:48,root.batch3,0,0
04:30:48,root.bursty0,105,640000
04:30:48,root.bursty2,162,838656
04:30:48,root.bursty1,149,910336
04:30:48,root.batch0,3,-1024
04:30:49,root.default,0,0
04:30:49,root.batch6,0,0
04:30:49,root.batch7,0,0
04:30:49,root.batch1,0,0
04:30:49,root.batch4,0,0
04:30:49,root.batch5,0,0
04:30:49,root.batch2,0,0
04:30:49,root.batch3,0,0
04:30:49,root.bursty0,117,713728
04:30:49,root.bursty2,156,826368
04:30:49,root.bursty1,149,910336
04:30:49,root.batch0,3,-1024
04:30:50,root.default,0,0
04:30:50,root.batch6,0,0
04:30:50,root.batch7,0,0
04:30:50,root.batch1,0,0
04:30:50,root.batch4,0,0
04:30:50,root.batch5,0,0
04:30:50,root.batch2,0,0
04:30:50,root.batch3,0,0
04:30:50,root.bursty0,125,762880
04:30:50,root.bursty2,137,783360
04:30:50,root.bursty1,149,910336
04:30:50,root.batch0,3,-1024
04:30:51,root.default,0,0
04:30:51,root.batch6,0,0
04:30:51,root.batch7,0,0
04:30:51,root.batch1,0,0
04:30:51,root.batch4,0,0
04:30:51,root.batch5,0,0
04:30:51,root.batch2,0,0
04:30:51,root.batch3,0,0
04:30:51,root.bursty2,123,730112
04:30:51,root.bursty0,128,781312
04:30:51,root.bursty1,149,910336
04:30:51,root.batch0,3,-1024
04:30:52,root.default,0,0
04:30:52,root.batch6,0,0
04:30:52,root.batch7,0,0
04:30:52,root.batch1,0,0
04:30:52,root.batch4,0,0
04:30:52,root.batch5,0,0
04:30:52,root.batch2,0,0
04:30:52,root.batch3,0,0
04:30:52,root.bursty2,122,723968
04:30:52,root.bursty0,131,799744
04:30:52,root.bursty1,149,910336
04:30:52,root.batch0,3,-1024
04:30:53,root.default,0,0
04:30:53,root.batch6,0,0
04:30:53,root.batch7,0,0
04:30:53,root.batch1,0,0
04:30:53,root.batch4,0,0
04:30:53,root.batch5,0,0
04:30:53,root.batch2,0,0
04:30:53,root.batch3,0,0
04:30:53,root.bursty2,126,748544
04:30:53,root.bursty0,132,805888
04:30:53,root.bursty1,149,910336
04:30:53,root.batch0,3,-1024
04:30:54,root.default,0,0
04:30:54,root.batch6,0,0
04:30:54,root.batch7,0,0
04:30:54,root.batch1,0,0
04:30:54,root.batch4,0,0
04:30:54,root.batch5,0,0
04:30:54,root.batch2,0,0
04:30:54,root.batch3,0,0
04:30:54,root.bursty2,126,748544
04:30:54,root.bursty0,132,805888
04:30:54,root.bursty1,149,910336
04:30:54,root.batch0,3,-1024
04:30:55,root.default,0,0
04:30:55,root.batch6,0,0
04:30:55,root.batch7,0,0
04:30:55,root.batch1,0,0
04:30:55,root.batch4,0,0
04:30:55,root.batch5,0,0
04:30:55,root.batch2,0,0
04:30:55,root.batch3,0,0
04:30:55,root.bursty2,127,754688
04:30:55,root.bursty0,131,799744
04:30:55,root.bursty1,149,910336
04:30:55,root.batch0,3,-1024
04:30:56,root.default,0,0
04:30:56,root.batch6,0,0
04:30:56,root.batch7,0,0
04:30:56,root.batch1,0,0
04:30:56,root.batch4,0,0
04:30:56,root.batch5,0,0
04:30:56,root.batch2,0,0
04:30:56,root.batch3,0,0
04:30:56,root.bursty2,127,754688
04:30:56,root.bursty0,131,799744
04:30:56,root.bursty1,149,910336
04:30:56,root.batch0,3,-1024
04:30:57,root.default,0,0
04:30:57,root.batch6,0,0
04:30:57,root.batch7,0,0
04:30:57,root.batch1,0,0
04:30:57,root.batch4,0,0
04:30:57,root.batch5,0,0
04:30:57,root.batch2,0,0
04:30:57,root.batch3,0,0
04:30:57,root.bursty2,127,754688
04:30:57,root.bursty0,131,799744
04:30:57,root.bursty1,149,910336
04:30:57,root.batch0,3,-1024
04:30:59,root.default,0,0
04:30:59,root.batch6,0,0
04:30:59,root.batch7,0,0
04:30:59,root.batch1,0,0
04:30:59,root.batch4,0,0
04:30:59,root.batch5,0,0
04:30:59,root.batch2,0,0
04:30:59,root.batch3,0,0
04:30:59,root.bursty0,126,769024
04:30:59,root.bursty2,133,791552
04:30:59,root.bursty1,146,891904
04:30:59,root.batch0,3,-1024
04:31:00,root.default,0,0
04:31:00,root.batch6,0,0
04:31:00,root.batch7,0,0
04:31:00,root.batch1,0,0
04:31:00,root.batch4,0,0
04:31:00,root.batch5,0,0
04:31:00,root.batch2,0,0
04:31:00,root.batch3,0,0
04:31:00,root.bursty0,126,769024
04:31:00,root.bursty2,135,803840
04:31:00,root.bursty1,144,879616
04:31:00,root.batch0,3,-1024
04:31:01,root.default,0,0
04:31:01,root.batch6,0,0
04:31:01,root.batch7,0,0
04:31:01,root.batch1,0,0
04:31:01,root.batch4,0,0
04:31:01,root.batch5,0,0
04:31:01,root.batch2,0,0
04:31:01,root.batch3,0,0
04:31:01,root.bursty0,129,787456
04:31:01,root.bursty1,134,818176
04:31:01,root.bursty2,141,840704
04:31:01,root.batch0,3,-1024
04:31:02,root.default,0,0
04:31:02,root.batch6,0,0
04:31:02,root.batch7,0,0
04:31:02,root.batch1,0,0
04:31:02,root.batch4,0,0
04:31:02,root.batch5,0,0
04:31:02,root.batch2,0,0
04:31:02,root.batch3,0,0
04:31:02,root.bursty1,122,744448
04:31:02,root.bursty0,134,818176
04:31:02,root.bursty2,145,865280
04:31:02,root.batch0,3,-1024
04:31:03,root.default,0,0
04:31:03,root.batch6,0,0
04:31:03,root.batch7,0,0
04:31:03,root.batch1,0,0
04:31:03,root.batch4,0,0
04:31:03,root.batch5,0,0
04:31:03,root.batch2,0,0
04:31:03,root.batch3,0,0
04:31:03,root.bursty1,119,726016
04:31:03,root.bursty2,140,834560
04:31:03,root.bursty0,141,861184
04:31:03,root.batch0,3,-1024
04:31:04,root.default,0,0
04:31:04,root.batch6,0,0
04:31:04,root.batch7,0,0
04:31:04,root.batch1,0,0
04:31:04,root.batch4,0,0
04:31:04,root.batch5,0,0
04:31:04,root.batch2,0,0
04:31:04,root.batch3,0,0
04:31:04,root.bursty1,126,769024
04:31:04,root.bursty2,139,828416
04:31:04,root.bursty0,141,861184
04:31:04,root.batch0,3,-1024
04:31:05,root.default,0,0
04:31:05,root.batch6,0,0
04:31:05,root.batch7,0,0
04:31:05,root.batch1,0,0
04:31:05,root.batch4,0,0
04:31:05,root.batch5,0,0
04:31:05,root.batch2,0,0
04:31:05,root.batch3,0,0
04:31:05,root.bursty1,128,781312
04:31:05,root.bursty2,136,809984
04:31:05,root.bursty0,141,861184
04:31:05,root.batch0,3,-1024
04:31:06,root.default,0,0
04:31:06,root.batch6,0,0
04:31:06,root.batch7,0,0
04:31:06,root.batch1,0,0
04:31:06,root.batch4,0,0
04:31:06,root.batch5,0,0
04:31:06,root.batch2,0,0
04:31:06,root.batch3,0,0
04:31:06,root.bursty1,128,781312
04:31:06,root.bursty2,136,809984
04:31:06,root.bursty0,141,861184
04:31:06,root.batch0,3,-1024
04:31:07,root.default,0,0
04:31:07,root.batch6,0,0
04:31:07,root.batch7,0,0
04:31:07,root.batch1,0,0
04:31:07,root.batch4,0,0
04:31:07,root.batch5,0,0
04:31:07,root.batch2,0,0
04:31:07,root.batch3,0,0
04:31:07,root.bursty1,128,781312
04:31:07,root.bursty2,136,809984
04:31:07,root.bursty0,141,861184
04:31:07,root.batch0,3,-1024
04:31:08,root.default,0,0
04:31:08,root.batch6,0,0
04:31:08,root.batch7,0,0
04:31:08,root.batch1,0,0
04:31:08,root.batch4,0,0
04:31:08,root.batch5,0,0
04:31:08,root.batch2,0,0
04:31:08,root.batch3,0,0
04:31:08,root.bursty1,129,787456
04:31:08,root.bursty2,136,809984
04:31:08,root.bursty0,141,861184
04:31:08,root.batch0,3,-1024
04:31:09,root.default,0,0
04:31:09,root.batch6,0,0
04:31:09,root.batch7,0,0
04:31:09,root.batch1,0,0
04:31:09,root.batch4,0,0
04:31:09,root.batch5,0,0
04:31:09,root.batch2,0,0
04:31:09,root.batch3,0,0
04:31:09,root.bursty1,128,781312
04:31:09,root.bursty2,136,809984
04:31:09,root.bursty0,141,861184
04:31:09,root.batch0,3,-1024
04:31:10,root.default,0,0
04:31:10,root.batch6,0,0
04:31:10,root.batch7,0,0
04:31:10,root.batch1,0,0
04:31:10,root.batch4,0,0
04:31:10,root.batch5,0,0
04:31:10,root.batch2,0,0
04:31:10,root.batch3,0,0
04:31:10,root.bursty1,130,793600
04:31:10,root.bursty2,135,808960
04:31:10,root.bursty0,141,861184
04:31:10,root.batch0,3,-1024
04:31:11,root.default,0,0
04:31:11,root.batch6,0,0
04:31:11,root.batch7,0,0
04:31:11,root.batch1,0,0
04:31:11,root.batch4,0,0
04:31:11,root.batch5,0,0
04:31:11,root.batch2,0,0
04:31:11,root.batch3,0,0
04:31:11,root.bursty1,130,793600
04:31:11,root.bursty2,135,808960
04:31:11,root.bursty0,141,861184
04:31:11,root.batch0,3,-1024
04:31:12,root.default,0,0
04:31:12,root.batch6,0,0
04:31:12,root.batch7,0,0
04:31:12,root.batch1,0,0
04:31:12,root.batch4,0,0
04:31:12,root.batch5,0,0
04:31:12,root.batch2,0,0
04:31:12,root.batch3,0,0
04:31:12,root.bursty1,130,793600
04:31:12,root.bursty2,135,808960
04:31:12,root.bursty0,141,861184
04:31:12,root.batch0,3,-1024
04:31:13,root.default,0,0
04:31:13,root.batch6,0,0
04:31:13,root.batch7,0,0
04:31:13,root.batch1,0,0
04:31:13,root.batch4,0,0
04:31:13,root.batch5,0,0
04:31:13,root.batch2,0,0
04:31:13,root.batch3,0,0
04:31:13,root.bursty1,130,793600
04:31:13,root.bursty2,135,808960
04:31:13,root.bursty0,141,861184
04:31:13,root.batch0,3,-1024
04:31:14,root.default,0,0
04:31:14,root.batch6,0,0
04:31:14,root.batch7,0,0
04:31:14,root.batch1,0,0
04:31:14,root.batch4,0,0
04:31:14,root.batch5,0,0
04:31:14,root.batch2,0,0
04:31:14,root.batch3,0,0
04:31:14,root.bursty1,130,793600
04:31:14,root.bursty2,135,808960
04:31:14,root.bursty0,141,861184
04:31:14,root.batch0,3,-1024
04:31:15,root.default,0,0
04:31:15,root.batch6,0,0
04:31:15,root.batch7,0,0
04:31:15,root.batch1,0,0
04:31:15,root.batch4,0,0
04:31:15,root.batch5,0,0
04:31:15,root.batch2,0,0
04:31:15,root.batch3,0,0
04:31:15,root.bursty1,130,793600
04:31:15,root.bursty2,135,808960
04:31:15,root.bursty0,141,861184
04:31:15,root.batch0,3,-1024
04:31:16,root.default,0,0
04:31:16,root.batch6,0,0
04:31:16,root.batch7,0,0
04:31:16,root.batch1,0,0
04:31:16,root.batch4,0,0
04:31:16,root.batch5,0,0
04:31:16,root.batch2,0,0
04:31:16,root.batch3,0,0
04:31:16,root.bursty2,129,772096
04:31:16,root.bursty1,130,793600
04:31:16,root.bursty0,141,861184
04:31:16,root.batch0,3,-1024
04:31:17,root.default,0,0
04:31:17,root.batch6,0,0
04:31:17,root.batch7,0,0
04:31:17,root.batch1,0,0
04:31:17,root.batch4,0,0
04:31:17,root.batch5,0,0
04:31:17,root.batch2,0,0
04:31:17,root.batch3,0,0
04:31:17,root.bursty2,103,612352
04:31:17,root.bursty1,140,855040
04:31:17,root.bursty0,141,861184
04:31:17,root.batch0,3,-1024
04:31:18,root.default,0,0
04:31:18,root.batch6,0,0
04:31:18,root.batch7,0,0
04:31:18,root.batch1,0,0
04:31:18,root.batch4,0,0
04:31:18,root.batch5,0,0
04:31:18,root.batch2,0,0
04:31:18,root.batch3,0,0
04:31:18,root.bursty2,87,514048
04:31:18,root.bursty0,133,812032
04:31:18,root.bursty1,156,953344
04:31:18,root.batch0,3,-1024
04:31:19,root.default,0,0
04:31:19,root.batch6,0,0
04:31:19,root.batch7,0,0
04:31:19,root.batch1,0,0
04:31:19,root.batch4,0,0
04:31:19,root.batch5,0,0
04:31:19,root.batch2,0,0
04:31:19,root.batch3,0,0
04:31:19,root.bursty2,97,575488
04:31:19,root.bursty0,117,713728
04:31:19,root.bursty1,159,971776
04:31:19,root.batch0,3,-1024
04:31:20,root.default,0,0
04:31:20,root.batch6,0,0
04:31:20,root.batch7,0,0
04:31:20,root.batch1,0,0
04:31:20,root.batch4,0,0
04:31:20,root.batch5,0,0
04:31:20,root.batch2,0,0
04:31:20,root.batch3,0,0
04:31:20,root.bursty0,96,584704
04:31:20,root.bursty2,123,735232
04:31:20,root.bursty1,159,971776
04:31:20,root.batch0,3,-1024
04:31:21,root.default,0,0
04:31:21,root.batch6,0,0
04:31:21,root.batch7,0,0
04:31:21,root.batch1,0,0
04:31:21,root.batch4,0,0
04:31:21,root.batch5,0,0
04:31:21,root.batch2,0,0
04:31:21,root.batch3,0,0
04:31:21,root.bursty0,93,566272
04:31:21,root.bursty2,131,784384
04:31:21,root.bursty1,159,971776
04:31:21,root.batch0,3,-1024
04:31:22,root.default,0,0
04:31:22,root.batch6,0,0
04:31:22,root.batch7,0,0
04:31:22,root.batch1,0,0
04:31:22,root.batch4,0,0
04:31:22,root.batch5,0,0
04:31:22,root.batch2,0,0
04:31:22,root.batch3,0,0
04:31:22,root.bursty0,114,695296
04:31:22,root.bursty2,131,784384
04:31:22,root.bursty1,159,971776
04:31:22,root.batch0,3,-1024
04:31:23,root.default,0,0
04:31:23,root.batch6,0,0
04:31:23,root.batch7,0,0
04:31:23,root.batch1,0,0
04:31:23,root.batch4,0,0
04:31:23,root.batch5,0,0
04:31:23,root.batch2,0,0
04:31:23,root.batch3,0,0
04:31:23,root.bursty0,158,744448
04:31:23,root.bursty2,128,765952
04:31:23,root.bursty1,159,971776
04:31:23,root.batch0,3,-1024
04:31:24,root.default,0,0
04:31:24,root.batch6,0,0
04:31:24,root.batch7,0,0
04:31:24,root.batch1,0,0
04:31:24,root.batch4,0,0
04:31:24,root.batch5,0,0
04:31:24,root.batch2,0,0
04:31:24,root.batch3,0,0
04:31:24,root.bursty0,198,736256
04:31:24,root.bursty2,125,747520
04:31:24,root.bursty1,159,971776
04:31:24,root.batch0,3,-1024
04:31:25,root.default,0,0
04:31:25,root.batch6,0,0
04:31:25,root.batch7,0,0
04:31:25,root.batch1,0,0
04:31:25,root.batch4,0,0
04:31:25,root.batch5,0,0
04:31:25,root.batch2,0,0
04:31:25,root.batch3,0,0
04:31:25,root.bursty2,125,747520
04:31:25,root.bursty0,217,754688
04:31:25,root.bursty1,159,971776
04:31:25,root.batch0,3,-1024
04:31:26,root.default,0,0
04:31:26,root.batch6,0,0
04:31:26,root.batch7,0,0
04:31:26,root.batch1,0,0
04:31:26,root.batch4,0,0
04:31:26,root.batch5,0,0
04:31:26,root.batch2,0,0
04:31:26,root.batch3,0,0
04:31:26,root.bursty0,227,775168
04:31:26,root.bursty2,130,778240
04:31:26,root.bursty1,159,971776
04:31:26,root.batch0,3,-1024
04:31:27,root.default,0,0
04:31:27,root.batch6,0,0
04:31:27,root.batch7,0,0
04:31:27,root.batch1,0,0
04:31:27,root.batch4,0,0
04:31:27,root.batch5,0,0
04:31:27,root.batch2,0,0
04:31:27,root.batch3,0,0
04:31:27,root.bursty2,128,765952
04:31:27,root.bursty0,235,791552
04:31:27,root.bursty1,159,971776
04:31:27,root.batch0,3,-1024
04:31:28,root.default,0,0
04:31:28,root.batch6,0,0
04:31:28,root.batch7,0,0
04:31:28,root.batch1,0,0
04:31:28,root.batch4,0,0
04:31:28,root.batch5,0,0
04:31:28,root.batch2,0,0
04:31:28,root.batch3,0,0
04:31:28,root.bursty2,122,729088
04:31:28,root.bursty0,241,787456
04:31:28,root.bursty1,159,971776
04:31:28,root.batch0,3,-1024
04:31:29,root.default,0,0
04:31:29,root.batch6,0,0
04:31:29,root.batch7,0,0
04:31:29,root.batch1,0,0
04:31:29,root.batch4,0,0
04:31:29,root.batch5,0,0
04:31:29,root.batch2,0,0
04:31:29,root.batch3,0,0
04:31:29,root.bursty0,237,754688
04:31:29,root.bursty2,134,802816
04:31:29,root.bursty1,159,971776
04:31:29,root.batch0,3,-1024
04:31:30,root.default,0,0
04:31:30,root.batch6,0,0
04:31:30,root.batch7,0,0
04:31:30,root.batch1,0,0
04:31:30,root.batch4,0,0
04:31:30,root.batch5,0,0
04:31:30,root.batch2,0,0
04:31:30,root.batch3,0,0
04:31:30,root.bursty0,182,605184
04:31:30,root.bursty2,158,950272
04:31:30,root.bursty1,159,971776
04:31:30,root.batch0,3,-1024
04:31:31,root.default,0,0
04:31:31,root.batch6,0,0
04:31:31,root.batch7,0,0
04:31:31,root.batch1,0,0
04:31:31,root.batch4,0,0
04:31:31,root.batch5,0,0
04:31:31,root.batch2,0,0
04:31:31,root.batch3,0,0
04:31:31,root.bursty0,115,439296
04:31:31,root.bursty1,159,971776
04:31:31,root.bursty2,171,1030144
04:31:31,root.batch0,3,-1024
04:31:32,root.default,0,0
04:31:32,root.batch6,0,0
04:31:32,root.batch7,0,0
04:31:32,root.batch1,0,0
04:31:32,root.batch4,0,0
04:31:32,root.batch5,0,0
04:31:32,root.batch2,0,0
04:31:32,root.batch3,0,0
04:31:32,root.bursty0,76,314368
04:31:32,root.bursty1,162,990208
04:31:32,root.bursty2,176,1060864
04:31:32,root.batch0,3,-1024
04:31:33,root.default,0,0
04:31:33,root.batch6,0,0
04:31:33,root.batch7,0,0
04:31:33,root.batch1,0,0
04:31:33,root.batch4,0,0
04:31:33,root.batch5,0,0
04:31:33,root.batch2,0,0
04:31:33,root.batch3,0,0
04:31:33,root.bursty0,55,250880
04:31:33,root.bursty1,177,1082368
04:31:33,root.bursty2,179,1079296
04:31:33,root.batch0,3,-1024
04:31:34,root.default,0,0
04:31:34,root.batch6,0,0
04:31:34,root.batch7,0,0
04:31:34,root.batch1,0,0
04:31:34,root.batch4,0,0
04:31:34,root.batch5,0,0
04:31:34,root.batch2,0,0
04:31:34,root.batch3,0,0
04:31:34,root.bursty0,47,234496
04:31:34,root.bursty1,171,1045504
04:31:34,root.bursty2,187,1128448
04:31:34,root.batch0,3,-1024
04:31:35,root.default,0,0
04:31:35,root.batch6,0,0
04:31:35,root.batch7,0,0
04:31:35,root.batch1,0,0
04:31:35,root.batch4,0,0
04:31:35,root.batch5,0,0
04:31:35,root.batch2,0,0
04:31:35,root.batch3,0,0
04:31:35,root.bursty0,35,209920
04:31:35,root.bursty1,160,977920
04:31:35,root.bursty2,195,1177600
04:31:35,root.batch0,3,-1024
04:31:36,root.default,0,0
04:31:36,root.batch6,0,0
04:31:36,root.batch7,0,0
04:31:36,root.batch1,0,0
04:31:36,root.batch4,0,0
04:31:36,root.batch5,0,0
04:31:36,root.batch2,0,0
04:31:36,root.batch3,0,0
04:31:36,root.bursty0,35,209920
04:31:36,root.bursty1,156,953344
04:31:36,root.bursty2,200,1208320
04:31:36,root.batch0,3,-1024
04:31:37,root.default,0,0
04:31:37,root.batch6,0,0
04:31:37,root.batch7,0,0
04:31:37,root.batch1,0,0
04:31:37,root.batch4,0,0
04:31:37,root.batch5,0,0
04:31:37,root.batch2,0,0
04:31:37,root.batch3,0,0
04:31:37,root.bursty0,35,209920
04:31:37,root.bursty1,162,990208
04:31:37,root.bursty2,201,1214464
04:31:37,root.batch0,3,-1024
04:31:38,root.default,0,0
04:31:38,root.batch6,0,0
04:31:38,root.batch7,0,0
04:31:38,root.batch1,0,0
04:31:38,root.batch4,0,0
04:31:38,root.batch5,0,0
04:31:38,root.batch2,0,0
04:31:38,root.batch3,0,0
04:31:38,root.bursty0,35,209920
04:31:38,root.bursty1,159,971776
04:31:38,root.bursty2,202,1220608
04:31:38,root.batch0,3,-1024
04:31:39,root.default,0,0
04:31:39,root.batch6,0,0
04:31:39,root.batch7,0,0
04:31:39,root.batch1,0,0
04:31:39,root.batch4,0,0
04:31:39,root.batch5,0,0
04:31:39,root.batch2,0,0
04:31:39,root.batch3,0,0
04:31:39,root.bursty0,35,209920
04:31:39,root.bursty1,168,1027072
04:31:39,root.bursty2,202,1220608
04:31:39,root.batch0,3,-1024
04:31:40,root.default,0,0
04:31:40,root.batch6,0,0
04:31:40,root.batch7,0,0
04:31:40,root.batch1,0,0
04:31:40,root.batch4,0,0
04:31:40,root.batch5,0,0
04:31:40,root.batch2,0,0
04:31:40,root.batch3,0,0
04:31:40,root.bursty0,35,209920
04:31:40,root.bursty1,164,1002496
04:31:40,root.bursty2,202,1220608
04:31:40,root.batch0,3,-1024
04:31:41,root.default,0,0
04:31:41,root.batch6,0,0
04:31:41,root.batch7,0,0
04:31:41,root.batch1,0,0
04:31:41,root.batch4,0,0
04:31:41,root.batch5,0,0
04:31:41,root.batch2,0,0
04:31:41,root.batch3,0,0
04:31:41,root.bursty0,35,209920
04:31:41,root.bursty1,164,1002496
04:31:41,root.bursty2,202,1220608
04:31:41,root.batch0,3,-1024
04:31:42,root.default,0,0
04:31:42,root.batch6,0,0
04:31:42,root.batch7,0,0
04:31:42,root.batch1,0,0
04:31:42,root.batch4,0,0
04:31:42,root.batch5,0,0
04:31:42,root.batch2,0,0
04:31:42,root.batch3,0,0
04:31:42,root.bursty0,35,209920
04:31:42,root.bursty1,168,1027072
04:31:42,root.bursty2,202,1220608
04:31:42,root.batch0,3,-1024
04:31:43,root.default,0,0
04:31:43,root.batch6,0,0
04:31:43,root.batch7,0,0
04:31:43,root.batch1,0,0
04:31:43,root.batch4,0,0
04:31:43,root.batch5,0,0
04:31:43,root.batch2,0,0
04:31:43,root.batch3,0,0
04:31:43,root.bursty0,35,209920
04:31:43,root.bursty1,165,1008640
04:31:43,root.bursty2,202,1220608
04:31:43,root.batch0,3,-1024
04:31:44,root.default,0,0
04:31:44,root.batch6,0,0
04:31:44,root.batch7,0,0
04:31:44,root.batch1,0,0
04:31:44,root.batch4,0,0
04:31:44,root.batch5,0,0
04:31:44,root.batch2,0,0
04:31:44,root.batch3,0,0
04:31:44,root.bursty0,35,209920
04:31:44,root.bursty1,163,996352
04:31:44,root.bursty2,202,1220608
04:31:44,root.batch0,3,-1024
04:31:45,root.default,0,0
04:31:45,root.batch6,0,0
04:31:45,root.batch7,0,0
04:31:45,root.batch1,0,0
04:31:45,root.batch4,0,0
04:31:45,root.batch5,0,0
04:31:45,root.batch2,0,0
04:31:45,root.batch3,0,0
04:31:45,root.bursty0,35,209920
04:31:45,root.bursty1,160,977920
04:31:45,root.bursty2,202,1220608
04:31:45,root.batch0,3,-1024
04:31:46,root.default,0,0
04:31:46,root.batch6,0,0
04:31:46,root.batch7,0,0
04:31:46,root.batch1,0,0
04:31:46,root.batch4,0,0
04:31:46,root.batch5,0,0
04:31:46,root.batch2,0,0
04:31:46,root.batch3,0,0
04:31:46,root.bursty0,35,209920
04:31:46,root.bursty1,157,959488
04:31:46,root.bursty2,202,1220608
04:31:46,root.batch0,3,-1024
04:31:47,root.default,0,0
04:31:47,root.batch6,0,0
04:31:47,root.batch7,0,0
04:31:47,root.batch1,0,0
04:31:47,root.batch4,0,0
04:31:47,root.batch5,0,0
04:31:47,root.batch2,0,0
04:31:47,root.batch3,0,0
04:31:47,root.bursty0,35,209920
04:31:47,root.bursty1,157,959488
04:31:47,root.bursty2,188,1134592
04:31:47,root.batch0,3,-1024
04:31:48,root.default,0,0
04:31:48,root.batch6,0,0
04:31:48,root.batch7,0,0
04:31:48,root.batch1,0,0
04:31:48,root.batch4,0,0
04:31:48,root.batch5,0,0
04:31:48,root.batch2,0,0
04:31:48,root.batch3,0,0
04:31:48,root.bursty0,35,209920
04:31:48,root.bursty2,164,987136
04:31:48,root.bursty1,184,1125376
04:31:48,root.batch0,3,-1024
04:31:49,root.default,0,0
04:31:49,root.batch6,0,0
04:31:49,root.batch7,0,0
04:31:49,root.batch1,0,0
04:31:49,root.batch4,0,0
04:31:49,root.batch5,0,0
04:31:49,root.batch2,0,0
04:31:49,root.batch3,0,0
04:31:49,root.bursty0,34,203776
04:31:49,root.bursty2,148,888832
04:31:49,root.bursty1,198,1211392
04:31:49,root.batch0,3,-1024
04:31:50,root.default,0,0
04:31:50,root.batch6,0,0
04:31:50,root.batch7,0,0
04:31:50,root.batch1,0,0
04:31:50,root.batch4,0,0
04:31:50,root.batch5,0,0
04:31:50,root.batch2,0,0
04:31:50,root.batch3,0,0
04:31:50,root.bursty0,24,142336
04:31:50,root.bursty2,169,1017856
04:31:50,root.bursty1,175,1070080
04:31:50,root.batch0,3,-1024
04:31:51,root.default,0,0
04:31:51,root.batch6,0,0
04:31:51,root.batch7,0,0
04:31:51,root.batch1,0,0
04:31:51,root.batch4,0,0
04:31:51,root.batch5,0,0
04:31:51,root.batch2,0,0
04:31:51,root.batch3,0,0
04:31:51,root.bursty0,5,25600
04:31:51,root.bursty1,211,1143808
04:31:51,root.bursty2,189,1140736
04:31:51,root.batch0,3,-1024
04:31:52,root.default,0,0
04:31:52,root.batch6,0,0
04:31:52,root.batch7,0,0
04:31:52,root.batch1,0,0
04:31:52,root.batch4,0,0
04:31:52,root.batch5,0,0
04:31:52,root.batch2,0,0
04:31:52,root.batch3,0,0
04:31:52,root.bursty0,3,13312
04:31:52,root.bursty1,249,1221632
04:31:52,root.bursty2,202,1220608
04:31:52,root.batch0,3,-1024
04:31:53,root.default,0,0
04:31:53,root.batch6,0,0
04:31:53,root.batch7,0,0
04:31:53,root.batch1,0,0
04:31:53,root.batch4,0,0
04:31:53,root.batch5,0,0
04:31:53,root.batch2,0,0
04:31:53,root.batch3,0,0
04:31:53,root.bursty0,1,1024
04:31:53,root.bursty1,269,1262592
04:31:53,root.bursty2,209,1263616
04:31:53,root.batch0,3,-1024
04:31:54,root.default,0,0
04:31:54,root.batch6,0,0
04:31:54,root.batch7,0,0
04:31:54,root.batch1,0,0
04:31:54,root.batch4,0,0
04:31:54,root.batch5,0,0
04:31:54,root.batch2,0,0
04:31:54,root.batch3,0,0
04:31:54,root.bursty0,1,1024
04:31:54,root.bursty2,209,1263616
04:31:54,root.bursty1,271,1266688
04:31:54,root.batch0,3,-1024
04:31:56,root.default,0,0
04:31:56,root.batch6,0,0
04:31:56,root.batch7,0,0
04:31:56,root.batch1,0,0
04:31:56,root.batch4,0,0
04:31:56,root.batch5,0,0
04:31:56,root.batch2,0,0
04:31:56,root.batch3,0,0
04:31:56,root.bursty0,1,1024
04:31:56,root.bursty2,207,1251328
04:31:56,root.bursty1,273,1270784
04:31:56,root.batch0,3,-1024
04:31:57,root.default,0,0
04:31:57,root.batch6,0,0
04:31:57,root.batch7,0,0
04:31:57,root.batch1,0,0
04:31:57,root.batch4,0,0
04:31:57,root.batch5,0,0
04:31:57,root.batch2,0,0
04:31:57,root.batch3,0,0
04:31:57,root.bursty0,1,1024
04:31:57,root.bursty2,208,1257472
04:31:57,root.bursty1,275,1274880
04:31:57,root.batch0,3,-1024
04:31:58,root.default,0,0
04:31:58,root.batch6,0,0
04:31:58,root.batch7,0,0
04:31:58,root.batch1,0,0
04:31:58,root.batch4,0,0
04:31:58,root.batch5,0,0
04:31:58,root.batch2,0,0
04:31:58,root.batch3,0,0
04:31:58,root.bursty0,1,1024
04:31:58,root.bursty2,206,1245184
04:31:58,root.bursty1,271,1266688
04:31:58,root.batch0,3,-1024
04:31:59,root.default,0,0
04:31:59,root.batch6,0,0
04:31:59,root.batch7,0,0
04:31:59,root.batch1,0,0
04:31:59,root.batch4,0,0
04:31:59,root.batch5,0,0
04:31:59,root.batch2,0,0
04:31:59,root.batch3,0,0
04:31:59,root.bursty0,1,1024
04:31:59,root.bursty1,253,1229824
04:31:59,root.bursty2,204,1232896
04:31:59,root.batch0,3,-1024
04:32:00,root.bursty0,0,0
04:32:00,root.default,0,0
04:32:00,root.batch6,0,0
04:32:00,root.batch7,0,0
04:32:00,root.batch1,0,0
04:32:00,root.batch4,0,0
04:32:00,root.batch5,0,0
04:32:00,root.batch2,0,0
04:32:00,root.batch3,0,0
04:32:00,root.bursty2,201,1214464
04:32:00,root.bursty1,245,1213440
04:32:00,root.batch0,3,-1024
04:32:01,root.bursty0,0,0
04:32:01,root.default,0,0
04:32:01,root.batch6,0,0
04:32:01,root.batch7,0,0
04:32:01,root.batch1,0,0
04:32:01,root.batch4,0,0
04:32:01,root.batch5,0,0
04:32:01,root.batch2,0,0
04:32:01,root.batch3,0,0
04:32:01,root.bursty1,237,1183744
04:32:01,root.bursty2,200,1208320
04:32:01,root.batch0,3,-1024
04:32:02,root.default,0,0
04:32:02,root.batch6,0,0
04:32:02,root.batch7,0,0
04:32:02,root.batch1,0,0
04:32:02,root.batch4,0,0
04:32:02,root.batch5,0,0
04:32:02,root.batch2,0,0
04:32:02,root.batch3,0,0
04:32:02,root.bursty0,1,1024
04:32:02,root.bursty1,203,1056768
04:32:02,root.bursty2,218,1277952
04:32:02,root.batch0,3,-1024
04:32:03,root.default,0,0
04:32:03,root.batch6,0,0
04:32:03,root.batch7,0,0
04:32:03,root.batch1,0,0
04:32:03,root.batch4,0,0
04:32:03,root.batch5,0,0
04:32:03,root.batch2,0,0
04:32:03,root.batch3,0,0
04:32:03,root.bursty0,1,1024
04:32:03,root.bursty1,181,905216
04:32:03,root.bursty2,285,1329152
04:32:03,root.batch0,3,-1024
04:32:04,root.default,0,0
04:32:04,root.batch6,0,0
04:32:04,root.batch7,0,0
04:32:04,root.batch1,0,0
04:32:04,root.batch4,0,0
04:32:04,root.batch5,0,0
04:32:04,root.batch2,0,0
04:32:04,root.batch3,0,0
04:32:04,root.bursty0,1,1024
04:32:04,root.bursty1,192,882688
04:32:04,root.bursty2,332,1372160
04:32:04,root.batch0,3,-1024
04:32:05,root.default,0,0
04:32:05,root.batch6,0,0
04:32:05,root.batch7,0,0
04:32:05,root.batch1,0,0
04:32:05,root.batch4,0,0
04:32:05,root.batch5,0,0
04:32:05,root.batch2,0,0
04:32:05,root.batch3,0,0
04:32:05,root.bursty0,1,1024
04:32:05,root.bursty1,196,866304
04:32:05,root.bursty2,341,1394688
04:32:05,root.batch0,3,-1024
04:32:06,root.default,0,0
04:32:06,root.batch6,0,0
04:32:06,root.batch7,0,0
04:32:06,root.batch1,0,0
04:32:06,root.batch4,0,0
04:32:06,root.batch5,0,0
04:32:06,root.batch2,0,0
04:32:06,root.batch3,0,0
04:32:06,root.bursty0,1,1024
04:32:06,root.bursty1,145,716800
04:32:06,root.bursty2,352,1552384
04:32:06,root.batch0,3,-1024
04:32:07,root.default,0,0
04:32:07,root.batch6,0,0
04:32:07,root.batch7,0,0
04:32:07,root.batch1,0,0
04:32:07,root.batch4,0,0
04:32:07,root.batch5,0,0
04:32:07,root.batch2,0,0
04:32:07,root.batch3,0,0
04:32:07,root.bursty0,1,1024
04:32:07,root.bursty1,125,610304
04:32:07,root.bursty2,384,1765376
04:32:07,root.batch0,3,-1024
04:32:08,root.default,0,0
04:32:08,root.batch6,0,0
04:32:08,root.batch7,0,0
04:32:08,root.batch1,0,0
04:32:08,root.batch4,0,0
04:32:08,root.batch5,0,0
04:32:08,root.batch2,0,0
04:32:08,root.batch3,0,0
04:32:08,root.bursty0,1,1024
04:32:08,root.bursty1,116,563200
04:32:08,root.bursty2,403,1914880
04:32:08,root.batch0,3,-1024
04:32:09,root.default,0,0
04:32:09,root.batch6,0,0
04:32:09,root.batch7,0,0
04:32:09,root.batch1,0,0
04:32:09,root.batch4,0,0
04:32:09,root.batch5,0,0
04:32:09,root.batch2,0,0
04:32:09,root.batch3,0,0
04:32:09,root.bursty0,1,1024
04:32:09,root.bursty1,102,485376
04:32:09,root.bursty2,384,1970176
04:32:09,root.batch0,3,-1024
04:32:10,root.default,0,0
04:32:10,root.batch6,0,0
04:32:10,root.batch7,0,0
04:32:10,root.batch1,0,0
04:32:10,root.batch4,0,0
04:32:10,root.batch5,0,0
04:32:10,root.batch2,0,0
04:32:10,root.batch3,0,0
04:32:10,root.bursty0,1,1024
04:32:10,root.bursty1,93,462848
04:32:10,root.bursty2,352,1994752
04:32:10,root.batch0,3,-1024
04:32:11,root.default,0,0
04:32:11,root.batch6,0,0
04:32:11,root.batch7,0,0
04:32:11,root.batch1,0,0
04:32:11,root.batch4,0,0
04:32:11,root.batch5,0,0
04:32:11,root.batch2,0,0
04:32:11,root.batch3,0,0
04:32:11,root.bursty0,1,1024
04:32:11,root.bursty1,68,391168
04:32:11,root.bursty2,342,2039808
04:32:11,root.batch0,3,-1024
04:32:12,root.default,0,0
04:32:12,root.batch6,0,0
04:32:12,root.batch7,0,0
04:32:12,root.batch1,0,0
04:32:12,root.batch4,0,0
04:32:12,root.batch5,0,0
04:32:12,root.batch2,0,0
04:32:12,root.batch3,0,0
04:32:12,root.bursty0,1,1024
04:32:12,root.bursty1,65,380928
04:32:12,root.bursty2,344,2068480
04:32:12,root.batch0,3,-1024
04:32:13,root.default,0,0
04:32:13,root.batch6,0,0
04:32:13,root.batch7,0,0
04:32:13,root.batch1,0,0
04:32:13,root.batch4,0,0
04:32:13,root.batch5,0,0
04:32:13,root.batch2,0,0
04:32:13,root.batch3,0,0
04:32:13,root.bursty0,1,1024
04:32:13,root.bursty1,64,382976
04:32:13,root.bursty2,343,2078720
04:32:13,root.batch0,3,-1024
04:32:14,root.default,0,0
04:32:14,root.batch6,0,0
04:32:14,root.batch7,0,0
04:32:14,root.batch1,0,0
04:32:14,root.batch4,0,0
04:32:14,root.batch5,0,0
04:32:14,root.batch2,0,0
04:32:14,root.batch3,0,0
04:32:14,root.bursty0,1,1024
04:32:14,root.bursty1,60,358400
04:32:14,root.bursty2,345,2099200
04:32:14,root.batch0,3,-1024
04:32:15,root.default,0,0
04:32:15,root.batch6,0,0
04:32:15,root.batch7,0,0
04:32:15,root.batch1,0,0
04:32:15,root.batch4,0,0
04:32:15,root.batch5,0,0
04:32:15,root.batch2,0,0
04:32:15,root.batch3,0,0
04:32:15,root.bursty0,2,7168
04:32:15,root.bursty1,55,327680
04:32:15,root.bursty2,348,2117632
04:32:15,root.batch0,3,-1024
04:32:16,root.default,0,0
04:32:16,root.batch6,0,0
04:32:16,root.batch7,0,0
04:32:16,root.batch1,0,0
04:32:16,root.batch4,0,0
04:32:16,root.batch5,0,0
04:32:16,root.batch2,0,0
04:32:16,root.batch3,0,0
04:32:16,root.bursty0,3,13312
04:32:16,root.bursty1,47,278528
04:32:16,root.bursty2,357,2172928
04:32:16,root.batch0,3,-1024
04:32:17,root.default,0,0
04:32:17,root.batch6,0,0
04:32:17,root.batch7,0,0
04:32:17,root.batch1,0,0
04:32:17,root.batch4,0,0
04:32:17,root.batch5,0,0
04:32:17,root.batch2,0,0
04:32:17,root.batch3,0,0
04:32:17,root.bursty0,4,19456
04:32:17,root.bursty1,35,204800
04:32:17,root.bursty2,360,2191360
04:32:17,root.batch0,3,-1024
04:32:18,root.default,0,0
04:32:18,root.batch6,0,0
04:32:18,root.batch7,0,0
04:32:18,root.batch1,0,0
04:32:18,root.batch4,0,0
04:32:18,root.batch5,0,0
04:32:18,root.batch2,0,0
04:32:18,root.batch3,0,0
04:32:18,root.bursty0,16,93184
04:32:18,root.bursty1,16,88064
04:32:18,root.bursty2,361,2197504
04:32:18,root.batch0,3,-1024
04:32:19,root.default,0,0
04:32:19,root.batch6,0,0
04:32:19,root.batch7,0,0
04:32:19,root.batch1,0,0
04:32:19,root.batch4,0,0
04:32:19,root.batch5,0,0
04:32:19,root.batch2,0,0
04:32:19,root.batch3,0,0
04:32:19,root.bursty1,19,106496
04:32:19,root.bursty0,27,160768
04:32:19,root.bursty2,355,2160640
04:32:19,root.batch0,3,-1024
04:32:20,root.default,0,0
04:32:20,root.batch6,0,0
04:32:20,root.batch7,0,0
04:32:20,root.batch1,0,0
04:32:20,root.batch4,0,0
04:32:20,root.batch5,0,0
04:32:20,root.batch2,0,0
04:32:20,root.batch3,0,0
04:32:20,root.bursty1,24,137216
04:32:20,root.bursty0,30,179200
04:32:20,root.bursty2,334,2031616
04:32:20,root.batch0,3,-1024
04:32:21,root.default,0,0
04:32:21,root.batch6,0,0
04:32:21,root.batch7,0,0
04:32:21,root.batch1,0,0
04:32:21,root.batch4,0,0
04:32:21,root.batch5,0,0
04:32:21,root.batch2,0,0
04:32:21,root.batch3,0,0
04:32:21,root.bursty0,33,197632
04:32:21,root.bursty1,45,266240
04:32:21,root.bursty2,310,1884160
04:32:21,root.batch0,3,-1024
04:32:22,root.default,0,0
04:32:22,root.batch6,0,0
04:32:22,root.batch7,0,0
04:32:22,root.batch1,0,0
04:32:22,root.batch4,0,0
04:32:22,root.batch5,0,0
04:32:22,root.batch2,0,0
04:32:22,root.batch3,0,0
04:32:22,root.bursty0,52,314368
04:32:22,root.bursty1,54,321536
04:32:22,root.bursty2,288,1748992
04:32:22,root.batch0,3,-1024
04:32:23,root.default,0,0
04:32:23,root.batch6,0,0
04:32:23,root.batch7,0,0
04:32:23,root.batch1,0,0
04:32:23,root.batch4,0,0
04:32:23,root.batch5,0,0
04:32:23,root.batch2,0,0
04:32:23,root.batch3,0,0
04:32:23,root.bursty1,60,358400
04:32:23,root.bursty0,64,388096
04:32:23,root.bursty2,277,1681408
04:32:23,root.batch0,3,-1024
04:32:24,root.default,0,0
04:32:24,root.batch6,0,0
04:32:24,root.batch7,0,0
04:32:24,root.batch1,0,0
04:32:24,root.batch4,0,0
04:32:24,root.batch5,0,0
04:32:24,root.batch2,0,0
04:32:24,root.batch3,0,0
04:32:24,root.bursty0,65,394240
04:32:24,root.bursty1,67,406528
04:32:24,root.bursty2,270,1638400
04:32:24,root.batch0,3,-1024
04:32:25,root.default,0,0
04:32:25,root.batch6,0,0
04:32:25,root.batch7,0,0
04:32:25,root.batch1,0,0
04:32:25,root.batch4,0,0
04:32:25,root.batch5,0,0
04:32:25,root.batch2,0,0
04:32:25,root.batch3,0,0
04:32:25,root.bursty0,67,406528
04:32:25,root.bursty1,70,424960
04:32:25,root.bursty2,268,1626112
04:32:25,root.batch0,3,-1024
04:32:26,root.default,0,0
04:32:26,root.batch6,0,0
04:32:26,root.batch7,0,0
04:32:26,root.batch1,0,0
04:32:26,root.batch4,0,0
04:32:26,root.batch5,0,0
04:32:26,root.batch2,0,0
04:32:26,root.batch3,0,0
04:32:26,root.bursty0,68,412672
04:32:26,root.bursty1,70,424960
04:32:26,root.bursty2,267,1619968
04:32:26,root.batch0,3,-1024
04:32:27,root.default,0,0
04:32:27,root.batch6,0,0
04:32:27,root.batch7,0,0
04:32:27,root.batch1,0,0
04:32:27,root.batch4,0,0
04:32:27,root.batch5,0,0
04:32:27,root.batch2,0,0
04:32:27,root.batch3,0,0
04:32:27,root.bursty0,70,424960
04:32:27,root.bursty1,70,424960
04:32:27,root.bursty2,264,1601536
04:32:27,root.batch0,3,-1024
04:32:28,root.default,0,0
04:32:28,root.batch6,0,0
04:32:28,root.batch7,0,0
04:32:28,root.batch1,0,0
04:32:28,root.batch4,0,0
04:32:28,root.batch5,0,0
04:32:28,root.batch2,0,0
04:32:28,root.batch3,0,0
04:32:28,root.bursty1,71,431104
04:32:28,root.bursty0,74,449536
04:32:28,root.bursty2,258,1564672
04:32:28,root.batch0,3,-1024
04:32:29,root.default,0,0
04:32:29,root.batch6,0,0
04:32:29,root.batch7,0,0
04:32:29,root.batch1,0,0
04:32:29,root.batch4,0,0
04:32:29,root.batch5,0,0
04:32:29,root.batch2,0,0
04:32:29,root.batch3,0,0
04:32:29,root.bursty1,77,467968
04:32:29,root.bursty0,80,486400
04:32:29,root.bursty2,240,1454080
04:32:29,root.batch0,3,-1024
04:32:30,root.default,0,0
04:32:30,root.batch6,0,0
04:32:30,root.batch7,0,0
04:32:30,root.batch1,0,0
04:32:30,root.batch4,0,0
04:32:30,root.batch5,0,0
04:32:30,root.batch2,0,0
04:32:30,root.batch3,0,0
04:32:30,root.bursty0,85,517120
04:32:30,root.bursty1,86,523264
04:32:30,root.bursty2,226,1368064
04:32:30,root.batch0,3,-1024
04:32:31,root.default,0,0
04:32:31,root.batch6,0,0
04:32:31,root.batch7,0,0
04:32:31,root.batch1,0,0
04:32:31,root.batch4,0,0
04:32:31,root.batch5,0,0
04:32:31,root.batch2,0,0
04:32:31,root.batch3,0,0
04:32:31,root.bursty0,91,553984
04:32:31,root.bursty1,93,566272
04:32:31,root.bursty2,219,1325056
04:32:31,root.batch0,3,-1024
04:32:32,root.default,0,0
04:32:32,root.batch6,0,0
04:32:32,root.batch7,0,0
04:32:32,root.batch1,0,0
04:32:32,root.batch4,0,0
04:32:32,root.batch5,0,0
04:32:32,root.batch2,0,0
04:32:32,root.batch3,0,0
04:32:32,root.bursty1,94,572416
04:32:32,root.bursty0,96,584704
04:32:32,root.bursty2,215,1300480
04:32:32,root.batch0,3,-1024
04:32:33,root.default,0,0
04:32:33,root.batch6,0,0
04:32:33,root.batch7,0,0
04:32:33,root.batch1,0,0
04:32:33,root.batch4,0,0
04:32:33,root.batch5,0,0
04:32:33,root.batch2,0,0
04:32:33,root.batch3,0,0
04:32:33,root.bursty1,94,572416
04:32:33,root.bursty0,97,590848
04:32:33,root.bursty2,215,1300480
04:32:33,root.batch0,3,-1024
04:32:34,root.default,0,0
04:32:34,root.batch6,0,0
04:32:34,root.batch7,0,0
04:32:34,root.batch1,0,0
04:32:34,root.batch4,0,0
04:32:34,root.batch5,0,0
04:32:34,root.batch2,0,0
04:32:34,root.batch3,0,0
04:32:34,root.bursty1,94,572416
04:32:34,root.bursty0,98,596992
04:32:34,root.bursty2,214,1294336
04:32:34,root.batch0,3,-1024
04:32:35,root.default,0,0
04:32:35,root.batch6,0,0
04:32:35,root.batch7,0,0
04:32:35,root.batch1,0,0
04:32:35,root.batch4,0,0
04:32:35,root.batch5,0,0
04:32:35,root.batch2,0,0
04:32:35,root.batch3,0,0
04:32:35,root.bursty1,95,578560
04:32:35,root.bursty0,102,621568
04:32:35,root.bursty2,206,1245184
04:32:35,root.batch0,3,-1024
04:32:36,root.default,0,0
04:32:36,root.batch6,0,0
04:32:36,root.batch7,0,0
04:32:36,root.batch1,0,0
04:32:36,root.batch4,0,0
04:32:36,root.batch5,0,0
04:32:36,root.batch2,0,0
04:32:36,root.batch3,0,0
04:32:36,root.bursty1,110,670720
04:32:36,root.bursty0,111,676864
04:32:36,root.bursty2,180,1085440
04:32:36,root.batch0,3,-1024
04:32:37,root.default,0,0
04:32:37,root.batch6,0,0
04:32:37,root.batch7,0,0
04:32:37,root.batch1,0,0
04:32:37,root.batch4,0,0
04:32:37,root.batch5,0,0
04:32:37,root.batch2,0,0
04:32:37,root.batch3,0,0
04:32:37,root.bursty0,127,775168
04:32:37,root.bursty1,126,769024
04:32:37,root.bursty2,147,882688
04:32:37,root.batch0,3,-1024
04:32:38,root.default,0,0
04:32:38,root.batch6,0,0
04:32:38,root.batch7,0,0
04:32:38,root.batch1,0,0
04:32:38,root.batch4,0,0
04:32:38,root.batch5,0,0
04:32:38,root.batch2,0,0
04:32:38,root.batch3,0,0
04:32:38,root.bursty2,140,749568
04:32:38,root.bursty1,136,830464
04:32:38,root.bursty0,138,842752
04:32:38,root.batch0,3,-1024
04:32:39,root.default,0,0
04:32:39,root.batch6,0,0
04:32:39,root.batch7,0,0
04:32:39,root.batch1,0,0
04:32:39,root.batch4,0,0
04:32:39,root.batch5,0,0
04:32:39,root.batch2,0,0
04:32:39,root.batch3,0,0
04:32:39,root.bursty2,147,792576
04:32:39,root.bursty1,137,836608
04:32:39,root.bursty0,138,842752
04:32:39,root.batch0,3,-1024
04:32:40,root.default,0,0
04:32:40,root.batch6,0,0
04:32:40,root.batch7,0,0
04:32:40,root.batch1,0,0
04:32:40,root.batch4,0,0
04:32:40,root.batch5,0,0
04:32:40,root.batch2,0,0
04:32:40,root.batch3,0,0
04:32:40,root.bursty2,143,768000
04:32:40,root.bursty1,137,836608
04:32:40,root.bursty0,138,842752
04:32:40,root.batch0,3,-1024
04:32:41,root.default,0,0
04:32:41,root.batch6,0,0
04:32:41,root.batch7,0,0
04:32:41,root.batch1,0,0
04:32:41,root.batch4,0,0
04:32:41,root.batch5,0,0
04:32:41,root.batch2,0,0
04:32:41,root.batch3,0,0
04:32:41,root.bursty2,147,792576
04:32:41,root.bursty1,137,836608
04:32:41,root.bursty0,138,842752
04:32:41,root.batch0,3,-1024
04:32:42,root.default,0,0
04:32:42,root.batch6,0,0
04:32:42,root.batch7,0,0
04:32:42,root.batch1,0,0
04:32:42,root.batch4,0,0
04:32:42,root.batch5,0,0
04:32:42,root.batch2,0,0
04:32:42,root.batch3,0,0
04:32:42,root.bursty1,134,818176
04:32:42,root.bursty2,152,823296
04:32:42,root.bursty0,138,842752
04:32:42,root.batch0,3,-1024
04:32:43,root.default,0,0
04:32:43,root.batch6,0,0
04:32:43,root.batch7,0,0
04:32:43,root.batch1,0,0
04:32:43,root.batch4,0,0
04:32:43,root.batch5,0,0
04:32:43,root.batch2,0,0
04:32:43,root.batch3,0,0
04:32:43,root.bursty1,134,818176
04:32:43,root.bursty2,153,829440
04:32:43,root.bursty0,138,842752
04:32:43,root.batch0,3,-1024
04:32:44,root.default,0,0
04:32:44,root.batch6,0,0
04:32:44,root.batch7,0,0
04:32:44,root.batch1,0,0
04:32:44,root.batch4,0,0
04:32:44,root.batch5,0,0
04:32:44,root.batch2,0,0
04:32:44,root.batch3,0,0
04:32:44,root.bursty1,133,812032
04:32:44,root.bursty2,145,813056
04:32:44,root.bursty0,138,842752
04:32:44,root.batch0,3,-1024
04:32:45,root.default,0,0
04:32:45,root.batch6,0,0
04:32:45,root.batch7,0,0
04:32:45,root.batch1,0,0
04:32:45,root.batch4,0,0
04:32:45,root.batch5,0,0
04:32:45,root.batch2,0,0
04:32:45,root.batch3,0,0
04:32:45,root.bursty2,134,802816
04:32:45,root.bursty1,134,818176
04:32:45,root.bursty0,137,836608
04:32:45,root.batch0,3,-1024
04:32:46,root.default,0,0
04:32:46,root.batch6,0,0
04:32:46,root.batch7,0,0
04:32:46,root.batch1,0,0
04:32:46,root.batch4,0,0
04:32:46,root.batch5,0,0
04:32:46,root.batch2,0,0
04:32:46,root.batch3,0,0
04:32:46,root.bursty2,133,796672
04:32:46,root.bursty1,136,830464
04:32:46,root.bursty0,137,836608
04:32:46,root.batch0,3,-1024
04:32:47,root.default,0,0
04:32:47,root.batch6,0,0
04:32:47,root.batch7,0,0
04:32:47,root.batch1,0,0
04:32:47,root.batch4,0,0
04:32:47,root.batch5,0,0
04:32:47,root.batch2,0,0
04:32:47,root.batch3,0,0
04:32:47,root.bursty0,131,799744
04:32:47,root.bursty2,135,808960
04:32:47,root.bursty1,133,812032
04:32:47,root.batch0,3,-1024
04:32:48,root.default,0,0
04:32:48,root.batch6,0,0
04:32:48,root.batch7,0,0
04:32:48,root.batch1,0,0
04:32:48,root.batch4,0,0
04:32:48,root.batch5,0,0
04:32:48,root.batch2,0,0
04:32:48,root.batch3,0,0
04:32:48,root.bursty0,115,701440
04:32:48,root.bursty1,134,818176
04:32:48,root.bursty2,143,858112
04:32:48,root.batch0,3,-1024
04:32:49,root.default,0,0
04:32:49,root.batch6,0,0
04:32:49,root.batch7,0,0
04:32:49,root.batch1,0,0
04:32:49,root.batch4,0,0
04:32:49,root.batch5,0,0
04:32:49,root.batch2,0,0
04:32:49,root.batch3,0,0
04:32:49,root.bursty0,125,762880
04:32:49,root.bursty1,131,799744
04:32:49,root.bursty2,149,894976
04:32:49,root.batch0,3,-1024
04:32:50,root.default,0,0
04:32:50,root.batch6,0,0
04:32:50,root.batch7,0,0
04:32:50,root.batch1,0,0
04:32:50,root.batch4,0,0
04:32:50,root.batch5,0,0
04:32:50,root.batch2,0,0
04:32:50,root.batch3,0,0
04:32:50,root.bursty1,123,750592
04:32:50,root.bursty0,132,805888
04:32:50,root.bursty2,149,894976
04:32:50,root.batch0,3,-1024
04:32:52,root.default,0,0
04:32:52,root.batch6,0,0
04:32:52,root.batch7,0,0
04:32:52,root.batch1,0,0
04:32:52,root.batch4,0,0
04:32:52,root.batch5,0,0
04:32:52,root.batch2,0,0
04:32:52,root.batch3,0,0
04:32:52,root.bursty1,114,695296
04:32:52,root.bursty0,130,793600
04:32:52,root.bursty2,149,900096
04:32:52,root.batch0,3,-1024
04:32:53,root.default,0,0
04:32:53,root.batch6,0,0
04:32:53,root.batch7,0,0
04:32:53,root.batch1,0,0
04:32:53,root.batch4,0,0
04:32:53,root.batch5,0,0
04:32:53,root.batch2,0,0
04:32:53,root.batch3,0,0
04:32:53,root.bursty0,122,744448
04:32:53,root.bursty1,126,769024
04:32:53,root.bursty2,149,900096
04:32:53,root.batch0,3,-1024
04:32:54,root.default,0,0
04:32:54,root.batch6,0,0
04:32:54,root.batch7,0,0
04:32:54,root.batch1,0,0
04:32:54,root.batch4,0,0
04:32:54,root.batch5,0,0
04:32:54,root.batch2,0,0
04:32:54,root.batch3,0,0
04:32:54,root.bursty0,126,769024
04:32:54,root.bursty1,127,775168
04:32:54,root.bursty2,149,900096
04:32:54,root.batch0,3,-1024
04:32:55,root.default,0,0
04:32:55,root.batch6,0,0
04:32:55,root.batch7,0,0
04:32:55,root.batch1,0,0
04:32:55,root.batch4,0,0
04:32:55,root.batch5,0,0
04:32:55,root.batch2,0,0
04:32:55,root.batch3,0,0
04:32:55,root.bursty1,122,744448
04:32:55,root.bursty0,133,812032
04:32:55,root.bursty2,149,900096
04:32:55,root.batch0,3,-1024
04:32:56,root.default,0,0
04:32:56,root.batch6,0,0
04:32:56,root.batch7,0,0
04:32:56,root.batch1,0,0
04:32:56,root.batch4,0,0
04:32:56,root.batch5,0,0
04:32:56,root.batch2,0,0
04:32:56,root.batch3,0,0
04:32:56,root.bursty1,122,744448
04:32:56,root.bursty0,133,812032
04:32:56,root.bursty2,149,900096
04:32:56,root.batch0,3,-1024
04:32:57,root.default,0,0
04:32:57,root.batch6,0,0
04:32:57,root.batch7,0,0
04:32:57,root.batch1,0,0
04:32:57,root.batch4,0,0
04:32:57,root.batch5,0,0
04:32:57,root.batch2,0,0
04:32:57,root.batch3,0,0
04:32:57,root.bursty1,123,750592
04:32:57,root.bursty0,132,805888
04:32:57,root.bursty2,149,900096
04:32:57,root.batch0,3,-1024
04:32:58,root.default,0,0
04:32:58,root.batch6,0,0
04:32:58,root.batch7,0,0
04:32:58,root.batch1,0,0
04:32:58,root.batch4,0,0
04:32:58,root.batch5,0,0
04:32:58,root.batch2,0,0
04:32:58,root.batch3,0,0
04:32:58,root.bursty1,126,769024
04:32:58,root.bursty0,130,793600
04:32:58,root.bursty2,149,900096
04:32:58,root.batch0,3,-1024
04:32:59,root.default,0,0
04:32:59,root.batch6,0,0
04:32:59,root.batch7,0,0
04:32:59,root.batch1,0,0
04:32:59,root.batch4,0,0
04:32:59,root.batch5,0,0
04:32:59,root.batch2,0,0
04:32:59,root.batch3,0,0
04:32:59,root.bursty1,126,769024
04:32:59,root.bursty0,127,775168
04:32:59,root.bursty2,149,900096
04:32:59,root.batch0,3,-1024
04:33:00,root.default,0,0
04:33:00,root.batch6,0,0
04:33:00,root.batch7,0,0
04:33:00,root.batch1,0,0
04:33:00,root.batch4,0,0
04:33:00,root.batch5,0,0
04:33:00,root.batch2,0,0
04:33:00,root.batch3,0,0
04:33:00,root.bursty0,123,750592
04:33:00,root.bursty1,129,787456
04:33:00,root.bursty2,149,900096
04:33:00,root.batch0,3,-1024
04:33:01,root.default,0,0
04:33:01,root.batch6,0,0
04:33:01,root.batch7,0,0
04:33:01,root.batch1,0,0
04:33:01,root.batch4,0,0
04:33:01,root.batch5,0,0
04:33:01,root.batch2,0,0
04:33:01,root.batch3,0,0
04:33:01,root.bursty0,127,775168
04:33:01,root.bursty1,129,787456
04:33:01,root.bursty2,149,900096
04:33:01,root.batch0,3,-1024
04:33:02,root.default,0,0
04:33:02,root.batch6,0,0
04:33:02,root.batch7,0,0
04:33:02,root.batch1,0,0
04:33:02,root.batch4,0,0
04:33:02,root.batch5,0,0
04:33:02,root.batch2,0,0
04:33:02,root.batch3,0,0
04:33:02,root.bursty0,127,775168
04:33:02,root.bursty1,128,781312
04:33:02,root.bursty2,149,900096
04:33:02,root.batch0,3,-1024
04:33:03,root.default,0,0
04:33:03,root.batch6,0,0
04:33:03,root.batch7,0,0
04:33:03,root.batch1,0,0
04:33:03,root.batch4,0,0
04:33:03,root.batch5,0,0
04:33:03,root.batch2,0,0
04:33:03,root.batch3,0,0
04:33:03,root.bursty0,127,775168
04:33:03,root.bursty1,128,781312
04:33:03,root.bursty2,149,900096
04:33:03,root.batch0,3,-1024
04:33:04,root.default,0,0
04:33:04,root.batch6,0,0
04:33:04,root.batch7,0,0
04:33:04,root.batch1,0,0
04:33:04,root.batch4,0,0
04:33:04,root.batch5,0,0
04:33:04,root.batch2,0,0
04:33:04,root.batch3,0,0
04:33:04,root.bursty0,127,775168
04:33:04,root.bursty1,129,787456
04:33:04,root.bursty2,149,900096
04:33:04,root.batch0,3,-1024
04:33:05,root.default,0,0
04:33:05,root.batch6,0,0
04:33:05,root.batch7,0,0
04:33:05,root.batch1,0,0
04:33:05,root.batch4,0,0
04:33:05,root.batch5,0,0
04:33:05,root.batch2,0,0
04:33:05,root.batch3,0,0
04:33:05,root.bursty0,125,762880
04:33:05,root.bursty1,131,799744
04:33:05,root.bursty2,149,900096
04:33:05,root.batch0,3,-1024
04:33:06,root.default,0,0
04:33:06,root.batch6,0,0
04:33:06,root.batch7,0,0
04:33:06,root.batch1,0,0
04:33:06,root.batch4,0,0
04:33:06,root.batch5,0,0
04:33:06,root.batch2,0,0
04:33:06,root.batch3,0,0
04:33:06,root.bursty0,125,762880
04:33:06,root.bursty1,131,799744
04:33:06,root.bursty2,149,900096
04:33:06,root.batch0,3,-1024
04:33:07,root.default,0,0
04:33:07,root.batch6,0,0
04:33:07,root.batch7,0,0
04:33:07,root.batch1,0,0
04:33:07,root.batch4,0,0
04:33:07,root.batch5,0,0
04:33:07,root.batch2,0,0
04:33:07,root.batch3,0,0
04:33:07,root.bursty1,120,732160
04:33:07,root.bursty0,128,781312
04:33:07,root.bursty2,149,900096
04:33:07,root.batch0,3,-1024
04:33:08,root.default,0,0
04:33:08,root.batch6,0,0
04:33:08,root.batch7,0,0
04:33:08,root.batch1,0,0
04:33:08,root.batch4,0,0
04:33:08,root.batch5,0,0
04:33:08,root.batch2,0,0
04:33:08,root.batch3,0,0
04:33:08,root.bursty1,123,750592
04:33:08,root.bursty0,124,756736
04:33:08,root.bursty2,149,900096
04:33:08,root.batch0,3,-1024
04:33:09,root.default,0,0
04:33:09,root.batch6,0,0
04:33:09,root.batch7,0,0
04:33:09,root.batch1,0,0
04:33:09,root.batch4,0,0
04:33:09,root.batch5,0,0
04:33:09,root.batch2,0,0
04:33:09,root.batch3,0,0
04:33:09,root.bursty1,128,781312
04:33:09,root.bursty0,133,812032
04:33:09,root.bursty2,143,863232
04:33:09,root.batch0,3,-1024
04:33:10,root.default,0,0
04:33:10,root.batch6,0,0
04:33:10,root.batch7,0,0
04:33:10,root.batch1,0,0
04:33:10,root.batch4,0,0
04:33:10,root.batch5,0,0
04:33:10,root.batch2,0,0
04:33:10,root.batch3,0,0
04:33:10,root.bursty2,116,697344
04:33:10,root.bursty0,135,824320
04:33:10,root.bursty1,144,879616
04:33:10,root.batch0,3,-1024
04:33:11,root.default,0,0
04:33:11,root.batch6,0,0
04:33:11,root.batch7,0,0
04:33:11,root.batch1,0,0
04:33:11,root.batch4,0,0
04:33:11,root.batch5,0,0
04:33:11,root.batch2,0,0
04:33:11,root.batch3,0,0
04:33:11,root.bursty2,120,721920
04:33:11,root.bursty0,135,824320
04:33:11,root.bursty1,147,898048
04:33:11,root.batch0,3,-1024
04:33:12,root.default,0,0
04:33:12,root.batch6,0,0
04:33:12,root.batch7,0,0
04:33:12,root.batch1,0,0
04:33:12,root.batch4,0,0
04:33:12,root.batch5,0,0
04:33:12,root.batch2,0,0
04:33:12,root.batch3,0,0
04:33:12,root.bursty2,121,728064
04:33:12,root.bursty0,135,824320
04:33:12,root.bursty1,147,898048
04:33:12,root.batch0,3,-1024
04:33:13,root.default,0,0
04:33:13,root.batch6,0,0
04:33:13,root.batch7,0,0
04:33:13,root.batch1,0,0
04:33:13,root.batch4,0,0
04:33:13,root.batch5,0,0
04:33:13,root.batch2,0,0
04:33:13,root.batch3,0,0
04:33:13,root.bursty2,122,734208
04:33:13,root.bursty0,135,824320
04:33:13,root.bursty1,147,898048
04:33:13,root.batch0,3,-1024
04:33:14,root.default,0,0
04:33:14,root.batch6,0,0
04:33:14,root.batch7,0,0
04:33:14,root.batch1,0,0
04:33:14,root.batch4,0,0
04:33:14,root.batch5,0,0
04:33:14,root.batch2,0,0
04:33:14,root.batch3,0,0
04:33:14,root.bursty2,124,746496
04:33:14,root.bursty0,135,824320
04:33:14,root.bursty1,146,891904
04:33:14,root.batch0,3,-1024
04:33:15,root.default,0,0
04:33:15,root.batch6,0,0
04:33:15,root.batch7,0,0
04:33:15,root.batch1,0,0
04:33:15,root.batch4,0,0
04:33:15,root.batch5,0,0
04:33:15,root.batch2,0,0
04:33:15,root.batch3,0,0
04:33:15,root.bursty2,126,758784
04:33:15,root.bursty0,134,818176
04:33:15,root.bursty1,145,885760
04:33:15,root.batch0,3,-1024
04:33:16,root.default,0,0
04:33:16,root.batch6,0,0
04:33:16,root.batch7,0,0
04:33:16,root.batch1,0,0
04:33:16,root.batch4,0,0
04:33:16,root.batch5,0,0
04:33:16,root.batch2,0,0
04:33:16,root.batch3,0,0
04:33:16,root.bursty2,128,771072
04:33:16,root.bursty0,134,818176
04:33:16,root.bursty1,143,873472
04:33:16,root.batch0,3,-1024
04:33:17,root.default,0,0
04:33:17,root.batch6,0,0
04:33:17,root.batch7,0,0
04:33:17,root.batch1,0,0
04:33:17,root.batch4,0,0
04:33:17,root.batch5,0,0
04:33:17,root.batch2,0,0
04:33:17,root.batch3,0,0
04:33:17,root.bursty2,130,783360
04:33:17,root.bursty0,134,818176
04:33:17,root.bursty1,141,861184
04:33:17,root.batch0,3,-1024
04:33:18,root.default,0,0
04:33:18,root.batch6,0,0
04:33:18,root.batch7,0,0
04:33:18,root.batch1,0,0
04:33:18,root.batch4,0,0
04:33:18,root.batch5,0,0
04:33:18,root.batch2,0,0
04:33:18,root.batch3,0,0
04:33:18,root.bursty0,133,812032
04:33:18,root.bursty2,135,814080
04:33:18,root.bursty1,137,836608
04:33:18,root.batch0,3,-1024
04:33:19,root.default,0,0
04:33:19,root.batch6,0,0
04:33:19,root.batch7,0,0
04:33:19,root.batch1,0,0
04:33:19,root.batch4,0,0
04:33:19,root.batch5,0,0
04:33:19,root.batch2,0,0
04:33:19,root.batch3,0,0
04:33:19,root.bursty0,126,769024
04:33:19,root.bursty1,136,830464
04:33:19,root.bursty2,142,857088
04:33:19,root.batch0,3,-1024
04:33:20,root.default,0,0
04:33:20,root.batch6,0,0
04:33:20,root.batch7,0,0
04:33:20,root.batch1,0,0
04:33:20,root.batch4,0,0
04:33:20,root.batch5,0,0
04:33:20,root.batch2,0,0
04:33:20,root.batch3,0,0
04:33:20,root.bursty0,125,762880
04:33:20,root.bursty1,135,824320
04:33:20,root.bursty2,144,869376
04:33:20,root.batch0,3,-1024
04:33:21,root.default,0,0
04:33:21,root.batch6,0,0
04:33:21,root.batch7,0,0
04:33:21,root.batch1,0,0
04:33:21,root.batch4,0,0
04:33:21,root.batch5,0,0
04:33:21,root.batch2,0,0
04:33:21,root.batch3,0,0
04:33:21,root.bursty2,136,803840
04:33:21,root.bursty1,117,713728
04:33:21,root.bursty0,136,830464
04:33:21,root.batch0,3,-1024
04:33:22,root.default,0,0
04:33:22,root.batch6,0,0
04:33:22,root.batch7,0,0
04:33:22,root.batch1,0,0
04:33:22,root.batch4,0,0
04:33:22,root.batch5,0,0
04:33:22,root.batch2,0,0
04:33:22,root.batch3,0,0
04:33:22,root.bursty2,138,783360
04:33:22,root.bursty1,114,695296
04:33:22,root.bursty0,141,861184
04:33:22,root.batch0,3,-1024
04:33:23,root.default,0,0
04:33:23,root.batch6,0,0
04:33:23,root.batch7,0,0
04:33:23,root.batch1,0,0
04:33:23,root.batch4,0,0
04:33:23,root.batch5,0,0
04:33:23,root.batch2,0,0
04:33:23,root.batch3,0,0
04:33:23,root.bursty1,131,799744
04:33:23,root.bursty2,158,824320
04:33:23,root.bursty0,137,836608
04:33:23,root.batch0,3,-1024
04:33:24,root.default,0,0
04:33:24,root.batch6,0,0
04:33:24,root.batch7,0,0
04:33:24,root.batch1,0,0
04:33:24,root.batch4,0,0
04:33:24,root.batch5,0,0
04:33:24,root.batch2,0,0
04:33:24,root.batch3,0,0
04:33:24,root.bursty0,130,793600
04:33:24,root.bursty1,137,836608
04:33:24,root.bursty2,164,836608
04:33:24,root.batch0,3,-1024
04:33:25,root.default,0,0
04:33:25,root.batch6,0,0
04:33:25,root.batch7,0,0
04:33:25,root.batch1,0,0
04:33:25,root.batch4,0,0
04:33:25,root.batch5,0,0
04:33:25,root.batch2,0,0
04:33:25,root.batch3,0,0
04:33:25,root.bursty0,132,805888
04:33:25,root.bursty2,164,836608
04:33:25,root.bursty1,135,824320
04:33:25,root.batch0,3,-1024
04:33:26,root.default,0,0
04:33:26,root.batch6,0,0
04:33:26,root.batch7,0,0
04:33:26,root.batch1,0,0
04:33:26,root.batch4,0,0
04:33:26,root.batch5,0,0
04:33:26,root.batch2,0,0
04:33:26,root.batch3,0,0
04:33:26,root.bursty1,135,824320
04:33:26,root.bursty0,136,830464
04:33:26,root.bursty2,164,836608
04:33:26,root.batch0,3,-1024
04:33:27,root.default,0,0
04:33:27,root.batch6,0,0
04:33:27,root.batch7,0,0
04:33:27,root.batch1,0,0
04:33:27,root.batch4,0,0
04:33:27,root.batch5,0,0
04:33:27,root.batch2,0,0
04:33:27,root.batch3,0,0
04:33:27,root.bursty1,132,805888
04:33:27,root.bursty0,136,830464
04:33:27,root.bursty2,162,832512
04:33:27,root.batch0,3,-1024
04:33:28,root.default,0,0
04:33:28,root.batch6,0,0
04:33:28,root.batch7,0,0
04:33:28,root.batch1,0,0
04:33:28,root.batch4,0,0
04:33:28,root.batch5,0,0
04:33:28,root.batch2,0,0
04:33:28,root.batch3,0,0
04:33:28,root.bursty1,130,793600
04:33:28,root.bursty2,158,824320
04:33:28,root.bursty0,139,848896
04:33:28,root.batch0,3,-1024
04:33:29,root.default,0,0
04:33:29,root.batch6,0,0
04:33:29,root.batch7,0,0
04:33:29,root.batch1,0,0
04:33:29,root.batch4,0,0
04:33:29,root.batch5,0,0
04:33:29,root.batch2,0,0
04:33:29,root.batch3,0,0
04:33:29,root.bursty1,125,762880
04:33:29,root.bursty2,144,795648
04:33:29,root.bursty0,139,848896
04:33:29,root.batch0,3,-1024
04:33:30,root.default,0,0
04:33:30,root.batch6,0,0
04:33:30,root.batch7,0,0
04:33:30,root.batch1,0,0
04:33:30,root.batch4,0,0
04:33:30,root.batch5,0,0
04:33:30,root.batch2,0,0
04:33:30,root.batch3,0,0
04:33:30,root.bursty2,134,775168
04:33:30,root.bursty1,127,775168
04:33:30,root.bursty0,144,879616
04:33:30,root.batch0,3,-1024
04:33:31,root.default,0,0
04:33:31,root.batch6,0,0
04:33:31,root.batch7,0,0
04:33:31,root.batch1,0,0
04:33:31,root.batch4,0,0
04:33:31,root.batch5,0,0
04:33:31,root.batch2,0,0
04:33:31,root.batch3,0,0
04:33:31,root.bursty2,150,807936
04:33:31,root.bursty1,132,805888
04:33:31,root.bursty0,141,861184
04:33:31,root.batch0,3,-1024
04:33:32,root.default,0,0
04:33:32,root.batch6,0,0
04:33:32,root.batch7,0,0
04:33:32,root.batch1,0,0
04:33:32,root.batch4,0,0
04:33:32,root.batch5,0,0
04:33:32,root.batch2,0,0
04:33:32,root.batch3,0,0
04:33:32,root.bursty0,135,824320
04:33:32,root.bursty2,162,832512
04:33:32,root.bursty1,137,836608
04:33:32,root.batch0,3,-1024
04:33:33,root.default,0,0
04:33:33,root.batch6,0,0
04:33:33,root.batch7,0,0
04:33:33,root.batch1,0,0
04:33:33,root.batch4,0,0
04:33:33,root.batch5,0,0
04:33:33,root.batch2,0,0
04:33:33,root.batch3,0,0
04:33:33,root.bursty0,135,824320
04:33:33,root.bursty2,162,832512
04:33:33,root.bursty1,136,830464
04:33:33,root.batch0,3,-1024
04:33:34,root.default,0,0
04:33:34,root.batch6,0,0
04:33:34,root.batch7,0,0
04:33:34,root.batch1,0,0
04:33:34,root.batch4,0,0
04:33:34,root.batch5,0,0
04:33:34,root.batch2,0,0
04:33:34,root.batch3,0,0
04:33:34,root.bursty0,135,824320
04:33:34,root.bursty2,162,832512
04:33:34,root.bursty1,135,824320
04:33:34,root.batch0,3,-1024
04:33:35,root.default,0,0
04:33:35,root.batch6,0,0
04:33:35,root.batch7,0,0
04:33:35,root.batch1,0,0
04:33:35,root.batch4,0,0
04:33:35,root.batch5,0,0
04:33:35,root.batch2,0,0
04:33:35,root.batch3,0,0
04:33:35,root.bursty0,135,824320
04:33:35,root.bursty2,162,832512
04:33:35,root.bursty1,134,818176
04:33:35,root.batch0,3,-1024
04:33:36,root.default,0,0
04:33:36,root.batch6,0,0
04:33:36,root.batch7,0,0
04:33:36,root.batch1,0,0
04:33:36,root.batch4,0,0
04:33:36,root.batch5,0,0
04:33:36,root.batch2,0,0
04:33:36,root.batch3,0,0
04:33:36,root.bursty0,130,793600
04:33:36,root.bursty2,160,828416
04:33:36,root.bursty1,135,824320
04:33:36,root.batch0,3,-1024
04:33:37,root.default,0,0
04:33:37,root.batch6,0,0
04:33:37,root.batch7,0,0
04:33:37,root.batch1,0,0
04:33:37,root.batch4,0,0
04:33:37,root.batch5,0,0
04:33:37,root.batch2,0,0
04:33:37,root.batch3,0,0
04:33:37,root.bursty1,126,769024
04:33:37,root.bursty2,144,795648
04:33:37,root.bursty0,137,836608
04:33:37,root.batch0,3,-1024
04:33:38,root.default,0,0
04:33:38,root.batch6,0,0
04:33:38,root.batch7,0,0
04:33:38,root.batch1,0,0
04:33:38,root.batch4,0,0
04:33:38,root.batch5,0,0
04:33:38,root.batch2,0,0
04:33:38,root.batch3,0,0
04:33:38,root.bursty1,124,756736
04:33:38,root.bursty2,142,791552
04:33:38,root.bursty0,138,842752
04:33:38,root.batch0,3,-1024
04:33:39,root.default,0,0
04:33:39,root.batch6,0,0
04:33:39,root.batch7,0,0
04:33:39,root.batch1,0,0
04:33:39,root.batch4,0,0
04:33:39,root.batch5,0,0
04:33:39,root.batch2,0,0
04:33:39,root.batch3,0,0
04:33:39,root.bursty1,123,750592
04:33:39,root.bursty2,157,809984
04:33:39,root.bursty0,134,818176
04:33:39,root.batch0,3,-1024
04:33:40,root.default,0,0
04:33:40,root.batch6,0,0
04:33:40,root.batch7,0,0
04:33:40,root.batch1,0,0
04:33:40,root.batch4,0,0
04:33:40,root.batch5,0,0
04:33:40,root.batch2,0,0
04:33:40,root.batch3,0,0
04:33:40,root.bursty2,150,701440
04:33:40,root.bursty1,133,812032
04:33:40,root.bursty0,136,830464
04:33:40,root.batch0,3,-1024
04:33:41,root.default,0,0
04:33:41,root.batch6,0,0
04:33:41,root.batch7,0,0
04:33:41,root.batch1,0,0
04:33:41,root.batch4,0,0
04:33:41,root.batch5,0,0
04:33:41,root.batch2,0,0
04:33:41,root.batch3,0,0
04:33:41,root.bursty2,185,711680
04:33:41,root.bursty0,139,848896
04:33:41,root.bursty1,144,879616
04:33:41,root.batch0,3,-1024
04:33:42,root.default,0,0
04:33:42,root.batch6,0,0
04:33:42,root.batch7,0,0
04:33:42,root.batch1,0,0
04:33:42,root.batch4,0,0
04:33:42,root.batch5,0,0
04:33:42,root.batch2,0,0
04:33:42,root.batch3,0,0
04:33:42,root.bursty2,209,736256
04:33:42,root.bursty0,139,848896
04:33:42,root.bursty1,145,885760
04:33:42,root.batch0,3,-1024
04:33:43,root.default,0,0
04:33:43,root.batch6,0,0
04:33:43,root.batch7,0,0
04:33:43,root.batch1,0,0
04:33:43,root.batch4,0,0
04:33:43,root.batch5,0,0
04:33:43,root.batch2,0,0
04:33:43,root.batch3,0,0
04:33:43,root.bursty2,173,695296
04:33:43,root.bursty0,139,848896
04:33:43,root.bursty1,145,885760
04:33:43,root.batch0,3,-1024
04:33:44,root.default,0,0
04:33:44,root.batch6,0,0
04:33:44,root.batch7,0,0
04:33:44,root.batch1,0,0
04:33:44,root.batch4,0,0
04:33:44,root.batch5,0,0
04:33:44,root.batch2,0,0
04:33:44,root.batch3,0,0
04:33:44,root.bursty2,183,773120
04:33:44,root.bursty0,139,848896
04:33:44,root.bursty1,144,879616
04:33:44,root.batch0,3,-1024
04:33:45,root.default,0,0
04:33:45,root.batch6,0,0
04:33:45,root.batch7,0,0
04:33:45,root.batch1,0,0
04:33:45,root.batch4,0,0
04:33:45,root.batch5,0,0
04:33:45,root.batch2,0,0
04:33:45,root.batch3,0,0
04:33:45,root.bursty2,171,732160
04:33:45,root.bursty0,139,848896
04:33:45,root.bursty1,145,885760
04:33:45,root.batch0,3,-1024
04:33:46,root.default,0,0
04:33:46,root.batch6,0,0
04:33:46,root.batch7,0,0
04:33:46,root.batch1,0,0
04:33:46,root.batch4,0,0
04:33:46,root.batch5,0,0
04:33:46,root.batch2,0,0
04:33:46,root.batch3,0,0
04:33:46,root.bursty2,155,715776
04:33:46,root.bursty0,139,848896
04:33:46,root.bursty1,145,885760
04:33:46,root.batch0,3,-1024
04:33:47,root.default,0,0
04:33:47,root.batch6,0,0
04:33:47,root.batch7,0,0
04:33:47,root.batch1,0,0
04:33:47,root.batch4,0,0
04:33:47,root.batch5,0,0
04:33:47,root.batch2,0,0
04:33:47,root.batch3,0,0
04:33:47,root.bursty2,132,672768
04:33:47,root.bursty0,139,848896
04:33:47,root.bursty1,145,885760
04:33:47,root.batch0,3,-1024
04:33:49,root.default,0,0
04:33:49,root.batch6,0,0
04:33:49,root.batch7,0,0
04:33:49,root.batch1,0,0
04:33:49,root.batch4,0,0
04:33:49,root.batch5,0,0
04:33:49,root.batch2,0,0
04:33:49,root.batch3,0,0
04:33:49,root.bursty2,118,693248
04:33:49,root.bursty0,139,848896
04:33:49,root.bursty1,145,885760
04:33:49,root.batch0,3,-1024
04:33:50,root.default,0,0
04:33:50,root.batch6,0,0
04:33:50,root.batch7,0,0
04:33:50,root.batch1,0,0
04:33:50,root.batch4,0,0
04:33:50,root.batch5,0,0
04:33:50,root.batch2,0,0
04:33:50,root.batch3,0,0
04:33:50,root.bursty2,124,746496
04:33:50,root.bursty0,135,824320
04:33:50,root.bursty1,145,885760
04:33:50,root.batch0,3,-1024
04:33:51,root.default,0,0
04:33:51,root.batch6,0,0
04:33:51,root.batch7,0,0
04:33:51,root.batch1,0,0
04:33:51,root.batch4,0,0
04:33:51,root.batch5,0,0
04:33:51,root.batch2,0,0
04:33:51,root.batch3,0,0
04:33:51,root.bursty2,129,777216
04:33:51,root.bursty0,128,781312
04:33:51,root.bursty1,145,885760
04:33:51,root.batch0,3,-1024
04:33:52,root.default,0,0
04:33:52,root.batch6,0,0
04:33:52,root.batch7,0,0
04:33:52,root.batch1,0,0
04:33:52,root.batch4,0,0
04:33:52,root.batch5,0,0
04:33:52,root.batch2,0,0
04:33:52,root.batch3,0,0
04:33:52,root.bursty0,96,584704
04:33:52,root.bursty1,135,824320
04:33:52,root.bursty2,149,900096
04:33:52,root.batch0,3,-1024
04:33:53,root.default,0,0
04:33:53,root.batch6,0,0
04:33:53,root.batch7,0,0
04:33:53,root.batch1,0,0
04:33:53,root.batch4,0,0
04:33:53,root.batch5,0,0
04:33:53,root.batch2,0,0
04:33:53,root.batch3,0,0
04:33:53,root.bursty0,107,652288
04:33:53,root.bursty1,117,713728
04:33:53,root.bursty2,164,992256
04:33:53,root.batch0,3,-1024
04:33:54,root.default,0,0
04:33:54,root.batch6,0,0
04:33:54,root.batch7,0,0
04:33:54,root.batch1,0,0
04:33:54,root.batch4,0,0
04:33:54,root.batch5,0,0
04:33:54,root.batch2,0,0
04:33:54,root.batch3,0,0
04:33:54,root.bursty1,110,670720
04:33:54,root.bursty0,122,744448
04:33:54,root.bursty2,165,998400
04:33:54,root.batch0,3,-1024
04:33:55,root.default,0,0
04:33:55,root.batch6,0,0
04:33:55,root.batch7,0,0
04:33:55,root.batch1,0,0
04:33:55,root.batch4,0,0
04:33:55,root.batch5,0,0
04:33:55,root.batch2,0,0
04:33:55,root.batch3,0,0
04:33:55,root.bursty1,115,701440
04:33:55,root.bursty0,115,701440
04:33:55,root.bursty2,165,998400
04:33:55,root.batch0,3,-1024
04:33:56,root.default,0,0
04:33:56,root.batch6,0,0
04:33:56,root.batch7,0,0
04:33:56,root.batch1,0,0
04:33:56,root.batch4,0,0
04:33:56,root.batch5,0,0
04:33:56,root.batch2,0,0
04:33:56,root.batch3,0,0
04:33:56,root.bursty0,114,695296
04:33:56,root.bursty1,121,738304
04:33:56,root.bursty2,164,997376
04:33:56,root.batch0,3,-1024
04:33:57,root.default,0,0
04:33:57,root.batch6,0,0
04:33:57,root.batch7,0,0
04:33:57,root.batch1,0,0
04:33:57,root.batch4,0,0
04:33:57,root.batch5,0,0
04:33:57,root.batch2,0,0
04:33:57,root.batch3,0,0
04:33:57,root.bursty0,116,707584
04:33:57,root.bursty1,121,738304
04:33:57,root.bursty2,165,1003520
04:33:57,root.batch0,3,-1024
04:33:58,root.default,0,0
04:33:58,root.batch6,0,0
04:33:58,root.batch7,0,0
04:33:58,root.batch1,0,0
04:33:58,root.batch4,0,0
04:33:58,root.batch5,0,0
04:33:58,root.batch2,0,0
04:33:58,root.batch3,0,0
04:33:58,root.bursty0,113,689152
04:33:58,root.bursty1,120,732160
04:33:58,root.bursty2,165,1003520
04:33:58,root.batch0,3,-1024
04:33:59,root.default,0,0
04:33:59,root.batch6,0,0
04:33:59,root.batch7,0,0
04:33:59,root.batch1,0,0
04:33:59,root.batch4,0,0
04:33:59,root.batch5,0,0
04:33:59,root.batch2,0,0
04:33:59,root.batch3,0,0
04:33:59,root.bursty0,114,695296
04:33:59,root.bursty1,116,707584
04:33:59,root.bursty2,165,1003520
04:33:59,root.batch0,3,-1024
04:34:00,root.default,0,0
04:34:00,root.batch6,0,0
04:34:00,root.batch7,0,0
04:34:00,root.batch1,0,0
04:34:00,root.batch4,0,0
04:34:00,root.batch5,0,0
04:34:00,root.batch2,0,0
04:34:00,root.batch3,0,0
04:34:00,root.bursty1,114,695296
04:34:00,root.bursty0,110,670720
04:34:00,root.bursty2,165,1003520
04:34:00,root.batch0,3,-1024
04:34:01,root.default,0,0
04:34:01,root.batch6,0,0
04:34:01,root.batch7,0,0
04:34:01,root.batch1,0,0
04:34:01,root.batch4,0,0
04:34:01,root.batch5,0,0
04:34:01,root.batch2,0,0
04:34:01,root.batch3,0,0
04:34:01,root.bursty1,110,670720
04:34:01,root.bursty0,118,719872
04:34:01,root.bursty2,165,1003520
04:34:01,root.batch0,3,-1024
04:34:02,root.default,0,0
04:34:02,root.batch6,0,0
04:34:02,root.batch7,0,0
04:34:02,root.batch1,0,0
04:34:02,root.batch4,0,0
04:34:02,root.batch5,0,0
04:34:02,root.batch2,0,0
04:34:02,root.batch3,0,0
04:34:02,root.bursty1,111,676864
04:34:02,root.bursty0,123,750592
04:34:02,root.bursty2,165,1003520
04:34:02,root.batch0,3,-1024
04:34:03,root.default,0,0
04:34:03,root.batch6,0,0
04:34:03,root.batch7,0,0
04:34:03,root.batch1,0,0
04:34:03,root.batch4,0,0
04:34:03,root.batch5,0,0
04:34:03,root.batch2,0,0
04:34:03,root.batch3,0,0
04:34:03,root.bursty1,117,713728
04:34:03,root.bursty0,121,738304
04:34:03,root.bursty2,165,1003520
04:34:03,root.batch0,3,-1024
04:34:04,root.default,0,0
04:34:04,root.batch6,0,0
04:34:04,root.batch7,0,0
04:34:04,root.batch1,0,0
04:34:04,root.batch4,0,0
04:34:04,root.batch5,0,0
04:34:04,root.batch2,0,0
04:34:04,root.batch3,0,0
04:34:04,root.bursty1,117,713728
04:34:04,root.bursty0,121,738304
04:34:04,root.bursty2,165,1003520
04:34:04,root.batch0,3,-1024
04:34:05,root.default,0,0
04:34:05,root.batch6,0,0
04:34:05,root.batch7,0,0
04:34:05,root.batch1,0,0
04:34:05,root.batch4,0,0
04:34:05,root.batch5,0,0
04:34:05,root.batch2,0,0
04:34:05,root.batch3,0,0
04:34:05,root.bursty1,116,707584
04:34:05,root.bursty0,118,719872
04:34:05,root.bursty2,165,1003520
04:34:05,root.batch0,3,-1024
04:34:06,root.default,0,0
04:34:06,root.batch6,0,0
04:34:06,root.batch7,0,0
04:34:06,root.batch1,0,0
04:34:06,root.batch4,0,0
04:34:06,root.batch5,0,0
04:34:06,root.batch2,0,0
04:34:06,root.batch3,0,0
04:34:06,root.bursty0,112,683008
04:34:06,root.bursty1,111,676864
04:34:06,root.bursty2,165,1003520
04:34:06,root.batch0,3,-1024
04:34:07,root.default,0,0
04:34:07,root.batch6,0,0
04:34:07,root.batch7,0,0
04:34:07,root.batch1,0,0
04:34:07,root.batch4,0,0
04:34:07,root.batch5,0,0
04:34:07,root.batch2,0,0
04:34:07,root.batch3,0,0
04:34:07,root.bursty0,121,648192
04:34:07,root.bursty1,133,738304
04:34:07,root.bursty2,165,1003520
04:34:07,root.batch0,3,-1024
04:34:08,root.default,0,0
04:34:08,root.batch6,0,0
04:34:08,root.batch7,0,0
04:34:08,root.batch1,0,0
04:34:08,root.batch4,0,0
04:34:08,root.batch5,0,0
04:34:08,root.batch2,0,0
04:34:08,root.batch3,0,0
04:34:08,root.bursty0,168,691200
04:34:08,root.bursty1,142,719872
04:34:08,root.bursty2,165,1003520
04:34:08,root.batch0,3,-1024
04:34:09,root.default,0,0
04:34:09,root.batch6,0,0
04:34:09,root.batch7,0,0
04:34:09,root.batch1,0,0
04:34:09,root.batch4,0,0
04:34:09,root.batch5,0,0
04:34:09,root.batch2,0,0
04:34:09,root.batch3,0,0
04:34:09,root.bursty1,152,658432
04:34:09,root.bursty0,187,701440
04:34:09,root.bursty2,165,1003520
04:34:09,root.batch0,3,-1024
04:34:10,root.default,0,0
04:34:10,root.batch6,0,0
04:34:10,root.batch7,0,0
04:34:10,root.batch1,0,0
04:34:10,root.batch4,0,0
04:34:10,root.batch5,0,0
04:34:10,root.batch2,0,0
04:34:10,root.batch3,0,0
04:34:10,root.bursty1,184,666624
04:34:10,root.bursty0,205,730112
04:34:10,root.bursty2,165,1003520
04:34:10,root.batch0,3,-1024
04:34:11,root.default,0,0
04:34:11,root.batch6,0,0
04:34:11,root.batch7,0,0
04:34:11,root.batch1,0,0
04:34:11,root.batch4,0,0
04:34:11,root.batch5,0,0
04:34:11,root.batch2,0,0
04:34:11,root.batch3,0,0
04:34:11,root.bursty1,223,685056
04:34:11,root.bursty0,210,719872
04:34:11,root.bursty2,165,1003520
04:34:11,root.batch0,3,-1024
04:34:12,root.default,0,0
04:34:12,root.batch6,0,0
04:34:12,root.batch7,0,0
04:34:12,root.batch1,0,0
04:34:12,root.batch4,0,0
04:34:12,root.batch5,0,0
04:34:12,root.batch2,0,0
04:34:12,root.batch3,0,0
04:34:12,root.bursty1,261,757760
04:34:12,root.bursty0,230,760832
04:34:12,root.bursty2,165,1003520
04:34:12,root.batch0,3,-1024
04:34:13,root.default,0,0
04:34:13,root.batch6,0,0
04:34:13,root.batch7,0,0
04:34:13,root.batch1,0,0
04:34:13,root.batch4,0,0
04:34:13,root.batch5,0,0
04:34:13,root.batch2,0,0
04:34:13,root.batch3,0,0
04:34:13,root.bursty1,208,645120
04:34:13,root.bursty0,234,769024
04:34:13,root.bursty2,171,1040384
04:34:13,root.batch0,3,-1024
04:34:14,root.default,0,0
04:34:14,root.batch6,0,0
04:34:14,root.batch7,0,0
04:34:14,root.batch1,0,0
04:34:14,root.batch4,0,0
04:34:14,root.batch5,0,0
04:34:14,root.batch2,0,0
04:34:14,root.batch3,0,0
04:34:14,root.bursty1,196,620544
04:34:14,root.bursty0,188,674816
04:34:14,root.bursty2,175,1064960
04:34:14,root.batch0,3,-1024
04:34:15,root.default,0,0
04:34:15,root.batch6,0,0
04:34:15,root.batch7,0,0
04:34:15,root.batch1,0,0
04:34:15,root.batch4,0,0
04:34:15,root.batch5,0,0
04:34:15,root.batch2,0,0
04:34:15,root.batch3,0,0
04:34:15,root.bursty0,142,580608
04:34:15,root.bursty1,191,606208
04:34:15,root.bursty2,199,1212416
04:34:15,root.batch0,3,-1024
04:34:16,root.default,0,0
04:34:16,root.batch6,0,0
04:34:16,root.batch7,0,0
04:34:16,root.batch1,0,0
04:34:16,root.batch4,0,0
04:34:16,root.batch5,0,0
04:34:16,root.batch2,0,0
04:34:16,root.batch3,0,0
04:34:16,root.bursty0,110,515072
04:34:16,root.bursty1,159,540672
04:34:16,root.bursty2,222,1353728
04:34:16,root.batch0,3,-1024
04:34:17,root.default,0,0
04:34:17,root.batch6,0,0
04:34:17,root.batch7,0,0
04:34:17,root.batch1,0,0
04:34:17,root.batch4,0,0
04:34:17,root.batch5,0,0
04:34:17,root.batch2,0,0
04:34:17,root.batch3,0,0
04:34:17,root.bursty1,103,425984
04:34:17,root.bursty0,102,498688
04:34:17,root.bursty2,248,1513472
04:34:17,root.batch0,3,-1024
04:34:18,root.default,0,0
04:34:18,root.batch6,0,0
04:34:18,root.batch7,0,0
04:34:18,root.batch1,0,0
04:34:18,root.batch4,0,0
04:34:18,root.batch5,0,0
04:34:18,root.batch2,0,0
04:34:18,root.batch3,0,0
04:34:18,root.bursty1,63,344064
04:34:18,root.bursty0,92,478208
04:34:18,root.bursty2,260,1587200
04:34:18,root.batch0,3,-1024
04:34:19,root.default,0,0
04:34:19,root.batch6,0,0
04:34:19,root.batch7,0,0
04:34:19,root.batch1,0,0
04:34:19,root.batch4,0,0
04:34:19,root.batch5,0,0
04:34:19,root.batch2,0,0
04:34:19,root.batch3,0,0
04:34:19,root.bursty1,55,327680
04:34:19,root.bursty0,78,449536
04:34:19,root.bursty2,267,1630208
04:34:19,root.batch0,3,-1024
04:34:20,root.default,0,0
04:34:20,root.batch6,0,0
04:34:20,root.batch7,0,0
04:34:20,root.batch1,0,0
04:34:20,root.batch4,0,0
04:34:20,root.batch5,0,0
04:34:20,root.batch2,0,0
04:34:20,root.batch3,0,0
04:34:20,root.bursty1,55,327680
04:34:20,root.bursty0,76,445440
04:34:20,root.bursty2,273,1667072
04:34:20,root.batch0,3,-1024
04:34:21,root.default,0,0
04:34:21,root.batch6,0,0
04:34:21,root.batch7,0,0
04:34:21,root.batch1,0,0
04:34:21,root.batch4,0,0
04:34:21,root.batch5,0,0
04:34:21,root.batch2,0,0
04:34:21,root.batch3,0,0
04:34:21,root.bursty1,55,327680
04:34:21,root.bursty0,72,437248
04:34:21,root.bursty2,264,1611776
04:34:21,root.batch0,3,-1024
04:34:22,root.default,0,0
04:34:22,root.batch6,0,0
04:34:22,root.batch7,0,0
04:34:22,root.batch1,0,0
04:34:22,root.batch4,0,0
04:34:22,root.batch5,0,0
04:34:22,root.batch2,0,0
04:34:22,root.batch3,0,0
04:34:22,root.bursty1,55,327680
04:34:22,root.bursty0,58,351232
04:34:22,root.bursty2,266,1624064
04:34:22,root.batch0,3,-1024
04:34:23,root.default,0,0
04:34:23,root.batch6,0,0
04:34:23,root.batch7,0,0
04:34:23,root.batch1,0,0
04:34:23,root.batch4,0,0
04:34:23,root.batch5,0,0
04:34:23,root.batch2,0,0
04:34:23,root.batch3,0,0
04:34:23,root.bursty0,42,252928
04:34:23,root.bursty1,54,321536
04:34:23,root.bursty2,295,1802240
04:34:23,root.batch0,3,-1024
04:34:24,root.default,0,0
04:34:24,root.batch6,0,0
04:34:24,root.batch7,0,0
04:34:24,root.batch1,0,0
04:34:24,root.batch4,0,0
04:34:24,root.batch5,0,0
04:34:24,root.batch2,0,0
04:34:24,root.batch3,0,0
04:34:24,root.bursty0,40,240640
04:34:24,root.bursty1,47,278528
04:34:24,root.bursty2,311,1900544
04:34:24,root.batch0,3,-1024
04:34:25,root.default,0,0
04:34:25,root.batch6,0,0
04:34:25,root.batch7,0,0
04:34:25,root.batch1,0,0
04:34:25,root.batch4,0,0
04:34:25,root.batch5,0,0
04:34:25,root.batch2,0,0
04:34:25,root.batch3,0,0
04:34:25,root.bursty0,36,216064
04:34:25,root.bursty1,37,217088
04:34:25,root.bursty2,324,1980416
04:34:25,root.batch0,3,-1024
04:34:26,root.default,0,0
04:34:26,root.batch6,0,0
04:34:26,root.batch7,0,0
04:34:26,root.batch1,0,0
04:34:26,root.batch4,0,0
04:34:26,root.batch5,0,0
04:34:26,root.batch2,0,0
04:34:26,root.batch3,0,0
04:34:26,root.bursty0,32,191488
04:34:26,root.bursty1,37,217088
04:34:26,root.bursty2,355,2072576
04:34:26,root.batch0,3,-1024
04:34:27,root.default,0,0
04:34:27,root.batch6,0,0
04:34:27,root.batch7,0,0
04:34:27,root.batch1,0,0
04:34:27,root.batch4,0,0
04:34:27,root.batch5,0,0
04:34:27,root.batch2,0,0
04:34:27,root.batch3,0,0
04:34:27,root.bursty0,31,185344
04:34:27,root.bursty1,44,260096
04:34:27,root.bursty2,352,2021376
04:34:27,root.batch0,3,-1024
04:34:28,root.default,0,0
04:34:28,root.batch6,0,0
04:34:28,root.batch7,0,0
04:34:28,root.batch1,0,0
04:34:28,root.batch4,0,0
04:34:28,root.batch5,0,0
04:34:28,root.batch2,0,0
04:34:28,root.batch3,0,0
04:34:28,root.bursty0,26,154624
04:34:28,root.bursty1,54,321536
04:34:28,root.bursty2,352,2021376
04:34:28,root.batch0,3,-1024
04:34:29,root.default,0,0
04:34:29,root.batch6,0,0
04:34:29,root.batch7,0,0
04:34:29,root.batch1,0,0
04:34:29,root.batch4,0,0
04:34:29,root.batch5,0,0
04:34:29,root.batch2,0,0
04:34:29,root.batch3,0,0
04:34:29,root.bursty0,20,117760
04:34:29,root.bursty1,59,352256
04:34:29,root.bursty2,348,2013184
04:34:29,root.batch0,3,-1024
04:34:30,root.default,0,0
04:34:30,root.batch6,0,0
04:34:30,root.batch7,0,0
04:34:30,root.batch1,0,0
04:34:30,root.batch4,0,0
04:34:30,root.batch5,0,0
04:34:30,root.batch2,0,0
04:34:30,root.batch3,0,0
04:34:30,root.bursty0,9,50176
04:34:30,root.bursty1,70,419840
04:34:30,root.bursty2,348,2013184
04:34:30,root.batch0,3,-1024
04:34:31,root.default,0,0
04:34:31,root.batch6,0,0
04:34:31,root.batch7,0,0
04:34:31,root.batch1,0,0
04:34:31,root.batch4,0,0
04:34:31,root.batch5,0,0
04:34:31,root.batch2,0,0
04:34:31,root.batch3,0,0
04:34:31,root.bursty0,5,20480
04:34:31,root.bursty1,74,444416
04:34:31,root.bursty2,348,2013184
04:34:31,root.batch0,3,-1024
04:34:32,root.default,0,0
04:34:32,root.batch6,0,0
04:34:32,root.batch7,0,0
04:34:32,root.batch1,0,0
04:34:32,root.batch4,0,0
04:34:32,root.batch5,0,0
04:34:32,root.batch2,0,0
04:34:32,root.batch3,0,0
04:34:32,root.bursty0,5,20480
04:34:32,root.bursty1,78,468992
04:34:32,root.bursty2,340,1996800
04:34:32,root.batch0,3,-1024
04:34:33,root.default,0,0
04:34:33,root.batch6,0,0
04:34:33,root.batch7,0,0
04:34:33,root.batch1,0,0
04:34:33,root.batch4,0,0
04:34:33,root.batch5,0,0
04:34:33,root.batch2,0,0
04:34:33,root.batch3,0,0
04:34:33,root.bursty0,5,20480
04:34:33,root.bursty1,81,487424
04:34:33,root.bursty2,320,1955840
04:34:33,root.batch0,3,-1024
04:34:34,root.default,0,0
04:34:34,root.batch6,0,0
04:34:34,root.batch7,0,0
04:34:34,root.batch1,0,0
04:34:34,root.batch4,0,0
04:34:34,root.batch5,0,0
04:34:34,root.batch2,0,0
04:34:34,root.batch3,0,0
04:34:34,root.bursty0,5,20480
04:34:34,root.bursty1,81,487424
04:34:34,root.bursty2,320,1955840
04:34:34,root.batch0,3,-1024
04:34:35,root.default,0,0
04:34:35,root.batch6,0,0
04:34:35,root.batch7,0,0
04:34:35,root.batch1,0,0
04:34:35,root.batch4,0,0
04:34:35,root.batch5,0,0
04:34:35,root.batch2,0,0
04:34:35,root.batch3,0,0
04:34:35,root.bursty0,4,14336
04:34:35,root.bursty1,81,487424
04:34:35,root.bursty2,320,1955840
04:34:35,root.batch0,3,-1024
04:34:36,root.default,0,0
04:34:36,root.batch6,0,0
04:34:36,root.batch7,0,0
04:34:36,root.batch1,0,0
04:34:36,root.batch4,0,0
04:34:36,root.batch5,0,0
04:34:36,root.batch2,0,0
04:34:36,root.batch3,0,0
04:34:36,root.bursty0,2,2048
04:34:36,root.bursty1,83,499712
04:34:36,root.bursty2,320,1955840
04:34:36,root.batch0,3,-1024
04:34:37,root.default,0,0
04:34:37,root.batch6,0,0
04:34:37,root.batch7,0,0
04:34:37,root.batch1,0,0
04:34:37,root.batch4,0,0
04:34:37,root.batch5,0,0
04:34:37,root.batch2,0,0
04:34:37,root.batch3,0,0
04:34:37,root.bursty0,2,2048
04:34:37,root.bursty1,84,505856
04:34:37,root.bursty2,320,1955840
04:34:37,root.batch0,3,-1024
04:34:38,root.default,0,0
04:34:38,root.batch6,0,0
04:34:38,root.batch7,0,0
04:34:38,root.batch1,0,0
04:34:38,root.batch4,0,0
04:34:38,root.batch5,0,0
04:34:38,root.batch2,0,0
04:34:38,root.batch3,0,0
04:34:38,root.bursty0,2,2048
04:34:38,root.bursty1,84,505856
04:34:38,root.bursty2,320,1955840
04:34:38,root.batch0,3,-1024
04:34:39,root.default,0,0
04:34:39,root.batch6,0,0
04:34:39,root.batch7,0,0
04:34:39,root.batch1,0,0
04:34:39,root.batch4,0,0
04:34:39,root.batch5,0,0
04:34:39,root.batch2,0,0
04:34:39,root.batch3,0,0
04:34:39,root.bursty0,2,2048
04:34:39,root.bursty1,84,505856
04:34:39,root.bursty2,320,1955840
04:34:39,root.batch0,3,-1024
04:34:40,root.default,0,0
04:34:40,root.batch6,0,0
04:34:40,root.batch7,0,0
04:34:40,root.batch1,0,0
04:34:40,root.batch4,0,0
04:34:40,root.batch5,0,0
04:34:40,root.batch2,0,0
04:34:40,root.batch3,0,0
04:34:40,root.bursty0,2,2048
04:34:40,root.bursty1,84,505856
04:34:40,root.bursty2,320,1955840
04:34:40,root.batch0,3,-1024
04:34:41,root.default,0,0
04:34:41,root.batch6,0,0
04:34:41,root.batch7,0,0
04:34:41,root.batch1,0,0
04:34:41,root.batch4,0,0
04:34:41,root.batch5,0,0
04:34:41,root.batch2,0,0
04:34:41,root.batch3,0,0
04:34:41,root.bursty0,2,2048
04:34:41,root.bursty1,83,504832
04:34:41,root.bursty2,320,1955840
04:34:41,root.batch0,3,-1024
04:34:43,root.default,0,0
04:34:43,root.batch6,0,0
04:34:43,root.batch7,0,0
04:34:43,root.batch1,0,0
04:34:43,root.batch4,0,0
04:34:43,root.batch5,0,0
04:34:43,root.batch2,0,0
04:34:43,root.batch3,0,0
04:34:43,root.bursty0,1,1024
04:34:43,root.bursty1,83,504832
04:34:43,root.bursty2,320,1955840
04:34:43,root.batch0,3,-1024
04:34:44,root.default,0,0
04:34:44,root.batch6,0,0
04:34:44,root.batch7,0,0
04:34:44,root.batch1,0,0
04:34:44,root.batch4,0,0
04:34:44,root.batch5,0,0
04:34:44,root.batch2,0,0
04:34:44,root.batch3,0,0
04:34:44,root.bursty0,1,1024
04:34:44,root.bursty1,86,523264
04:34:44,root.bursty2,311,1900544
04:34:44,root.batch0,3,-1024
04:34:45,root.default,0,0
04:34:45,root.batch6,0,0
04:34:45,root.batch7,0,0
04:34:45,root.batch1,0,0
04:34:45,root.batch4,0,0
04:34:45,root.batch5,0,0
04:34:45,root.batch2,0,0
04:34:45,root.batch3,0,0
04:34:45,root.bursty0,3,13312
04:34:45,root.bursty1,109,664576
04:34:45,root.bursty2,284,1734656
04:34:45,root.batch0,3,-1024
04:34:46,root.default,0,0
04:34:46,root.batch6,0,0
04:34:46,root.batch7,0,0
04:34:46,root.batch1,0,0
04:34:46,root.batch4,0,0
04:34:46,root.batch5,0,0
04:34:46,root.batch2,0,0
04:34:46,root.batch3,0,0
04:34:46,root.bursty0,20,117760
04:34:46,root.bursty1,120,732160
04:34:46,root.bursty2,251,1531904
04:34:46,root.batch0,3,-1024
04:34:47,root.default,0,0
04:34:47,root.batch6,0,0
04:34:47,root.batch7,0,0
04:34:47,root.batch1,0,0
04:34:47,root.batch4,0,0
04:34:47,root.batch5,0,0
04:34:47,root.batch2,0,0
04:34:47,root.batch3,0,0
04:34:47,root.bursty0,48,289792
04:34:47,root.bursty1,123,750592
04:34:47,root.bursty2,220,1341440
04:34:47,root.batch0,3,-1024
04:34:48,root.default,0,0
04:34:48,root.batch6,0,0
04:34:48,root.batch7,0,0
04:34:48,root.batch1,0,0
04:34:48,root.batch4,0,0
04:34:48,root.batch5,0,0
04:34:48,root.batch2,0,0
04:34:48,root.batch3,0,0
04:34:48,root.bursty0,79,480256
04:34:48,root.bursty1,123,750592
04:34:48,root.bursty2,188,1144832
04:34:48,root.batch0,3,-1024
04:34:49,root.default,0,0
04:34:49,root.batch6,0,0
04:34:49,root.batch7,0,0
04:34:49,root.batch1,0,0
04:34:49,root.batch4,0,0
04:34:49,root.batch5,0,0
04:34:49,root.batch2,0,0
04:34:49,root.batch3,0,0
04:34:49,root.bursty0,116,707584
04:34:49,root.bursty1,123,750592
04:34:49,root.bursty2,150,911360
04:34:49,root.batch0,3,-1024
04:34:50,root.default,0,0
04:34:50,root.batch6,0,0
04:34:50,root.batch7,0,0
04:34:50,root.batch1,0,0
04:34:50,root.batch4,0,0
04:34:50,root.batch5,0,0
04:34:50,root.batch2,0,0
04:34:50,root.batch3,0,0
04:34:50,root.bursty2,149,790528
04:34:50,root.bursty1,132,805888
04:34:50,root.bursty0,138,842752
04:34:50,root.batch0,3,-1024
04:34:51,root.default,0,0
04:34:51,root.batch6,0,0
04:34:51,root.batch7,0,0
04:34:51,root.batch1,0,0
04:34:51,root.batch4,0,0
04:34:51,root.batch5,0,0
04:34:51,root.batch2,0,0
04:34:51,root.batch3,0,0
04:34:51,root.bursty2,185,765952
04:34:51,root.bursty1,135,824320
04:34:51,root.bursty0,139,848896
04:34:51,root.batch0,3,-1024
04:34:52,root.default,0,0
04:34:52,root.batch6,0,0
04:34:52,root.batch7,0,0
04:34:52,root.batch1,0,0
04:34:52,root.batch4,0,0
04:34:52,root.batch5,0,0
04:34:52,root.batch2,0,0
04:34:52,root.batch3,0,0
04:34:52,root.bursty2,220,751616
04:34:52,root.bursty1,135,824320
04:34:52,root.bursty0,140,855040
04:34:52,root.batch0,3,-1024
04:34:53,root.default,0,0
04:34:53,root.batch6,0,0
04:34:53,root.batch7,0,0
04:34:53,root.batch1,0,0
04:34:53,root.batch4,0,0
04:34:53,root.batch5,0,0
04:34:53,root.batch2,0,0
04:34:53,root.batch3,0,0
04:34:53,root.bursty2,245,708608
04:34:53,root.bursty1,136,830464
04:34:53,root.bursty0,140,855040
04:34:53,root.batch0,3,-1024
04:34:54,root.default,0,0
04:34:54,root.batch6,0,0
04:34:54,root.batch7,0,0
04:34:54,root.batch1,0,0
04:34:54,root.batch4,0,0
04:34:54,root.batch5,0,0
04:34:54,root.batch2,0,0
04:34:54,root.batch3,0,0
04:34:54,root.bursty2,206,632832
04:34:54,root.bursty1,136,830464
04:34:54,root.bursty0,142,867328
04:34:54,root.batch0,3,-1024
04:34:55,root.default,0,0
04:34:55,root.batch6,0,0
04:34:55,root.batch7,0,0
04:34:55,root.batch1,0,0
04:34:55,root.batch4,0,0
04:34:55,root.batch5,0,0
04:34:55,root.batch2,0,0
04:34:55,root.batch3,0,0
04:34:55,root.bursty2,201,684032
04:34:55,root.bursty1,136,830464
04:34:55,root.bursty0,143,873472
04:34:55,root.batch0,3,-1024
04:34:56,root.default,0,0
04:34:56,root.batch6,0,0
04:34:56,root.batch7,0,0
04:34:56,root.batch1,0,0
04:34:56,root.batch4,0,0
04:34:56,root.batch5,0,0
04:34:56,root.batch2,0,0
04:34:56,root.batch3,0,0
04:34:56,root.bursty2,222,813056
04:34:56,root.bursty1,136,830464
04:34:56,root.bursty0,143,873472
04:34:56,root.batch0,3,-1024
04:34:57,root.default,0,0
04:34:57,root.batch6,0,0
04:34:57,root.batch7,0,0
04:34:57,root.batch1,0,0
04:34:57,root.batch4,0,0
04:34:57,root.batch5,0,0
04:34:57,root.batch2,0,0
04:34:57,root.batch3,0,0
04:34:57,root.bursty1,135,824320
04:34:57,root.bursty2,224,825344
04:34:57,root.bursty0,143,873472
04:34:57,root.batch0,3,-1024
04:34:58,root.default,0,0
04:34:58,root.batch6,0,0
04:34:58,root.batch7,0,0
04:34:58,root.batch1,0,0
04:34:58,root.batch4,0,0
04:34:58,root.batch5,0,0
04:34:58,root.batch2,0,0
04:34:58,root.batch3,0,0
04:34:58,root.bursty1,121,738304
04:34:58,root.bursty2,205,847872
04:34:58,root.bursty0,143,873472
04:34:58,root.batch0,3,-1024
04:34:59,root.default,0,0
04:34:59,root.batch6,0,0
04:34:59,root.batch7,0,0
04:34:59,root.batch1,0,0
04:34:59,root.batch4,0,0
04:34:59,root.batch5,0,0
04:34:59,root.batch2,0,0
04:34:59,root.batch3,0,0
04:34:59,root.bursty1,123,750592
04:34:59,root.bursty2,175,819200
04:34:59,root.bursty0,143,873472
04:34:59,root.batch0,3,-1024
04:35:00,root.default,0,0
04:35:00,root.batch6,0,0
04:35:00,root.batch7,0,0
04:35:00,root.batch1,0,0
04:35:00,root.batch4,0,0
04:35:00,root.batch5,0,0
04:35:00,root.batch2,0,0
04:35:00,root.batch3,0,0
04:35:00,root.bursty1,119,726016
04:35:00,root.bursty2,146,788480
04:35:00,root.bursty0,143,873472
04:35:00,root.batch0,3,-1024
04:35:01,root.default,0,0
04:35:01,root.batch6,0,0
04:35:01,root.batch7,0,0
04:35:01,root.batch1,0,0
04:35:01,root.batch4,0,0
04:35:01,root.batch5,0,0
04:35:01,root.batch2,0,0
04:35:01,root.batch3,0,0
04:35:01,root.bursty1,116,707584
04:35:01,root.bursty2,136,792576
04:35:01,root.bursty0,143,873472
04:35:01,root.batch0,3,-1024
04:35:02,root.default,0,0
04:35:02,root.batch6,0,0
04:35:02,root.batch7,0,0
04:35:02,root.batch1,0,0
04:35:02,root.batch4,0,0
04:35:02,root.batch5,0,0
04:35:02,root.batch2,0,0
04:35:02,root.batch3,0,0
04:35:02,root.bursty1,123,750592
04:35:02,root.bursty2,133,790528
04:35:02,root.bursty0,143,873472
04:35:02,root.batch0,3,-1024
04:35:03,root.default,0,0
04:35:03,root.batch6,0,0
04:35:03,root.batch7,0,0
04:35:03,root.batch1,0,0
04:35:03,root.batch4,0,0
04:35:03,root.batch5,0,0
04:35:03,root.batch2,0,0
04:35:03,root.batch3,0,0
04:35:03,root.bursty2,130,788480
04:35:03,root.bursty1,127,775168
04:35:03,root.bursty0,143,873472
04:35:03,root.batch0,3,-1024
04:35:04,root.default,0,0
04:35:04,root.batch6,0,0
04:35:04,root.batch7,0,0
04:35:04,root.batch1,0,0
04:35:04,root.batch4,0,0
04:35:04,root.batch5,0,0
04:35:04,root.batch2,0,0
04:35:04,root.batch3,0,0
04:35:04,root.bursty1,128,781312
04:35:04,root.bursty2,131,794624
04:35:04,root.bursty0,143,873472
04:35:04,root.batch0,3,-1024
04:35:05,root.default,0,0
04:35:05,root.batch6,0,0
04:35:05,root.batch7,0,0
04:35:05,root.batch1,0,0
04:35:05,root.batch4,0,0
04:35:05,root.batch5,0,0
04:35:05,root.batch2,0,0
04:35:05,root.batch3,0,0
04:35:05,root.bursty1,126,769024
04:35:05,root.bursty2,131,794624
04:35:05,root.bursty0,143,873472
04:35:05,root.batch0,3,-1024
04:35:06,root.default,0,0
04:35:06,root.batch6,0,0
04:35:06,root.batch7,0,0
04:35:06,root.batch1,0,0
04:35:06,root.batch4,0,0
04:35:06,root.batch5,0,0
04:35:06,root.batch2,0,0
04:35:06,root.batch3,0,0
04:35:06,root.bursty1,126,769024
04:35:06,root.bursty2,131,794624
04:35:06,root.bursty0,143,873472
04:35:06,root.batch0,3,-1024
04:35:07,root.default,0,0
04:35:07,root.batch6,0,0
04:35:07,root.batch7,0,0
04:35:07,root.batch1,0,0
04:35:07,root.batch4,0,0
04:35:07,root.batch5,0,0
04:35:07,root.batch2,0,0
04:35:07,root.batch3,0,0
04:35:07,root.bursty1,127,775168
04:35:07,root.bursty2,133,806912
04:35:07,root.bursty0,143,873472
04:35:07,root.batch0,3,-1024
04:35:08,root.default,0,0
04:35:08,root.batch6,0,0
04:35:08,root.batch7,0,0
04:35:08,root.batch1,0,0
04:35:08,root.batch4,0,0
04:35:08,root.batch5,0,0
04:35:08,root.batch2,0,0
04:35:08,root.batch3,0,0
04:35:08,root.bursty1,128,781312
04:35:08,root.bursty2,133,806912
04:35:08,root.bursty0,143,873472
04:35:08,root.batch0,3,-1024
04:35:09,root.default,0,0
04:35:09,root.batch6,0,0
04:35:09,root.batch7,0,0
04:35:09,root.batch1,0,0
04:35:09,root.batch4,0,0
04:35:09,root.batch5,0,0
04:35:09,root.batch2,0,0
04:35:09,root.batch3,0,0
04:35:09,root.bursty1,128,781312
04:35:09,root.bursty2,132,805888
04:35:09,root.bursty0,143,873472
04:35:09,root.batch0,3,-1024
04:35:10,root.default,0,0
04:35:10,root.batch6,0,0
04:35:10,root.batch7,0,0
04:35:10,root.batch1,0,0
04:35:10,root.batch4,0,0
04:35:10,root.batch5,0,0
04:35:10,root.batch2,0,0
04:35:10,root.batch3,0,0
04:35:10,root.bursty1,128,781312
04:35:10,root.bursty2,132,805888
04:35:10,root.bursty0,143,873472
04:35:10,root.batch0,3,-1024
04:35:11,root.default,0,0
04:35:11,root.batch6,0,0
04:35:11,root.batch7,0,0
04:35:11,root.batch1,0,0
04:35:11,root.batch4,0,0
04:35:11,root.batch5,0,0
04:35:11,root.batch2,0,0
04:35:11,root.batch3,0,0
04:35:11,root.bursty1,128,781312
04:35:11,root.bursty2,132,805888
04:35:11,root.bursty0,143,873472
04:35:11,root.batch0,3,-1024
04:35:12,root.default,0,0
04:35:12,root.batch6,0,0
04:35:12,root.batch7,0,0
04:35:12,root.batch1,0,0
04:35:12,root.batch4,0,0
04:35:12,root.batch5,0,0
04:35:12,root.batch2,0,0
04:35:12,root.batch3,0,0
04:35:12,root.bursty1,128,781312
04:35:12,root.bursty2,132,805888
04:35:12,root.bursty0,143,873472
04:35:12,root.batch0,3,-1024
04:35:13,root.default,0,0
04:35:13,root.batch6,0,0
04:35:13,root.batch7,0,0
04:35:13,root.batch1,0,0
04:35:13,root.batch4,0,0
04:35:13,root.batch5,0,0
04:35:13,root.batch2,0,0
04:35:13,root.batch3,0,0
04:35:13,root.bursty1,127,775168
04:35:13,root.bursty2,132,805888
04:35:13,root.bursty0,143,873472
04:35:13,root.batch0,3,-1024
04:35:14,root.default,0,0
04:35:14,root.batch6,0,0
04:35:14,root.batch7,0,0
04:35:14,root.batch1,0,0
04:35:14,root.batch4,0,0
04:35:14,root.batch5,0,0
04:35:14,root.batch2,0,0
04:35:14,root.batch3,0,0
04:35:14,root.bursty1,108,658432
04:35:14,root.bursty2,132,805888
04:35:14,root.bursty0,143,873472
04:35:14,root.batch0,3,-1024
04:35:15,root.default,0,0
04:35:15,root.batch6,0,0
04:35:15,root.batch7,0,0
04:35:15,root.batch1,0,0
04:35:15,root.batch4,0,0
04:35:15,root.batch5,0,0
04:35:15,root.batch2,0,0
04:35:15,root.batch3,0,0
04:35:15,root.bursty1,117,713728
04:35:15,root.bursty2,133,812032
04:35:15,root.bursty0,141,861184
04:35:15,root.batch0,3,-1024
04:35:16,root.default,0,0
04:35:16,root.batch6,0,0
04:35:16,root.batch7,0,0
04:35:16,root.batch1,0,0
04:35:16,root.batch4,0,0
04:35:16,root.batch5,0,0
04:35:16,root.batch2,0,0
04:35:16,root.batch3,0,0
04:35:16,root.bursty1,133,812032
04:35:16,root.bursty0,133,812032
04:35:16,root.bursty2,133,812032
04:35:16,root.batch0,3,-1024
04:35:17,root.default,0,0
04:35:17,root.batch6,0,0
04:35:17,root.batch7,0,0
04:35:17,root.batch1,0,0
04:35:17,root.batch4,0,0
04:35:17,root.batch5,0,0
04:35:17,root.batch2,0,0
04:35:17,root.batch3,0,0
04:35:17,root.bursty0,113,689152
04:35:17,root.bursty2,134,818176
04:35:17,root.bursty1,153,934912
04:35:17,root.batch0,3,-1024
04:35:18,root.default,0,0
04:35:18,root.batch6,0,0
04:35:18,root.batch7,0,0
04:35:18,root.batch1,0,0
04:35:18,root.batch4,0,0
04:35:18,root.batch5,0,0
04:35:18,root.batch2,0,0
04:35:18,root.batch3,0,0
04:35:18,root.bursty0,97,590848
04:35:18,root.bursty2,134,818176
04:35:18,root.bursty1,157,959488
04:35:18,root.batch0,3,-1024
04:35:19,root.default,0,0
04:35:19,root.batch6,0,0
04:35:19,root.batch7,0,0
04:35:19,root.batch1,0,0
04:35:19,root.batch4,0,0
04:35:19,root.batch5,0,0
04:35:19,root.batch2,0,0
04:35:19,root.batch3,0,0
04:35:19,root.bursty0,103,627712
04:35:19,root.bursty2,134,818176
04:35:19,root.bursty1,156,953344
04:35:19,root.batch0,3,-1024
04:35:20,root.default,0,0
04:35:20,root.batch6,0,0
04:35:20,root.batch7,0,0
04:35:20,root.batch1,0,0
04:35:20,root.batch4,0,0
04:35:20,root.batch5,0,0
04:35:20,root.batch2,0,0
04:35:20,root.batch3,0,0
04:35:20,root.bursty0,105,640000
04:35:20,root.bursty2,134,818176
04:35:20,root.bursty1,152,928768
04:35:20,root.batch0,3,-1024
04:35:21,root.default,0,0
04:35:21,root.batch6,0,0
04:35:21,root.batch7,0,0
04:35:21,root.batch1,0,0
04:35:21,root.batch4,0,0
04:35:21,root.batch5,0,0
04:35:21,root.batch2,0,0
04:35:21,root.batch3,0,0
04:35:21,root.bursty0,113,689152
04:35:21,root.bursty2,134,818176
04:35:21,root.bursty1,148,904192
04:35:21,root.batch0,3,-1024
04:35:22,root.default,0,0
04:35:22,root.batch6,0,0
04:35:22,root.batch7,0,0
04:35:22,root.batch1,0,0
04:35:22,root.batch4,0,0
04:35:22,root.batch5,0,0
04:35:22,root.batch2,0,0
04:35:22,root.batch3,0,0
04:35:22,root.bursty0,122,744448
04:35:22,root.bursty2,133,812032
04:35:22,root.bursty1,145,885760
04:35:22,root.batch0,3,-1024
04:35:23,root.default,0,0
04:35:23,root.batch6,0,0
04:35:23,root.batch7,0,0
04:35:23,root.batch1,0,0
04:35:23,root.batch4,0,0
04:35:23,root.batch5,0,0
04:35:23,root.batch2,0,0
04:35:23,root.batch3,0,0
04:35:23,root.bursty0,124,756736
04:35:23,root.bursty2,132,805888
04:35:23,root.bursty1,145,885760
04:35:23,root.batch0,3,-1024
04:35:24,root.default,0,0
04:35:24,root.batch6,0,0
04:35:24,root.batch7,0,0
04:35:24,root.batch1,0,0
04:35:24,root.batch4,0,0
04:35:24,root.batch5,0,0
04:35:24,root.batch2,0,0
04:35:24,root.batch3,0,0
04:35:24,root.bursty2,126,769024
04:35:24,root.bursty0,128,781312
04:35:24,root.bursty1,145,885760
04:35:24,root.batch0,3,-1024
04:35:25,root.default,0,0
04:35:25,root.batch6,0,0
04:35:25,root.batch7,0,0
04:35:25,root.batch1,0,0
04:35:25,root.batch4,0,0
04:35:25,root.batch5,0,0
04:35:25,root.batch2,0,0
04:35:25,root.batch3,0,0
04:35:25,root.bursty2,107,652288
04:35:25,root.bursty1,145,885760
04:35:25,root.bursty0,148,904192
04:35:25,root.batch0,3,-1024
04:35:26,root.default,0,0
04:35:26,root.batch6,0,0
04:35:26,root.batch7,0,0
04:35:26,root.batch1,0,0
04:35:26,root.batch4,0,0
04:35:26,root.batch5,0,0
04:35:26,root.batch2,0,0
04:35:26,root.batch3,0,0
04:35:26,root.bursty2,96,584704
04:35:26,root.bursty1,145,885760
04:35:26,root.bursty0,160,977920
04:35:26,root.batch0,3,-1024
04:35:27,root.default,0,0
04:35:27,root.batch6,0,0
04:35:27,root.batch7,0,0
04:35:27,root.batch1,0,0
04:35:27,root.batch4,0,0
04:35:27,root.batch5,0,0
04:35:27,root.batch2,0,0
04:35:27,root.batch3,0,0
04:35:27,root.bursty2,96,584704
04:35:27,root.bursty1,143,873472
04:35:27,root.bursty0,162,990208
04:35:27,root.batch0,3,-1024
04:35:28,root.default,0,0
04:35:28,root.batch6,0,0
04:35:28,root.batch7,0,0
04:35:28,root.batch1,0,0
04:35:28,root.batch4,0,0
04:35:28,root.batch5,0,0
04:35:28,root.batch2,0,0
04:35:28,root.batch3,0,0
04:35:28,root.bursty2,98,596992
04:35:28,root.bursty1,136,830464
04:35:28,root.bursty0,162,990208
04:35:28,root.batch0,3,-1024
04:35:29,root.default,0,0
04:35:29,root.batch6,0,0
04:35:29,root.batch7,0,0
04:35:29,root.batch1,0,0
04:35:29,root.batch4,0,0
04:35:29,root.batch5,0,0
04:35:29,root.batch2,0,0
04:35:29,root.batch3,0,0
04:35:29,root.bursty2,110,670720
04:35:29,root.bursty1,124,756736
04:35:29,root.bursty0,162,990208
04:35:29,root.batch0,3,-1024
04:35:30,root.default,0,0
04:35:30,root.batch6,0,0
04:35:30,root.batch7,0,0
04:35:30,root.batch1,0,0
04:35:30,root.batch4,0,0
04:35:30,root.batch5,0,0
04:35:30,root.batch2,0,0
04:35:30,root.batch3,0,0
04:35:30,root.bursty1,110,670720
04:35:30,root.bursty2,120,732160
04:35:30,root.bursty0,162,990208
04:35:30,root.batch0,3,-1024
04:35:31,root.default,0,0
04:35:31,root.batch6,0,0
04:35:31,root.batch7,0,0
04:35:31,root.batch1,0,0
04:35:31,root.batch4,0,0
04:35:31,root.batch5,0,0
04:35:31,root.batch2,0,0
04:35:31,root.batch3,0,0
04:35:31,root.bursty1,101,615424
04:35:31,root.bursty2,126,769024
04:35:31,root.bursty0,162,990208
04:35:31,root.batch0,3,-1024
04:35:32,root.default,0,0
04:35:32,root.batch6,0,0
04:35:32,root.batch7,0,0
04:35:32,root.batch1,0,0
04:35:32,root.batch4,0,0
04:35:32,root.batch5,0,0
04:35:32,root.batch2,0,0
04:35:32,root.batch3,0,0
04:35:32,root.bursty1,111,676864
04:35:32,root.bursty2,127,775168
04:35:32,root.bursty0,162,990208
04:35:32,root.batch0,3,-1024
04:35:33,root.default,0,0
04:35:33,root.batch6,0,0
04:35:33,root.batch7,0,0
04:35:33,root.batch1,0,0
04:35:33,root.batch4,0,0
04:35:33,root.batch5,0,0
04:35:33,root.batch2,0,0
04:35:33,root.batch3,0,0
04:35:33,root.bursty1,111,676864
04:35:33,root.bursty2,125,762880
04:35:33,root.bursty0,162,990208
04:35:33,root.batch0,3,-1024
04:35:34,root.default,0,0
04:35:34,root.batch6,0,0
04:35:34,root.batch7,0,0
04:35:34,root.batch1,0,0
04:35:34,root.batch4,0,0
04:35:34,root.batch5,0,0
04:35:34,root.batch2,0,0
04:35:34,root.batch3,0,0
04:35:34,root.bursty1,116,707584
04:35:34,root.bursty2,124,756736
04:35:34,root.bursty0,162,990208
04:35:34,root.batch0,3,-1024
04:35:35,root.default,0,0
04:35:35,root.batch6,0,0
04:35:35,root.batch7,0,0
04:35:35,root.batch1,0,0
04:35:35,root.batch4,0,0
04:35:35,root.batch5,0,0
04:35:35,root.batch2,0,0
04:35:35,root.batch3,0,0
04:35:35,root.bursty1,115,701440
04:35:35,root.bursty2,126,769024
04:35:35,root.bursty0,162,990208
04:35:35,root.batch0,3,-1024
04:35:36,root.default,0,0
04:35:36,root.batch6,0,0
04:35:36,root.batch7,0,0
04:35:36,root.batch1,0,0
04:35:36,root.batch4,0,0
04:35:36,root.batch5,0,0
04:35:36,root.batch2,0,0
04:35:36,root.batch3,0,0
04:35:36,root.bursty1,115,701440
04:35:36,root.bursty2,126,769024
04:35:36,root.bursty0,162,990208
04:35:36,root.batch0,3,-1024
04:35:38,root.default,0,0
04:35:38,root.batch6,0,0
04:35:38,root.batch7,0,0
04:35:38,root.batch1,0,0
04:35:38,root.batch4,0,0
04:35:38,root.batch5,0,0
04:35:38,root.batch2,0,0
04:35:38,root.batch3,0,0
04:35:38,root.bursty1,114,695296
04:35:38,root.bursty2,127,775168
04:35:38,root.bursty0,162,990208
04:35:38,root.batch0,3,-1024
04:35:39,root.default,0,0
04:35:39,root.batch6,0,0
04:35:39,root.batch7,0,0
04:35:39,root.batch1,0,0
04:35:39,root.batch4,0,0
04:35:39,root.batch5,0,0
04:35:39,root.batch2,0,0
04:35:39,root.batch3,0,0
04:35:39,root.bursty1,114,695296
04:35:39,root.bursty2,127,775168
04:35:39,root.bursty0,162,990208
04:35:39,root.batch0,3,-1024
04:35:40,root.default,0,0
04:35:40,root.batch6,0,0
04:35:40,root.batch7,0,0
04:35:40,root.batch1,0,0
04:35:40,root.batch4,0,0
04:35:40,root.batch5,0,0
04:35:40,root.batch2,0,0
04:35:40,root.batch3,0,0
04:35:40,root.bursty1,114,695296
04:35:40,root.bursty2,127,775168
04:35:40,root.bursty0,162,990208
04:35:40,root.batch0,3,-1024
04:35:41,root.default,0,0
04:35:41,root.batch6,0,0
04:35:41,root.batch7,0,0
04:35:41,root.batch1,0,0
04:35:41,root.batch4,0,0
04:35:41,root.batch5,0,0
04:35:41,root.batch2,0,0
04:35:41,root.batch3,0,0
04:35:41,root.bursty1,114,695296
04:35:41,root.bursty2,127,775168
04:35:41,root.bursty0,162,990208
04:35:41,root.batch0,3,-1024
04:35:42,root.default,0,0
04:35:42,root.batch6,0,0
04:35:42,root.batch7,0,0
04:35:42,root.batch1,0,0
04:35:42,root.batch4,0,0
04:35:42,root.batch5,0,0
04:35:42,root.batch2,0,0
04:35:42,root.batch3,0,0
04:35:42,root.bursty1,114,695296
04:35:42,root.bursty2,127,775168
04:35:42,root.bursty0,162,990208
04:35:42,root.batch0,3,-1024
04:35:43,root.default,0,0
04:35:43,root.batch6,0,0
04:35:43,root.batch7,0,0
04:35:43,root.batch1,0,0
04:35:43,root.batch4,0,0
04:35:43,root.batch5,0,0
04:35:43,root.batch2,0,0
04:35:43,root.batch3,0,0
04:35:43,root.bursty1,114,695296
04:35:43,root.bursty2,127,775168
04:35:43,root.bursty0,162,990208
04:35:43,root.batch0,3,-1024
04:35:44,root.default,0,0
04:35:44,root.batch6,0,0
04:35:44,root.batch7,0,0
04:35:44,root.batch1,0,0
04:35:44,root.batch4,0,0
04:35:44,root.batch5,0,0
04:35:44,root.batch2,0,0
04:35:44,root.batch3,0,0
04:35:44,root.bursty1,114,695296
04:35:44,root.bursty2,126,769024
04:35:44,root.bursty0,162,990208
04:35:44,root.batch0,3,-1024
04:35:45,root.default,0,0
04:35:45,root.batch6,0,0
04:35:45,root.batch7,0,0
04:35:45,root.batch1,0,0
04:35:45,root.batch4,0,0
04:35:45,root.batch5,0,0
04:35:45,root.batch2,0,0
04:35:45,root.batch3,0,0
04:35:45,root.bursty1,109,664576
04:35:45,root.bursty2,128,781312
04:35:45,root.bursty0,162,990208
04:35:45,root.batch0,3,-1024
04:35:46,root.default,0,0
04:35:46,root.batch6,0,0
04:35:46,root.batch7,0,0
04:35:46,root.batch1,0,0
04:35:46,root.batch4,0,0
04:35:46,root.batch5,0,0
04:35:46,root.batch2,0,0
04:35:46,root.batch3,0,0
04:35:46,root.bursty1,104,633856
04:35:46,root.bursty2,128,781312
04:35:46,root.bursty0,162,990208
04:35:46,root.batch0,3,-1024
04:35:47,root.default,0,0
04:35:47,root.batch6,0,0
04:35:47,root.batch7,0,0
04:35:47,root.batch1,0,0
04:35:47,root.batch4,0,0
04:35:47,root.batch5,0,0
04:35:47,root.batch2,0,0
04:35:47,root.batch3,0,0
04:35:47,root.bursty1,111,676864
04:35:47,root.bursty2,127,775168
04:35:47,root.bursty0,160,977920
04:35:47,root.batch0,3,-1024
04:35:48,root.default,0,0
04:35:48,root.batch6,0,0
04:35:48,root.batch7,0,0
04:35:48,root.batch1,0,0
04:35:48,root.batch4,0,0
04:35:48,root.batch5,0,0
04:35:48,root.batch2,0,0
04:35:48,root.batch3,0,0
04:35:48,root.bursty1,117,713728
04:35:48,root.bursty2,127,775168
04:35:48,root.bursty0,154,941056
04:35:48,root.batch0,3,-1024
04:35:49,root.default,0,0
04:35:49,root.batch6,0,0
04:35:49,root.batch7,0,0
04:35:49,root.batch1,0,0
04:35:49,root.batch4,0,0
04:35:49,root.batch5,0,0
04:35:49,root.batch2,0,0
04:35:49,root.batch3,0,0
04:35:49,root.bursty2,131,799744
04:35:49,root.bursty0,130,793600
04:35:49,root.bursty1,139,848896
04:35:49,root.batch0,3,-1024
04:35:50,root.default,0,0
04:35:50,root.batch6,0,0
04:35:50,root.batch7,0,0
04:35:50,root.batch1,0,0
04:35:50,root.batch4,0,0
04:35:50,root.batch5,0,0
04:35:50,root.batch2,0,0
04:35:50,root.batch3,0,0
04:35:50,root.bursty0,116,707584
04:35:50,root.bursty2,134,818176
04:35:50,root.bursty1,146,891904
04:35:50,root.batch0,3,-1024
04:35:51,root.default,0,0
04:35:51,root.batch6,0,0
04:35:51,root.batch7,0,0
04:35:51,root.batch1,0,0
04:35:51,root.batch4,0,0
04:35:51,root.batch5,0,0
04:35:51,root.batch2,0,0
04:35:51,root.batch3,0,0
04:35:51,root.bursty0,112,683008
04:35:51,root.bursty2,135,824320
04:35:51,root.bursty1,149,910336
04:35:51,root.batch0,3,-1024
04:35:52,root.default,0,0
04:35:52,root.batch6,0,0
04:35:52,root.batch7,0,0
04:35:52,root.batch1,0,0
04:35:52,root.batch4,0,0
04:35:52,root.batch5,0,0
04:35:52,root.batch2,0,0
04:35:52,root.batch3,0,0
04:35:52,root.bursty0,118,719872
04:35:52,root.bursty2,135,824320
04:35:52,root.bursty1,149,910336
04:35:52,root.batch0,3,-1024
04:35:53,root.default,0,0
04:35:53,root.batch6,0,0
04:35:53,root.batch7,0,0
04:35:53,root.batch1,0,0
04:35:53,root.batch4,0,0
04:35:53,root.batch5,0,0
04:35:53,root.batch2,0,0
04:35:53,root.batch3,0,0
04:35:53,root.bursty0,118,719872
04:35:53,root.bursty2,135,824320
04:35:53,root.bursty1,149,910336
04:35:53,root.batch0,3,-1024
04:35:54,root.default,0,0
04:35:54,root.batch6,0,0
04:35:54,root.batch7,0,0
04:35:54,root.batch1,0,0
04:35:54,root.batch4,0,0
04:35:54,root.batch5,0,0
04:35:54,root.batch2,0,0
04:35:54,root.batch3,0,0
04:35:54,root.bursty0,118,719872
04:35:54,root.bursty2,134,818176
04:35:54,root.bursty1,150,916480
04:35:54,root.batch0,3,-1024
04:35:55,root.default,0,0
04:35:55,root.batch6,0,0
04:35:55,root.batch7,0,0
04:35:55,root.batch1,0,0
04:35:55,root.batch4,0,0
04:35:55,root.batch5,0,0
04:35:55,root.batch2,0,0
04:35:55,root.batch3,0,0
04:35:55,root.bursty0,119,726016
04:35:55,root.bursty2,128,781312
04:35:55,root.bursty1,150,916480
04:35:55,root.batch0,3,-1024
04:35:56,root.default,0,0
04:35:56,root.batch6,0,0
04:35:56,root.batch7,0,0
04:35:56,root.batch1,0,0
04:35:56,root.batch4,0,0
04:35:56,root.batch5,0,0
04:35:56,root.batch2,0,0
04:35:56,root.batch3,0,0
04:35:56,root.bursty2,108,658432
04:35:56,root.bursty0,125,762880
04:35:56,root.bursty1,150,916480
04:35:56,root.batch0,3,-1024
04:35:57,root.default,0,0
04:35:57,root.batch6,0,0
04:35:57,root.batch7,0,0
04:35:57,root.batch1,0,0
04:35:57,root.batch4,0,0
04:35:57,root.batch5,0,0
04:35:57,root.batch2,0,0
04:35:57,root.batch3,0,0
04:35:57,root.bursty2,105,640000
04:35:57,root.bursty0,135,824320
04:35:57,root.bursty1,150,916480
04:35:57,root.batch0,3,-1024
04:35:58,root.default,0,0
04:35:58,root.batch6,0,0
04:35:58,root.batch7,0,0
04:35:58,root.batch1,0,0
04:35:58,root.batch4,0,0
04:35:58,root.batch5,0,0
04:35:58,root.batch2,0,0
04:35:58,root.batch3,0,0
04:35:58,root.bursty2,100,609280
04:35:58,root.bursty0,138,842752
04:35:58,root.bursty1,150,916480
04:35:58,root.batch0,3,-1024
04:35:59,root.default,0,0
04:35:59,root.batch6,0,0
04:35:59,root.batch7,0,0
04:35:59,root.batch1,0,0
04:35:59,root.batch4,0,0
04:35:59,root.batch5,0,0
04:35:59,root.batch2,0,0
04:35:59,root.batch3,0,0
04:35:59,root.bursty2,95,578560
04:35:59,root.bursty0,139,848896
04:35:59,root.bursty1,150,916480
04:35:59,root.batch0,3,-1024
04:36:00,root.default,0,0
04:36:00,root.batch6,0,0
04:36:00,root.batch7,0,0
04:36:00,root.batch1,0,0
04:36:00,root.batch4,0,0
04:36:00,root.batch5,0,0
04:36:00,root.batch2,0,0
04:36:00,root.batch3,0,0
04:36:00,root.bursty2,101,615424
04:36:00,root.bursty0,139,848896
04:36:00,root.bursty1,150,916480
04:36:00,root.batch0,3,-1024
04:36:01,root.default,0,0
04:36:01,root.batch6,0,0
04:36:01,root.batch7,0,0
04:36:01,root.batch1,0,0
04:36:01,root.batch4,0,0
04:36:01,root.batch5,0,0
04:36:01,root.batch2,0,0
04:36:01,root.batch3,0,0
04:36:01,root.bursty2,106,646144
04:36:01,root.bursty0,139,848896
04:36:01,root.bursty1,146,891904
04:36:01,root.batch0,3,-1024
04:36:02,root.default,0,0
04:36:02,root.batch6,0,0
04:36:02,root.batch7,0,0
04:36:02,root.batch1,0,0
04:36:02,root.batch4,0,0
04:36:02,root.batch5,0,0
04:36:02,root.batch2,0,0
04:36:02,root.batch3,0,0
04:36:02,root.bursty2,125,762880
04:36:02,root.bursty1,131,799744
04:36:02,root.bursty0,139,848896
04:36:02,root.batch0,3,-1024
04:36:03,root.default,0,0
04:36:03,root.batch6,0,0
04:36:03,root.batch7,0,0
04:36:03,root.batch1,0,0
04:36:03,root.batch4,0,0
04:36:03,root.batch5,0,0
04:36:03,root.batch2,0,0
04:36:03,root.batch3,0,0
04:36:03,root.bursty1,125,762880
04:36:03,root.bursty2,137,836608
04:36:03,root.bursty0,139,848896
04:36:03,root.batch0,3,-1024
04:36:04,root.default,0,0
04:36:04,root.batch6,0,0
04:36:04,root.batch7,0,0
04:36:04,root.batch1,0,0
04:36:04,root.batch4,0,0
04:36:04,root.batch5,0,0
04:36:04,root.batch2,0,0
04:36:04,root.batch3,0,0
04:36:04,root.bursty1,121,738304
04:36:04,root.bursty2,139,848896
04:36:04,root.bursty0,139,848896
04:36:04,root.batch0,3,-1024
04:36:05,root.default,0,0
04:36:05,root.batch6,0,0
04:36:05,root.batch7,0,0
04:36:05,root.batch1,0,0
04:36:05,root.batch4,0,0
04:36:05,root.batch5,0,0
04:36:05,root.batch2,0,0
04:36:05,root.batch3,0,0
04:36:05,root.bursty1,124,756736
04:36:05,root.bursty2,138,842752
04:36:05,root.bursty0,139,848896
04:36:05,root.batch0,3,-1024
04:36:06,root.default,0,0
04:36:06,root.batch6,0,0
04:36:06,root.batch7,0,0
04:36:06,root.batch1,0,0
04:36:06,root.batch4,0,0
04:36:06,root.batch5,0,0
04:36:06,root.batch2,0,0
04:36:06,root.batch3,0,0
04:36:06,root.bursty1,124,756736
04:36:06,root.bursty0,139,848896
04:36:06,root.bursty2,139,848896
04:36:06,root.batch0,3,-1024
04:36:07,root.default,0,0
04:36:07,root.batch6,0,0
04:36:07,root.batch7,0,0
04:36:07,root.batch1,0,0
04:36:07,root.batch4,0,0
04:36:07,root.batch5,0,0
04:36:07,root.batch2,0,0
04:36:07,root.batch3,0,0
04:36:07,root.bursty1,123,750592
04:36:07,root.bursty0,139,848896
04:36:07,root.bursty2,139,848896
04:36:07,root.batch0,3,-1024
04:36:08,root.default,0,0
04:36:08,root.batch6,0,0
04:36:08,root.batch7,0,0
04:36:08,root.batch1,0,0
04:36:08,root.batch4,0,0
04:36:08,root.batch5,0,0
04:36:08,root.batch2,0,0
04:36:08,root.batch3,0,0
04:36:08,root.bursty1,123,750592
04:36:08,root.bursty0,139,848896
04:36:08,root.bursty2,141,861184
04:36:08,root.batch0,3,-1024
04:36:09,root.default,0,0
04:36:09,root.batch6,0,0
04:36:09,root.batch7,0,0
04:36:09,root.batch1,0,0
04:36:09,root.batch4,0,0
04:36:09,root.batch5,0,0
04:36:09,root.batch2,0,0
04:36:09,root.batch3,0,0
04:36:09,root.bursty1,123,750592
04:36:09,root.bursty0,139,848896
04:36:09,root.bursty2,141,861184
04:36:09,root.batch0,3,-1024
04:36:10,root.default,0,0
04:36:10,root.batch6,0,0
04:36:10,root.batch7,0,0
04:36:10,root.batch1,0,0
04:36:10,root.batch4,0,0
04:36:10,root.batch5,0,0
04:36:10,root.batch2,0,0
04:36:10,root.batch3,0,0
04:36:10,root.bursty1,123,750592
04:36:10,root.bursty0,139,848896
04:36:10,root.bursty2,141,861184
04:36:10,root.batch0,3,-1024
04:36:11,root.default,0,0
04:36:11,root.batch6,0,0
04:36:11,root.batch7,0,0
04:36:11,root.batch1,0,0
04:36:11,root.batch4,0,0
04:36:11,root.batch5,0,0
04:36:11,root.batch2,0,0
04:36:11,root.batch3,0,0
04:36:11,root.bursty1,123,750592
04:36:11,root.bursty0,139,848896
04:36:11,root.bursty2,141,861184
04:36:11,root.batch0,3,-1024
04:36:12,root.default,0,0
04:36:12,root.batch6,0,0
04:36:12,root.batch7,0,0
04:36:12,root.batch1,0,0
04:36:12,root.batch4,0,0
04:36:12,root.batch5,0,0
04:36:12,root.batch2,0,0
04:36:12,root.batch3,0,0
04:36:12,root.bursty1,123,750592
04:36:12,root.bursty0,139,848896
04:36:12,root.bursty2,141,861184
04:36:12,root.batch0,3,-1024
04:36:13,root.default,0,0
04:36:13,root.batch6,0,0
04:36:13,root.batch7,0,0
04:36:13,root.batch1,0,0
04:36:13,root.batch4,0,0
04:36:13,root.batch5,0,0
04:36:13,root.batch2,0,0
04:36:13,root.batch3,0,0
04:36:13,root.bursty1,123,750592
04:36:13,root.bursty0,139,848896
04:36:13,root.bursty2,141,861184
04:36:13,root.batch0,3,-1024
04:36:14,root.default,0,0
04:36:14,root.batch6,0,0
04:36:14,root.batch7,0,0
04:36:14,root.batch1,0,0
04:36:14,root.batch4,0,0
04:36:14,root.batch5,0,0
04:36:14,root.batch2,0,0
04:36:14,root.batch3,0,0
04:36:14,root.bursty1,123,750592
04:36:14,root.bursty0,139,848896
04:36:14,root.bursty2,140,855040
04:36:14,root.batch0,3,-1024
04:36:15,root.default,0,0
04:36:15,root.batch6,0,0
04:36:15,root.batch7,0,0
04:36:15,root.batch1,0,0
04:36:15,root.batch4,0,0
04:36:15,root.batch5,0,0
04:36:15,root.batch2,0,0
04:36:15,root.batch3,0,0
04:36:15,root.bursty1,122,744448
04:36:15,root.bursty0,139,848896
04:36:15,root.bursty2,142,867328
04:36:15,root.batch0,3,-1024
04:36:16,root.default,0,0
04:36:16,root.batch6,0,0
04:36:16,root.batch7,0,0
04:36:16,root.batch1,0,0
04:36:16,root.batch4,0,0
04:36:16,root.batch5,0,0
04:36:16,root.batch2,0,0
04:36:16,root.batch3,0,0
04:36:16,root.bursty1,121,738304
04:36:16,root.bursty0,139,848896
04:36:16,root.bursty2,143,873472
04:36:16,root.batch0,3,-1024
04:36:17,root.default,0,0
04:36:17,root.batch6,0,0
04:36:17,root.batch7,0,0
04:36:17,root.batch1,0,0
04:36:17,root.batch4,0,0
04:36:17,root.batch5,0,0
04:36:17,root.batch2,0,0
04:36:17,root.batch3,0,0
04:36:17,root.bursty1,120,732160
04:36:17,root.bursty0,139,848896
04:36:17,root.bursty2,143,873472
04:36:17,root.batch0,3,-1024
04:36:18,root.default,0,0
04:36:18,root.batch6,0,0
04:36:18,root.batch7,0,0
04:36:18,root.batch1,0,0
04:36:18,root.batch4,0,0
04:36:18,root.batch5,0,0
04:36:18,root.batch2,0,0
04:36:18,root.batch3,0,0
04:36:18,root.bursty1,166,719872
04:36:18,root.bursty0,135,824320
04:36:18,root.bursty2,143,873472
04:36:18,root.batch0,3,-1024
04:36:19,root.default,0,0
04:36:19,root.batch6,0,0
04:36:19,root.batch7,0,0
04:36:19,root.batch1,0,0
04:36:19,root.batch4,0,0
04:36:19,root.batch5,0,0
04:36:19,root.batch2,0,0
04:36:19,root.batch3,0,0
04:36:19,root.bursty1,217,689152
04:36:19,root.bursty0,124,756736
04:36:19,root.bursty2,138,842752
04:36:19,root.batch0,3,-1024
04:36:20,root.default,0,0
04:36:20,root.batch6,0,0
04:36:20,root.batch7,0,0
04:36:20,root.batch1,0,0
04:36:20,root.batch4,0,0
04:36:20,root.batch5,0,0
04:36:20,root.batch2,0,0
04:36:20,root.batch3,0,0
04:36:20,root.bursty0,111,676864
04:36:20,root.bursty1,275,786432
04:36:20,root.bursty2,135,824320
04:36:20,root.batch0,3,-1024
04:36:21,root.default,0,0
04:36:21,root.batch6,0,0
04:36:21,root.batch7,0,0
04:36:21,root.batch1,0,0
04:36:21,root.batch4,0,0
04:36:21,root.batch5,0,0
04:36:21,root.batch2,0,0
04:36:21,root.batch3,0,0
04:36:21,root.bursty0,123,750592
04:36:21,root.bursty1,273,774144
04:36:21,root.bursty2,137,836608
04:36:21,root.batch0,3,-1024
04:36:22,root.default,0,0
04:36:22,root.batch6,0,0
04:36:22,root.batch7,0,0
04:36:22,root.batch1,0,0
04:36:22,root.batch4,0,0
04:36:22,root.batch5,0,0
04:36:22,root.batch2,0,0
04:36:22,root.batch3,0,0
04:36:22,root.bursty1,215,655360
04:36:22,root.bursty0,141,836608
04:36:22,root.bursty2,146,891904
04:36:22,root.batch0,3,-1024
04:36:23,root.default,0,0
04:36:23,root.batch6,0,0
04:36:23,root.batch7,0,0
04:36:23,root.batch1,0,0
04:36:23,root.batch4,0,0
04:36:23,root.batch5,0,0
04:36:23,root.batch2,0,0
04:36:23,root.batch3,0,0
04:36:23,root.bursty1,214,649216
04:36:23,root.bursty0,151,717824
04:36:23,root.bursty2,150,916480
04:36:23,root.batch0,3,-1024
04:36:24,root.default,0,0
04:36:24,root.batch6,0,0
04:36:24,root.batch7,0,0
04:36:24,root.batch1,0,0
04:36:24,root.batch4,0,0
04:36:24,root.batch5,0,0
04:36:24,root.batch2,0,0
04:36:24,root.batch3,0,0
04:36:24,root.bursty1,214,649216
04:36:24,root.bursty0,233,812032
04:36:24,root.bursty2,151,922624
04:36:24,root.batch0,3,-1024
04:36:25,root.default,0,0
04:36:25,root.batch6,0,0
04:36:25,root.batch7,0,0
04:36:25,root.batch1,0,0
04:36:25,root.batch4,0,0
04:36:25,root.batch5,0,0
04:36:25,root.batch2,0,0
04:36:25,root.batch3,0,0
04:36:25,root.bursty1,148,514048
04:36:25,root.bursty0,310,883712
04:36:25,root.bursty2,157,959488
04:36:25,root.batch0,3,-1024
04:36:26,root.default,0,0
04:36:26,root.batch6,0,0
04:36:26,root.batch7,0,0
04:36:26,root.batch1,0,0
04:36:26,root.batch4,0,0
04:36:26,root.batch5,0,0
04:36:26,root.batch2,0,0
04:36:26,root.batch3,0,0
04:36:26,root.bursty1,72,358400
04:36:26,root.bursty0,241,672768
04:36:26,root.bursty2,190,1162240
04:36:26,root.batch0,3,-1024
04:36:27,root.default,0,0
04:36:27,root.batch6,0,0
04:36:27,root.batch7,0,0
04:36:27,root.batch1,0,0
04:36:27,root.batch4,0,0
04:36:27,root.batch5,0,0
04:36:27,root.batch2,0,0
04:36:27,root.batch3,0,0
04:36:27,root.bursty1,54,321536
04:36:27,root.bursty0,201,574464
04:36:27,root.bursty2,226,1383424
04:36:27,root.batch0,3,-1024
04:36:28,root.default,0,0
04:36:28,root.batch6,0,0
04:36:28,root.batch7,0,0
04:36:28,root.batch1,0,0
04:36:28,root.batch4,0,0
04:36:28,root.batch5,0,0
04:36:28,root.batch2,0,0
04:36:28,root.batch3,0,0
04:36:28,root.bursty1,54,321536
04:36:28,root.bursty0,200,568320
04:36:28,root.bursty2,254,1317888
04:36:28,root.batch0,3,-1024
04:36:29,root.default,0,0
04:36:29,root.batch6,0,0
04:36:29,root.batch7,0,0
04:36:29,root.batch1,0,0
04:36:29,root.batch4,0,0
04:36:29,root.batch5,0,0
04:36:29,root.batch2,0,0
04:36:29,root.batch3,0,0
04:36:29,root.bursty1,54,321536
04:36:29,root.bursty0,186,539648
04:36:29,root.bursty2,316,1272832
04:36:29,root.batch0,3,-1024
04:36:30,root.default,0,0
04:36:30,root.batch6,0,0
04:36:30,root.batch7,0,0
04:36:30,root.batch1,0,0
04:36:30,root.batch4,0,0
04:36:30,root.batch5,0,0
04:36:30,root.batch2,0,0
04:36:30,root.batch3,0,0
04:36:30,root.bursty1,54,321536
04:36:30,root.bursty0,140,445440
04:36:30,root.bursty2,383,1305600
04:36:30,root.batch0,31,56320
04:36:31,root.default,0,0
04:36:31,root.batch6,0,0
04:36:31,root.batch7,0,0
04:36:31,root.batch1,0,0
04:36:31,root.batch4,0,0
04:36:31,root.batch5,0,0
04:36:31,root.batch2,0,0
04:36:31,root.batch3,0,0
04:36:31,root.bursty1,54,321536
04:36:31,root.bursty0,86,334848
04:36:31,root.bursty2,297,1055744
04:36:31,root.batch0,141,281600
04:36:32,root.default,0,0
04:36:32,root.batch6,0,0
04:36:32,root.batch7,0,0
04:36:32,root.batch1,0,0
04:36:32,root.batch4,0,0
04:36:32,root.batch5,0,0
04:36:32,root.batch2,0,0
04:36:32,root.batch3,0,0
04:36:32,root.bursty0,56,273408
04:36:32,root.bursty1,54,321536
04:36:32,root.bursty2,273,932864
04:36:32,root.batch0,253,510976
04:36:34,root.default,0,0
04:36:34,root.batch6,0,0
04:36:34,root.batch7,0,0
04:36:34,root.batch1,0,0
04:36:34,root.batch4,0,0
04:36:34,root.batch5,0,0
04:36:34,root.batch2,0,0
04:36:34,root.batch3,0,0
04:36:34,root.bursty0,42,244736
04:36:34,root.bursty1,63,376832
04:36:34,root.bursty2,260,885760
04:36:34,root.batch0,325,658432
04:36:35,root.default,0,0
04:36:35,root.batch6,0,0
04:36:35,root.batch7,0,0
04:36:35,root.batch1,0,0
04:36:35,root.batch4,0,0
04:36:35,root.batch5,0,0
04:36:35,root.batch2,0,0
04:36:35,root.batch3,0,0
04:36:35,root.bursty0,40,240640
04:36:35,root.bursty1,100,604160
04:36:35,root.bursty2,251,863232
04:36:35,root.batch0,325,658432
04:36:36,root.default,0,0
04:36:36,root.batch6,0,0
04:36:36,root.batch7,0,0
04:36:36,root.batch1,0,0
04:36:36,root.batch4,0,0
04:36:36,root.batch5,0,0
04:36:36,root.batch2,0,0
04:36:36,root.batch3,0,0
04:36:36,root.bursty0,40,240640
04:36:36,root.bursty1,125,757760
04:36:36,root.bursty2,213,777216
04:36:36,root.batch0,325,658432
04:36:37,root.default,0,0
04:36:37,root.batch6,0,0
04:36:37,root.batch7,0,0
04:36:37,root.batch1,0,0
04:36:37,root.batch4,0,0
04:36:37,root.batch5,0,0
04:36:37,root.batch2,0,0
04:36:37,root.batch3,0,0
04:36:37,root.bursty0,40,240640
04:36:37,root.bursty2,174,685056
04:36:37,root.bursty1,144,874496
04:36:37,root.batch0,325,658432
04:36:38,root.default,0,0
04:36:38,root.batch6,0,0
04:36:38,root.batch7,0,0
04:36:38,root.batch1,0,0
04:36:38,root.batch4,0,0
04:36:38,root.batch5,0,0
04:36:38,root.batch2,0,0
04:36:38,root.batch3,0,0
04:36:38,root.bursty0,40,240640
04:36:38,root.bursty2,129,588800
04:36:38,root.bursty1,159,966656
04:36:38,root.batch0,325,658432
04:36:39,root.default,0,0
04:36:39,root.batch6,0,0
04:36:39,root.batch7,0,0
04:36:39,root.batch1,0,0
04:36:39,root.batch4,0,0
04:36:39,root.batch5,0,0
04:36:39,root.batch2,0,0
04:36:39,root.batch3,0,0
04:36:39,root.bursty0,40,240640
04:36:39,root.bursty2,115,560128
04:36:39,root.bursty1,171,1040384
04:36:39,root.batch0,321,650240
04:36:40,root.default,0,0
04:36:40,root.batch6,0,0
04:36:40,root.batch7,0,0
04:36:40,root.batch1,0,0
04:36:40,root.batch4,0,0
04:36:40,root.batch5,0,0
04:36:40,root.batch2,0,0
04:36:40,root.batch3,0,0
04:36:40,root.bursty0,40,240640
04:36:40,root.bursty2,105,539648
04:36:40,root.bursty1,189,1150976
04:36:40,root.batch0,285,576512
04:36:41,root.default,0,0
04:36:41,root.batch6,0,0
04:36:41,root.batch7,0,0
04:36:41,root.batch1,0,0
04:36:41,root.batch4,0,0
04:36:41,root.batch5,0,0
04:36:41,root.batch2,0,0
04:36:41,root.batch3,0,0
04:36:41,root.bursty0,40,240640
04:36:41,root.bursty2,97,523264
04:36:41,root.bursty1,207,1261568
04:36:41,root.batch0,239,482304
04:36:42,root.default,0,0
04:36:42,root.batch6,0,0
04:36:42,root.batch7,0,0
04:36:42,root.batch1,0,0
04:36:42,root.batch4,0,0
04:36:42,root.batch5,0,0
04:36:42,root.batch2,0,0
04:36:42,root.batch3,0,0
04:36:42,root.bursty0,40,240640
04:36:42,root.bursty2,93,515072
04:36:42,root.bursty1,227,1384448
04:36:42,root.batch0,179,359424
04:36:43,root.default,0,0
04:36:43,root.batch6,0,0
04:36:43,root.batch7,0,0
04:36:43,root.batch1,0,0
04:36:43,root.batch4,0,0
04:36:43,root.batch5,0,0
04:36:43,root.batch2,0,0
04:36:43,root.batch3,0,0
04:36:43,root.bursty0,40,240640
04:36:43,root.bursty2,94,516096
04:36:43,root.bursty1,253,1544192
04:36:43,root.batch0,109,216064
04:36:44,root.default,0,0
04:36:44,root.batch6,0,0
04:36:44,root.batch7,0,0
04:36:44,root.batch1,0,0
04:36:44,root.batch4,0,0
04:36:44,root.batch5,0,0
04:36:44,root.batch2,0,0
04:36:44,root.batch3,0,0
04:36:44,root.bursty0,40,240640
04:36:44,root.bursty2,94,516096
04:36:44,root.bursty1,265,1617920
04:36:44,root.batch0,65,125952
04:36:45,root.default,0,0
04:36:45,root.batch6,0,0
04:36:45,root.batch7,0,0
04:36:45,root.batch1,0,0
04:36:45,root.batch4,0,0
04:36:45,root.batch5,0,0
04:36:45,root.batch2,0,0
04:36:45,root.batch3,0,0
04:36:45,root.bursty0,40,240640
04:36:45,root.bursty2,92,503808
04:36:45,root.bursty1,273,1667072
04:36:45,root.batch0,33,60416
04:36:46,root.default,0,0
04:36:46,root.batch6,0,0
04:36:46,root.batch7,0,0
04:36:46,root.batch1,0,0
04:36:46,root.batch4,0,0
04:36:46,root.batch5,0,0
04:36:46,root.batch2,0,0
04:36:46,root.batch3,0,0
04:36:46,root.bursty0,40,240640
04:36:46,root.bursty2,96,528384
04:36:46,root.bursty1,276,1685504
04:36:46,root.batch0,15,23552
04:36:47,root.default,0,0
04:36:47,root.batch6,0,0
04:36:47,root.batch7,0,0
04:36:47,root.batch1,0,0
04:36:47,root.batch4,0,0
04:36:47,root.batch5,0,0
04:36:47,root.batch2,0,0
04:36:47,root.batch3,0,0
04:36:47,root.bursty0,40,240640
04:36:47,root.bursty2,103,571392
04:36:47,root.bursty1,270,1648640
04:36:47,root.batch0,5,3072
04:36:48,root.default,0,0
04:36:48,root.batch6,0,0
04:36:48,root.batch7,0,0
04:36:48,root.batch1,0,0
04:36:48,root.batch4,0,0
04:36:48,root.batch5,0,0
04:36:48,root.batch2,0,0
04:36:48,root.batch3,0,0
04:36:48,root.bursty0,40,240640
04:36:48,root.bursty2,104,577536
04:36:48,root.bursty1,270,1648640
04:36:48,root.batch0,3,-1024
04:36:49,root.default,0,0
04:36:49,root.batch6,0,0
04:36:49,root.batch7,0,0
04:36:49,root.batch1,0,0
04:36:49,root.batch4,0,0
04:36:49,root.batch5,0,0
04:36:49,root.batch2,0,0
04:36:49,root.batch3,0,0
04:36:49,root.bursty0,40,240640
04:36:49,root.bursty2,105,583680
04:36:49,root.bursty1,270,1648640
04:36:49,root.batch0,3,-1024
04:36:50,root.default,0,0
04:36:50,root.batch6,0,0
04:36:50,root.batch7,0,0
04:36:50,root.batch1,0,0
04:36:50,root.batch4,0,0
04:36:50,root.batch5,0,0
04:36:50,root.batch2,0,0
04:36:50,root.batch3,0,0
04:36:50,root.bursty0,36,216064
04:36:50,root.bursty2,105,583680
04:36:50,root.bursty1,270,1648640
04:36:50,root.batch0,3,-1024
04:36:51,root.default,0,0
04:36:51,root.batch6,0,0
04:36:51,root.batch7,0,0
04:36:51,root.batch1,0,0
04:36:51,root.batch4,0,0
04:36:51,root.batch5,0,0
04:36:51,root.batch2,0,0
04:36:51,root.batch3,0,0
04:36:51,root.bursty0,10,56320
04:36:51,root.bursty2,115,645120
04:36:51,root.bursty1,270,1648640
04:36:51,root.batch0,3,-1024
04:36:52,root.default,0,0
04:36:52,root.batch6,0,0
04:36:52,root.batch7,0,0
04:36:52,root.batch1,0,0
04:36:52,root.batch4,0,0
04:36:52,root.batch5,0,0
04:36:52,root.batch2,0,0
04:36:52,root.batch3,0,0
04:36:52,root.bursty0,2,7168
04:36:52,root.bursty2,137,780288
04:36:52,root.bursty1,271,1659904
04:36:52,root.batch0,3,-1024
04:36:53,root.default,0,0
04:36:53,root.batch6,0,0
04:36:53,root.batch7,0,0
04:36:53,root.batch1,0,0
04:36:53,root.batch4,0,0
04:36:53,root.batch5,0,0
04:36:53,root.batch2,0,0
04:36:53,root.batch3,0,0
04:36:53,root.bursty0,1,1024
04:36:53,root.bursty2,140,798720
04:36:53,root.bursty1,271,1659904
04:36:53,root.batch0,3,-1024
04:36:54,root.default,0,0
04:36:54,root.batch6,0,0
04:36:54,root.batch7,0,0
04:36:54,root.batch1,0,0
04:36:54,root.batch4,0,0
04:36:54,root.batch5,0,0
04:36:54,root.batch2,0,0
04:36:54,root.batch3,0,0
04:36:54,root.bursty0,1,1024
04:36:54,root.bursty2,141,804864
04:36:54,root.bursty1,271,1659904
04:36:54,root.batch0,3,-1024
04:36:55,root.default,0,0
04:36:55,root.batch6,0,0
04:36:55,root.batch7,0,0
04:36:55,root.batch1,0,0
04:36:55,root.batch4,0,0
04:36:55,root.batch5,0,0
04:36:55,root.batch2,0,0
04:36:55,root.batch3,0,0
04:36:55,root.bursty0,1,1024
04:36:55,root.bursty2,142,811008
04:36:55,root.bursty1,271,1659904
04:36:55,root.batch0,3,-1024
04:36:56,root.default,0,0
04:36:56,root.batch6,0,0
04:36:56,root.batch7,0,0
04:36:56,root.batch1,0,0
04:36:56,root.batch4,0,0
04:36:56,root.batch5,0,0
04:36:56,root.batch2,0,0
04:36:56,root.batch3,0,0
04:36:56,root.bursty0,1,1024
04:36:56,root.bursty2,135,768000
04:36:56,root.bursty1,271,1659904
04:36:56,root.batch0,3,-1024
04:36:57,root.default,0,0
04:36:57,root.batch6,0,0
04:36:57,root.batch7,0,0
04:36:57,root.batch1,0,0
04:36:57,root.batch4,0,0
04:36:57,root.batch5,0,0
04:36:57,root.batch2,0,0
04:36:57,root.batch3,0,0
04:36:57,root.bursty0,1,1024
04:36:57,root.bursty2,132,749568
04:36:57,root.bursty1,271,1659904
04:36:57,root.batch0,3,-1024
04:36:58,root.default,0,0
04:36:58,root.batch6,0,0
04:36:58,root.batch7,0,0
04:36:58,root.batch1,0,0
04:36:58,root.batch4,0,0
04:36:58,root.batch5,0,0
04:36:58,root.batch2,0,0
04:36:58,root.batch3,0,0
04:36:58,root.bursty0,1,1024
04:36:58,root.bursty2,138,786432
04:36:58,root.bursty1,271,1659904
04:36:58,root.batch0,3,-1024
04:36:59,root.bursty0,0,0
04:36:59,root.default,0,0
04:36:59,root.batch6,0,0
04:36:59,root.batch7,0,0
04:36:59,root.batch1,0,0
04:36:59,root.batch4,0,0
04:36:59,root.batch5,0,0
04:36:59,root.batch2,0,0
04:36:59,root.batch3,0,0
04:36:59,root.bursty2,141,804864
04:36:59,root.bursty1,271,1659904
04:36:59,root.batch0,3,-1024
04:37:00,root.bursty0,0,0
04:37:00,root.default,0,0
04:37:00,root.batch6,0,0
04:37:00,root.batch7,0,0
04:37:00,root.batch1,0,0
04:37:00,root.batch4,0,0
04:37:00,root.batch5,0,0
04:37:00,root.batch2,0,0
04:37:00,root.batch3,0,0
04:37:00,root.bursty2,142,811008
04:37:00,root.bursty1,271,1659904
04:37:00,root.batch0,3,-1024
04:37:01,root.bursty0,0,0
04:37:01,root.default,0,0
04:37:01,root.batch6,0,0
04:37:01,root.batch7,0,0
04:37:01,root.batch1,0,0
04:37:01,root.batch4,0,0
04:37:01,root.batch5,0,0
04:37:01,root.batch2,0,0
04:37:01,root.batch3,0,0
04:37:01,root.bursty2,142,811008
04:37:01,root.bursty1,271,1659904
04:37:01,root.batch0,3,-1024
04:37:02,root.bursty0,0,0
04:37:02,root.default,0,0
04:37:02,root.batch6,0,0
04:37:02,root.batch7,0,0
04:37:02,root.batch1,0,0
04:37:02,root.batch4,0,0
04:37:02,root.batch5,0,0
04:37:02,root.batch2,0,0
04:37:02,root.batch3,0,0
04:37:02,root.bursty2,142,811008
04:37:02,root.bursty1,271,1659904
04:37:02,root.batch0,3,-1024
04:37:03,root.bursty0,0,0
04:37:03,root.default,0,0
04:37:03,root.batch6,0,0
04:37:03,root.batch7,0,0
04:37:03,root.batch1,0,0
04:37:03,root.batch4,0,0
04:37:03,root.batch5,0,0
04:37:03,root.batch2,0,0
04:37:03,root.batch3,0,0
04:37:03,root.bursty2,142,811008
04:37:03,root.bursty1,271,1659904
04:37:03,root.batch0,3,-1024
04:37:04,root.bursty0,0,0
04:37:04,root.default,0,0
04:37:04,root.batch6,0,0
04:37:04,root.batch7,0,0
04:37:04,root.batch1,0,0
04:37:04,root.batch4,0,0
04:37:04,root.batch5,0,0
04:37:04,root.batch2,0,0
04:37:04,root.batch3,0,0
04:37:04,root.bursty2,142,811008
04:37:04,root.bursty1,271,1659904
04:37:04,root.batch0,3,-1024
04:37:05,root.bursty0,1,1024
04:37:05,root.default,0,0
04:37:05,root.batch6,0,0
04:37:05,root.batch7,0,0
04:37:05,root.batch1,0,0
04:37:05,root.batch4,0,0
04:37:05,root.batch5,0,0
04:37:05,root.batch2,0,0
04:37:05,root.batch3,0,0
04:37:05,root.bursty2,144,828416
04:37:05,root.bursty1,268,1641472
04:37:05,root.batch0,3,-1024
04:37:06,root.default,0,0
04:37:06,root.batch6,0,0
04:37:06,root.batch7,0,0
04:37:06,root.batch1,0,0
04:37:06,root.batch4,0,0
04:37:06,root.batch5,0,0
04:37:06,root.batch2,0,0
04:37:06,root.batch3,0,0
04:37:06,root.bursty0,1,1024
04:37:06,root.bursty2,150,865280
04:37:06,root.bursty1,260,1592320
04:37:06,root.batch0,3,-1024
04:37:07,root.default,0,0
04:37:07,root.batch6,0,0
04:37:07,root.batch7,0,0
04:37:07,root.batch1,0,0
04:37:07,root.batch4,0,0
04:37:07,root.batch5,0,0
04:37:07,root.batch2,0,0
04:37:07,root.batch3,0,0
04:37:07,root.bursty0,1,1024
04:37:07,root.bursty2,160,926720
04:37:07,root.bursty1,247,1512448
04:37:07,root.batch0,3,-1024
04:37:08,root.default,0,0
04:37:08,root.batch6,0,0
04:37:08,root.batch7,0,0
04:37:08,root.batch1,0,0
04:37:08,root.batch4,0,0
04:37:08,root.batch5,0,0
04:37:08,root.batch2,0,0
04:37:08,root.batch3,0,0
04:37:08,root.bursty0,1,1024
04:37:08,root.bursty2,186,1086464
04:37:08,root.bursty1,212,1297408
04:37:08,root.batch0,3,-1024
04:37:09,root.default,0,0
04:37:09,root.batch6,0,0
04:37:09,root.batch7,0,0
04:37:09,root.batch1,0,0
04:37:09,root.batch4,0,0
04:37:09,root.batch5,0,0
04:37:09,root.batch2,0,0
04:37:09,root.batch3,0,0
04:37:09,root.bursty0,1,1024
04:37:09,root.bursty1,196,1199104
04:37:09,root.bursty2,209,1227776
04:37:09,root.batch0,3,-1024
04:37:10,root.default,0,0
04:37:10,root.batch6,0,0
04:37:10,root.batch7,0,0
04:37:10,root.batch1,0,0
04:37:10,root.batch4,0,0
04:37:10,root.batch5,0,0
04:37:10,root.batch2,0,0
04:37:10,root.batch3,0,0
04:37:10,root.bursty0,1,1024
04:37:10,root.bursty1,182,1113088
04:37:10,root.bursty2,215,1264640
04:37:10,root.batch0,3,-1024
04:37:11,root.default,0,0
04:37:11,root.batch6,0,0
04:37:11,root.batch7,0,0
04:37:11,root.batch1,0,0
04:37:11,root.batch4,0,0
04:37:11,root.batch5,0,0
04:37:11,root.batch2,0,0
04:37:11,root.batch3,0,0
04:37:11,root.bursty0,1,1024
04:37:11,root.bursty1,177,1082368
04:37:11,root.bursty2,220,1295360
04:37:11,root.batch0,3,-1024
04:37:12,root.default,0,0
04:37:12,root.batch6,0,0
04:37:12,root.batch7,0,0
04:37:12,root.batch1,0,0
04:37:12,root.batch4,0,0
04:37:12,root.batch5,0,0
04:37:12,root.batch2,0,0
04:37:12,root.batch3,0,0
04:37:12,root.bursty0,1,1024
04:37:12,root.bursty1,176,1076224
04:37:12,root.bursty2,221,1301504
04:37:12,root.batch0,3,-1024
04:37:13,root.default,0,0
04:37:13,root.batch6,0,0
04:37:13,root.batch7,0,0
04:37:13,root.batch1,0,0
04:37:13,root.batch4,0,0
04:37:13,root.batch5,0,0
04:37:13,root.batch2,0,0
04:37:13,root.batch3,0,0
04:37:13,root.bursty0,1,1024
04:37:13,root.bursty1,177,1082368
04:37:13,root.bursty2,222,1307648
04:37:13,root.batch0,3,-1024
04:37:14,root.default,0,0
04:37:14,root.batch6,0,0
04:37:14,root.batch7,0,0
04:37:14,root.batch1,0,0
04:37:14,root.batch4,0,0
04:37:14,root.batch5,0,0
04:37:14,root.batch2,0,0
04:37:14,root.batch3,0,0
04:37:14,root.bursty0,1,1024
04:37:14,root.bursty1,182,1113088
04:37:14,root.bursty2,222,1307648
04:37:14,root.batch0,3,-1024
04:37:15,root.default,0,0
04:37:15,root.batch6,0,0
04:37:15,root.batch7,0,0
04:37:15,root.batch1,0,0
04:37:15,root.batch4,0,0
04:37:15,root.batch5,0,0
04:37:15,root.batch2,0,0
04:37:15,root.batch3,0,0
04:37:15,root.bursty0,2,7168
04:37:15,root.bursty1,176,1076224
04:37:15,root.bursty2,222,1307648
04:37:15,root.batch0,3,-1024
04:37:16,root.default,0,0
04:37:16,root.batch6,0,0
04:37:16,root.batch7,0,0
04:37:16,root.batch1,0,0
04:37:16,root.batch4,0,0
04:37:16,root.batch5,0,0
04:37:16,root.batch2,0,0
04:37:16,root.batch3,0,0
04:37:16,root.bursty0,11,62464
04:37:16,root.bursty1,177,1082368
04:37:16,root.bursty2,215,1264640
04:37:16,root.batch0,3,-1024
04:37:17,root.default,0,0
04:37:17,root.batch6,0,0
04:37:17,root.batch7,0,0
04:37:17,root.batch1,0,0
04:37:17,root.batch4,0,0
04:37:17,root.batch5,0,0
04:37:17,root.batch2,0,0
04:37:17,root.batch3,0,0
04:37:17,root.bursty0,23,136192
04:37:17,root.bursty1,176,1076224
04:37:17,root.bursty2,209,1227776
04:37:17,root.batch0,3,-1024
04:37:18,root.default,0,0
04:37:18,root.batch6,0,0
04:37:18,root.batch7,0,0
04:37:18,root.batch1,0,0
04:37:18,root.batch4,0,0
04:37:18,root.batch5,0,0
04:37:18,root.batch2,0,0
04:37:18,root.batch3,0,0
04:37:18,root.bursty0,28,166912
04:37:18,root.bursty1,175,1070080
04:37:18,root.bursty2,209,1227776
04:37:18,root.batch0,3,-1024
04:37:19,root.default,0,0
04:37:19,root.batch6,0,0
04:37:19,root.batch7,0,0
04:37:19,root.batch1,0,0
04:37:19,root.batch4,0,0
04:37:19,root.batch5,0,0
04:37:19,root.batch2,0,0
04:37:19,root.batch3,0,0
04:37:19,root.bursty0,29,173056
04:37:19,root.bursty1,175,1070080
04:37:19,root.bursty2,208,1221632
04:37:19,root.batch0,3,-1024
04:37:20,root.default,0,0
04:37:20,root.batch6,0,0
04:37:20,root.batch7,0,0
04:37:20,root.batch1,0,0
04:37:20,root.batch4,0,0
04:37:20,root.batch5,0,0
04:37:20,root.batch2,0,0
04:37:20,root.batch3,0,0
04:37:20,root.bursty0,30,179200
04:37:20,root.bursty1,174,1063936
04:37:20,root.bursty2,198,1160192
04:37:20,root.batch0,3,-1024
04:37:21,root.default,0,0
04:37:21,root.batch6,0,0
04:37:21,root.batch7,0,0
04:37:21,root.batch1,0,0
04:37:21,root.batch4,0,0
04:37:21,root.batch5,0,0
04:37:21,root.batch2,0,0
04:37:21,root.batch3,0,0
04:37:21,root.bursty0,41,246784
04:37:21,root.bursty1,174,1063936
04:37:21,root.bursty2,174,1012736
04:37:21,root.batch0,3,-1024
04:37:22,root.default,0,0
04:37:22,root.batch6,0,0
04:37:22,root.batch7,0,0
04:37:22,root.batch1,0,0
04:37:22,root.batch4,0,0
04:37:22,root.batch5,0,0
04:37:22,root.batch2,0,0
04:37:22,root.batch3,0,0
04:37:22,root.bursty0,64,388096
04:37:22,root.bursty2,168,975872
04:37:22,root.bursty1,175,1070080
04:37:22,root.batch0,3,-1024
04:37:23,root.default,0,0
04:37:23,root.batch6,0,0
04:37:23,root.batch7,0,0
04:37:23,root.batch1,0,0
04:37:23,root.batch4,0,0
04:37:23,root.batch5,0,0
04:37:23,root.batch2,0,0
04:37:23,root.batch3,0,0
04:37:23,root.bursty0,70,424960
04:37:23,root.bursty2,158,914432
04:37:23,root.bursty1,175,1070080
04:37:23,root.batch0,3,-1024
04:37:24,root.default,0,0
04:37:24,root.batch6,0,0
04:37:24,root.batch7,0,0
04:37:24,root.batch1,0,0
04:37:24,root.batch4,0,0
04:37:24,root.batch5,0,0
04:37:24,root.batch2,0,0
04:37:24,root.batch3,0,0
04:37:24,root.bursty0,81,492544
04:37:24,root.bursty2,155,896000
04:37:24,root.bursty1,175,1070080
04:37:24,root.batch0,3,-1024
04:37:25,root.default,0,0
04:37:25,root.batch6,0,0
04:37:25,root.batch7,0,0
04:37:25,root.batch1,0,0
04:37:25,root.batch4,0,0
04:37:25,root.batch5,0,0
04:37:25,root.batch2,0,0
04:37:25,root.batch3,0,0
04:37:25,root.bursty0,83,504832
04:37:25,root.bursty2,148,852992
04:37:25,root.bursty1,175,1070080
04:37:25,root.batch0,3,-1024
04:37:26,root.default,0,0
04:37:26,root.batch6,0,0
04:37:26,root.batch7,0,0
04:37:26,root.batch1,0,0
04:37:26,root.batch4,0,0
04:37:26,root.batch5,0,0
04:37:26,root.batch2,0,0
04:37:26,root.batch3,0,0
04:37:26,root.bursty0,92,560128
04:37:26,root.bursty2,130,742400
04:37:26,root.bursty1,175,1070080
04:37:26,root.batch0,3,-1024
04:37:28,root.default,0,0
04:37:28,root.batch6,0,0
04:37:28,root.batch7,0,0
04:37:28,root.batch1,0,0
04:37:28,root.batch4,0,0
04:37:28,root.batch5,0,0
04:37:28,root.batch2,0,0
04:37:28,root.batch3,0,0
04:37:28,root.bursty2,106,594944
04:37:28,root.bursty0,108,658432
04:37:28,root.bursty1,175,1070080
04:37:28,root.batch0,3,-1024
04:37:29,root.default,0,0
04:37:29,root.batch6,0,0
04:37:29,root.batch7,0,0
04:37:29,root.batch1,0,0
04:37:29,root.batch4,0,0
04:37:29,root.batch5,0,0
04:37:29,root.batch2,0,0
04:37:29,root.batch3,0,0
04:37:29,root.bursty2,95,527360
04:37:29,root.bursty0,132,805888
04:37:29,root.bursty1,175,1070080
04:37:29,root.batch0,3,-1024
04:37:30,root.default,0,0
04:37:30,root.batch6,0,0
04:37:30,root.batch7,0,0
04:37:30,root.batch1,0,0
04:37:30,root.batch4,0,0
04:37:30,root.batch5,0,0
04:37:30,root.batch2,0,0
04:37:30,root.batch3,0,0
04:37:30,root.bursty2,103,576512
04:37:30,root.bursty0,133,812032
04:37:30,root.bursty1,175,1070080
04:37:30,root.batch0,3,-1024
04:37:31,root.default,0,0
04:37:31,root.batch6,0,0
04:37:31,root.batch7,0,0
04:37:31,root.batch1,0,0
04:37:31,root.batch4,0,0
04:37:31,root.batch5,0,0
04:37:31,root.batch2,0,0
04:37:31,root.batch3,0,0
04:37:31,root.bursty2,105,588800
04:37:31,root.bursty0,133,812032
04:37:31,root.bursty1,175,1070080
04:37:31,root.batch0,3,-1024
04:37:32,root.default,0,0
04:37:32,root.batch6,0,0
04:37:32,root.batch7,0,0
04:37:32,root.batch1,0,0
04:37:32,root.batch4,0,0
04:37:32,root.batch5,0,0
04:37:32,root.batch2,0,0
04:37:32,root.batch3,0,0
04:37:32,root.bursty2,105,588800
04:37:32,root.bursty0,133,812032
04:37:32,root.bursty1,175,1070080
04:37:32,root.batch0,3,-1024
04:37:33,root.default,0,0
04:37:33,root.batch6,0,0
04:37:33,root.batch7,0,0
04:37:33,root.batch1,0,0
04:37:33,root.batch4,0,0
04:37:33,root.batch5,0,0
04:37:33,root.batch2,0,0
04:37:33,root.batch3,0,0
04:37:33,root.bursty2,105,588800
04:37:33,root.bursty0,133,812032
04:37:33,root.bursty1,175,1070080
04:37:33,root.batch0,3,-1024
04:37:34,root.default,0,0
04:37:34,root.batch6,0,0
04:37:34,root.batch7,0,0
04:37:34,root.batch1,0,0
04:37:34,root.batch4,0,0
04:37:34,root.batch5,0,0
04:37:34,root.batch2,0,0
04:37:34,root.batch3,0,0
04:37:34,root.bursty2,105,588800
04:37:34,root.bursty0,133,812032
04:37:34,root.bursty1,175,1070080
04:37:34,root.batch0,3,-1024
04:37:35,root.default,0,0
04:37:35,root.batch6,0,0
04:37:35,root.batch7,0,0
04:37:35,root.batch1,0,0
04:37:35,root.batch4,0,0
04:37:35,root.batch5,0,0
04:37:35,root.batch2,0,0
04:37:35,root.batch3,0,0
04:37:35,root.bursty2,102,570368
04:37:35,root.bursty0,133,812032
04:37:35,root.bursty1,175,1070080
04:37:35,root.batch0,3,-1024
04:37:36,root.default,0,0
04:37:36,root.batch6,0,0
04:37:36,root.batch7,0,0
04:37:36,root.batch1,0,0
04:37:36,root.batch4,0,0
04:37:36,root.batch5,0,0
04:37:36,root.batch2,0,0
04:37:36,root.batch3,0,0
04:37:36,root.bursty2,101,564224
04:37:36,root.bursty0,134,818176
04:37:36,root.bursty1,175,1070080
04:37:36,root.batch0,3,-1024
04:37:37,root.default,0,0
04:37:37,root.batch6,0,0
04:37:37,root.batch7,0,0
04:37:37,root.batch1,0,0
04:37:37,root.batch4,0,0
04:37:37,root.batch5,0,0
04:37:37,root.batch2,0,0
04:37:37,root.batch3,0,0
04:37:37,root.bursty2,96,533504
04:37:37,root.bursty0,135,824320
04:37:37,root.bursty1,175,1070080
04:37:37,root.batch0,3,-1024
04:37:38,root.default,0,0
04:37:38,root.batch6,0,0
04:37:38,root.batch7,0,0
04:37:38,root.batch1,0,0
04:37:38,root.batch4,0,0
04:37:38,root.batch5,0,0
04:37:38,root.batch2,0,0
04:37:38,root.batch3,0,0
04:37:38,root.bursty2,85,465920
04:37:38,root.bursty0,136,830464
04:37:38,root.bursty1,175,1070080
04:37:38,root.batch0,3,-1024
04:37:39,root.default,0,0
04:37:39,root.batch6,0,0
04:37:39,root.batch7,0,0
04:37:39,root.batch1,0,0
04:37:39,root.batch4,0,0
04:37:39,root.batch5,0,0
04:37:39,root.batch2,0,0
04:37:39,root.batch3,0,0
04:37:39,root.bursty2,85,465920
04:37:39,root.bursty0,137,836608
04:37:39,root.bursty1,175,1070080
04:37:39,root.batch0,3,-1024
04:37:40,root.default,0,0
04:37:40,root.batch6,0,0
04:37:40,root.batch7,0,0
04:37:40,root.batch1,0,0
04:37:40,root.batch4,0,0
04:37:40,root.batch5,0,0
04:37:40,root.batch2,0,0
04:37:40,root.batch3,0,0
04:37:40,root.bursty2,89,490496
04:37:40,root.bursty0,139,848896
04:37:40,root.bursty1,169,1033216
04:37:40,root.batch0,3,-1024
04:37:41,root.default,0,0
04:37:41,root.batch6,0,0
04:37:41,root.batch7,0,0
04:37:41,root.batch1,0,0
04:37:41,root.batch4,0,0
04:37:41,root.batch5,0,0
04:37:41,root.batch2,0,0
04:37:41,root.batch3,0,0
04:37:41,root.bursty2,105,588800
04:37:41,root.bursty0,139,848896
04:37:41,root.bursty1,151,922624
04:37:41,root.batch0,3,-1024
04:37:42,root.default,0,0
04:37:42,root.batch6,0,0
04:37:42,root.batch7,0,0
04:37:42,root.batch1,0,0
04:37:42,root.batch4,0,0
04:37:42,root.batch5,0,0
04:37:42,root.batch2,0,0
04:37:42,root.batch3,0,0
04:37:42,root.bursty2,134,766976
04:37:42,root.bursty1,131,799744
04:37:42,root.bursty0,139,848896
04:37:42,root.batch0,3,-1024
04:37:43,root.default,0,0
04:37:43,root.batch6,0,0
04:37:43,root.batch7,0,0
04:37:43,root.batch1,0,0
04:37:43,root.batch4,0,0
04:37:43,root.batch5,0,0
04:37:43,root.batch2,0,0
04:37:43,root.batch3,0,0
04:37:43,root.bursty1,111,676864
04:37:43,root.bursty0,139,848896
04:37:43,root.bursty2,152,877568
04:37:43,root.batch0,3,-1024
04:37:44,root.default,0,0
04:37:44,root.batch6,0,0
04:37:44,root.batch7,0,0
04:37:44,root.batch1,0,0
04:37:44,root.batch4,0,0
04:37:44,root.batch5,0,0
04:37:44,root.batch2,0,0
04:37:44,root.batch3,0,0
04:37:44,root.bursty1,112,683008
04:37:44,root.bursty0,139,848896
04:37:44,root.bursty2,156,902144
04:37:44,root.batch0,3,-1024
04:37:45,root.default,0,0
04:37:45,root.batch6,0,0
04:37:45,root.batch7,0,0
04:37:45,root.batch1,0,0
04:37:45,root.batch4,0,0
04:37:45,root.batch5,0,0
04:37:45,root.batch2,0,0
04:37:45,root.batch3,0,0
04:37:45,root.bursty1,111,676864
04:37:45,root.bursty0,140,855040
04:37:45,root.bursty2,156,902144
04:37:45,root.batch0,3,-1024
04:37:46,root.default,0,0
04:37:46,root.batch6,0,0
04:37:46,root.batch7,0,0
04:37:46,root.batch1,0,0
04:37:46,root.batch4,0,0
04:37:46,root.batch5,0,0
04:37:46,root.batch2,0,0
04:37:46,root.batch3,0,0
04:37:46,root.bursty1,141,599040
04:37:46,root.bursty0,140,855040
04:37:46,root.bursty2,156,902144
04:37:46,root.batch0,3,-1024
04:37:47,root.default,0,0
04:37:47,root.batch6,0,0
04:37:47,root.batch7,0,0
04:37:47,root.batch1,0,0
04:37:47,root.batch4,0,0
04:37:47,root.batch5,0,0
04:37:47,root.batch2,0,0
04:37:47,root.batch3,0,0
04:37:47,root.bursty1,201,582656
04:37:47,root.bursty0,130,793600
04:37:47,root.bursty2,157,908288
04:37:47,root.batch0,3,-1024
04:37:48,root.default,0,0
04:37:48,root.batch6,0,0
04:37:48,root.batch7,0,0
04:37:48,root.batch1,0,0
04:37:48,root.batch4,0,0
04:37:48,root.batch5,0,0
04:37:48,root.batch2,0,0
04:37:48,root.batch3,0,0
04:37:48,root.bursty1,272,715776
04:37:48,root.bursty0,121,738304
04:37:48,root.bursty2,157,908288
04:37:48,root.batch0,3,-1024
04:37:49,root.default,0,0
04:37:49,root.batch6,0,0
04:37:49,root.batch7,0,0
04:37:49,root.batch1,0,0
04:37:49,root.batch4,0,0
04:37:49,root.batch5,0,0
04:37:49,root.batch2,0,0
04:37:49,root.batch3,0,0
04:37:49,root.bursty1,243,655360
04:37:49,root.bursty0,131,799744
04:37:49,root.bursty2,157,908288
04:37:49,root.batch0,3,-1024
04:37:50,root.default,0,0
04:37:50,root.batch6,0,0
04:37:50,root.batch7,0,0
04:37:50,root.batch1,0,0
04:37:50,root.batch4,0,0
04:37:50,root.batch5,0,0
04:37:50,root.batch2,0,0
04:37:50,root.batch3,0,0
04:37:50,root.bursty1,201,569344
04:37:50,root.bursty2,158,914432
04:37:50,root.bursty0,152,928768
04:37:50,root.batch0,3,-1024
04:37:51,root.default,0,0
04:37:51,root.batch6,0,0
04:37:51,root.batch7,0,0
04:37:51,root.batch1,0,0
04:37:51,root.batch4,0,0
04:37:51,root.batch5,0,0
04:37:51,root.batch2,0,0
04:37:51,root.batch3,0,0
04:37:51,root.bursty1,201,569344
04:37:51,root.bursty0,149,910336
04:37:51,root.bursty2,167,969728
04:37:51,root.batch0,3,-1024
04:37:52,root.default,0,0
04:37:52,root.batch6,0,0
04:37:52,root.batch7,0,0
04:37:52,root.batch1,0,0
04:37:52,root.batch4,0,0
04:37:52,root.batch5,0,0
04:37:52,root.batch2,0,0
04:37:52,root.batch3,0,0
04:37:52,root.bursty1,188,530432
04:37:52,root.bursty0,149,910336
04:37:52,root.bursty2,170,988160
04:37:52,root.batch0,3,-1024
04:37:53,root.default,0,0
04:37:53,root.batch6,0,0
04:37:53,root.batch7,0,0
04:37:53,root.batch1,0,0
04:37:53,root.batch4,0,0
04:37:53,root.batch5,0,0
04:37:53,root.batch2,0,0
04:37:53,root.batch3,0,0
04:37:53,root.bursty1,124,399360
04:37:53,root.bursty2,176,1025024
04:37:53,root.bursty0,170,1039360
04:37:53,root.batch0,3,-1024
04:37:54,root.default,0,0
04:37:54,root.batch6,0,0
04:37:54,root.batch7,0,0
04:37:54,root.batch1,0,0
04:37:54,root.batch4,0,0
04:37:54,root.batch5,0,0
04:37:54,root.batch2,0,0
04:37:54,root.batch3,0,0
04:37:54,root.bursty1,58,264192
04:37:54,root.bursty2,187,1092608
04:37:54,root.bursty0,179,1094656
04:37:54,root.batch0,3,-1024
04:37:55,root.default,0,0
04:37:55,root.batch6,0,0
04:37:55,root.batch7,0,0
04:37:55,root.batch1,0,0
04:37:55,root.batch4,0,0
04:37:55,root.batch5,0,0
04:37:55,root.batch2,0,0
04:37:55,root.batch3,0,0
04:37:55,root.bursty1,40,227328
04:37:55,root.bursty0,179,1094656
04:37:55,root.bursty2,193,1129472
04:37:55,root.batch0,3,-1024
04:37:56,root.default,0,0
04:37:56,root.batch6,0,0
04:37:56,root.batch7,0,0
04:37:56,root.batch1,0,0
04:37:56,root.batch4,0,0
04:37:56,root.batch5,0,0
04:37:56,root.batch2,0,0
04:37:56,root.batch3,0,0
04:37:56,root.bursty1,38,223232
04:37:56,root.bursty0,179,1094656
04:37:56,root.bursty2,195,1141760
04:37:56,root.batch0,3,-1024
04:37:57,root.default,0,0
04:37:57,root.batch6,0,0
04:37:57,root.batch7,0,0
04:37:57,root.batch1,0,0
04:37:57,root.batch4,0,0
04:37:57,root.batch5,0,0
04:37:57,root.batch2,0,0
04:37:57,root.batch3,0,0
04:37:57,root.bursty1,38,223232
04:37:57,root.bursty0,169,1033216
04:37:57,root.bursty2,198,1160192
04:37:57,root.batch0,3,-1024
04:37:58,root.default,0,0
04:37:58,root.batch6,0,0
04:37:58,root.batch7,0,0
04:37:58,root.batch1,0,0
04:37:58,root.batch4,0,0
04:37:58,root.batch5,0,0
04:37:58,root.batch2,0,0
04:37:58,root.batch3,0,0
04:37:58,root.bursty1,38,223232
04:37:58,root.bursty0,164,1002496
04:37:58,root.bursty2,206,1209344
04:37:58,root.batch0,3,-1024
04:37:59,root.default,0,0
04:37:59,root.batch6,0,0
04:37:59,root.batch7,0,0
04:37:59,root.batch1,0,0
04:37:59,root.batch4,0,0
04:37:59,root.batch5,0,0
04:37:59,root.batch2,0,0
04:37:59,root.batch3,0,0
04:37:59,root.bursty1,38,223232
04:37:59,root.bursty0,177,1082368
04:37:59,root.bursty2,195,1141760
04:37:59,root.batch0,3,-1024
04:38:00,root.default,0,0
04:38:00,root.batch6,0,0
04:38:00,root.batch7,0,0
04:38:00,root.batch1,0,0
04:38:00,root.batch4,0,0
04:38:00,root.batch5,0,0
04:38:00,root.batch2,0,0
04:38:00,root.batch3,0,0
04:38:00,root.bursty1,38,223232
04:38:00,root.bursty0,182,1113088
04:38:00,root.bursty2,193,1129472
04:38:00,root.batch0,3,-1024
04:38:01,root.default,0,0
04:38:01,root.batch6,0,0
04:38:01,root.batch7,0,0
04:38:01,root.batch1,0,0
04:38:01,root.batch4,0,0
04:38:01,root.batch5,0,0
04:38:01,root.batch2,0,0
04:38:01,root.batch3,0,0
04:38:01,root.bursty1,38,223232
04:38:01,root.bursty0,183,1119232
04:38:01,root.bursty2,193,1129472
04:38:01,root.batch0,3,-1024
04:38:02,root.default,0,0
04:38:02,root.batch6,0,0
04:38:02,root.batch7,0,0
04:38:02,root.batch1,0,0
04:38:02,root.batch4,0,0
04:38:02,root.batch5,0,0
04:38:02,root.batch2,0,0
04:38:02,root.batch3,0,0
04:38:02,root.bursty1,38,223232
04:38:02,root.bursty0,183,1119232
04:38:02,root.bursty2,193,1129472
04:38:02,root.batch0,3,-1024
04:38:03,root.default,0,0
04:38:03,root.batch6,0,0
04:38:03,root.batch7,0,0
04:38:03,root.batch1,0,0
04:38:03,root.batch4,0,0
04:38:03,root.batch5,0,0
04:38:03,root.batch2,0,0
04:38:03,root.batch3,0,0
04:38:03,root.bursty1,38,223232
04:38:03,root.bursty0,183,1119232
04:38:03,root.bursty2,193,1129472
04:38:03,root.batch0,3,-1024
04:38:04,root.default,0,0
04:38:04,root.batch6,0,0
04:38:04,root.batch7,0,0
04:38:04,root.batch1,0,0
04:38:04,root.batch4,0,0
04:38:04,root.batch5,0,0
04:38:04,root.batch2,0,0
04:38:04,root.batch3,0,0
04:38:04,root.bursty1,38,223232
04:38:04,root.bursty0,183,1119232
04:38:04,root.bursty2,193,1129472
04:38:04,root.batch0,3,-1024
04:38:05,root.default,0,0
04:38:05,root.batch6,0,0
04:38:05,root.batch7,0,0
04:38:05,root.batch1,0,0
04:38:05,root.batch4,0,0
04:38:05,root.batch5,0,0
04:38:05,root.batch2,0,0
04:38:05,root.batch3,0,0
04:38:05,root.bursty1,39,229376
04:38:05,root.bursty0,184,1125376
04:38:05,root.bursty2,191,1117184
04:38:05,root.batch0,3,-1024
04:38:06,root.default,0,0
04:38:06,root.batch6,0,0
04:38:06,root.batch7,0,0
04:38:06,root.batch1,0,0
04:38:06,root.batch4,0,0
04:38:06,root.batch5,0,0
04:38:06,root.batch2,0,0
04:38:06,root.batch3,0,0
04:38:06,root.bursty1,39,229376
04:38:06,root.bursty2,188,1098752
04:38:06,root.bursty0,186,1137664
04:38:06,root.batch0,3,-1024
04:38:07,root.default,0,0
04:38:07,root.batch6,0,0
04:38:07,root.batch7,0,0
04:38:07,root.batch1,0,0
04:38:07,root.batch4,0,0
04:38:07,root.batch5,0,0
04:38:07,root.batch2,0,0
04:38:07,root.batch3,0,0
04:38:07,root.bursty1,43,253952
04:38:07,root.bursty2,181,1055744
04:38:07,root.bursty0,187,1143808
04:38:07,root.batch0,3,-1024
04:38:08,root.default,0,0
04:38:08,root.batch6,0,0
04:38:08,root.batch7,0,0
04:38:08,root.batch1,0,0
04:38:08,root.batch4,0,0
04:38:08,root.batch5,0,0
04:38:08,root.batch2,0,0
04:38:08,root.batch3,0,0
04:38:08,root.bursty1,52,309248
04:38:08,root.bursty2,162,939008
04:38:08,root.bursty0,194,1186816
04:38:08,root.batch0,3,-1024
04:38:09,root.default,0,0
04:38:09,root.batch6,0,0
04:38:09,root.batch7,0,0
04:38:09,root.batch1,0,0
04:38:09,root.batch4,0,0
04:38:09,root.batch5,0,0
04:38:09,root.batch2,0,0
04:38:09,root.batch3,0,0
04:38:09,root.bursty1,66,395264
04:38:09,root.bursty2,141,809984
04:38:09,root.bursty0,200,1223680
04:38:09,root.batch0,3,-1024
04:38:10,root.default,0,0
04:38:10,root.batch6,0,0
04:38:10,root.batch7,0,0
04:38:10,root.batch1,0,0
04:38:10,root.batch4,0,0
04:38:10,root.batch5,0,0
04:38:10,root.batch2,0,0
04:38:10,root.batch3,0,0
04:38:10,root.bursty1,82,493568
04:38:10,root.bursty2,124,705536
04:38:10,root.bursty0,203,1242112
04:38:10,root.batch0,3,-1024
04:38:11,root.default,0,0
04:38:11,root.batch6,0,0
04:38:11,root.batch7,0,0
04:38:11,root.batch1,0,0
04:38:11,root.batch4,0,0
04:38:11,root.batch5,0,0
04:38:11,root.batch2,0,0
04:38:11,root.batch3,0,0
04:38:11,root.bursty2,98,545792
04:38:11,root.bursty1,101,610304
04:38:11,root.bursty0,204,1248256
04:38:11,root.batch0,3,-1024
04:38:12,root.default,0,0
04:38:12,root.batch6,0,0
04:38:12,root.batch7,0,0
04:38:12,root.batch1,0,0
04:38:12,root.batch4,0,0
04:38:12,root.batch5,0,0
04:38:12,root.batch2,0,0
04:38:12,root.batch3,0,0
04:38:12,root.bursty2,91,502784
04:38:12,root.bursty1,112,677888
04:38:12,root.bursty0,205,1254400
04:38:12,root.batch0,3,-1024
04:38:13,root.default,0,0
04:38:13,root.batch6,0,0
04:38:13,root.batch7,0,0
04:38:13,root.batch1,0,0
04:38:13,root.batch4,0,0
04:38:13,root.batch5,0,0
04:38:13,root.batch2,0,0
04:38:13,root.batch3,0,0
04:38:13,root.bursty2,101,564224
04:38:13,root.bursty1,99,598016
04:38:13,root.bursty0,205,1254400
04:38:13,root.batch0,3,-1024
04:38:14,root.default,0,0
04:38:14,root.batch6,0,0
04:38:14,root.batch7,0,0
04:38:14,root.batch1,0,0
04:38:14,root.batch4,0,0
04:38:14,root.batch5,0,0
04:38:14,root.batch2,0,0
04:38:14,root.batch3,0,0
04:38:14,root.bursty1,90,542720
04:38:14,root.bursty2,115,650240
04:38:14,root.bursty0,205,1254400
04:38:14,root.batch0,3,-1024
04:38:15,root.default,0,0
04:38:15,root.batch6,0,0
04:38:15,root.batch7,0,0
04:38:15,root.batch1,0,0
04:38:15,root.batch4,0,0
04:38:15,root.batch5,0,0
04:38:15,root.batch2,0,0
04:38:15,root.batch3,0,0
04:38:15,root.bursty1,91,548864
04:38:15,root.bursty2,118,668672
04:38:15,root.bursty0,204,1248256
04:38:15,root.batch0,3,-1024
04:38:16,root.default,0,0
04:38:16,root.batch6,0,0
04:38:16,root.batch7,0,0
04:38:16,root.batch1,0,0
04:38:16,root.batch4,0,0
04:38:16,root.batch5,0,0
04:38:16,root.batch2,0,0
04:38:16,root.batch3,0,0
04:38:16,root.bursty1,91,548864
04:38:16,root.bursty2,118,668672
04:38:16,root.bursty0,205,1254400
04:38:16,root.batch0,3,-1024
04:38:17,root.default,0,0
04:38:17,root.batch6,0,0
04:38:17,root.batch7,0,0
04:38:17,root.batch1,0,0
04:38:17,root.batch4,0,0
04:38:17,root.batch5,0,0
04:38:17,root.batch2,0,0
04:38:17,root.batch3,0,0
04:38:17,root.bursty1,91,548864
04:38:17,root.bursty2,118,668672
04:38:17,root.bursty0,205,1254400
04:38:17,root.batch0,3,-1024
04:38:18,root.default,0,0
04:38:18,root.batch6,0,0
04:38:18,root.batch7,0,0
04:38:18,root.batch1,0,0
04:38:18,root.batch4,0,0
04:38:18,root.batch5,0,0
04:38:18,root.batch2,0,0
04:38:18,root.batch3,0,0
04:38:18,root.bursty1,93,561152
04:38:18,root.bursty2,118,668672
04:38:18,root.bursty0,201,1229824
04:38:18,root.batch0,3,-1024
04:38:19,root.default,0,0
04:38:19,root.batch6,0,0
04:38:19,root.batch7,0,0
04:38:19,root.batch1,0,0
04:38:19,root.batch4,0,0
04:38:19,root.batch5,0,0
04:38:19,root.batch2,0,0
04:38:19,root.batch3,0,0
04:38:19,root.bursty1,107,647168
04:38:19,root.bursty2,119,674816
04:38:19,root.bursty0,183,1119232
04:38:19,root.batch0,3,-1024
04:38:20,root.default,0,0
04:38:20,root.batch6,0,0
04:38:20,root.batch7,0,0
04:38:20,root.batch1,0,0
04:38:20,root.batch4,0,0
04:38:20,root.batch5,0,0
04:38:20,root.batch2,0,0
04:38:20,root.batch3,0,0
04:38:20,root.bursty2,119,674816
04:38:20,root.bursty1,122,744448
04:38:20,root.bursty0,168,1027072
04:38:20,root.batch0,3,-1024
04:38:21,root.default,0,0
04:38:21,root.batch6,0,0
04:38:21,root.batch7,0,0
04:38:21,root.batch1,0,0
04:38:21,root.batch4,0,0
04:38:21,root.batch5,0,0
04:38:21,root.batch2,0,0
04:38:21,root.batch3,0,0
04:38:21,root.bursty2,125,711680
04:38:21,root.bursty1,133,812032
04:38:21,root.bursty0,150,916480
04:38:21,root.batch0,3,-1024
04:38:23,root.default,0,0
04:38:23,root.batch6,0,0
04:38:23,root.batch7,0,0
04:38:23,root.batch1,0,0
04:38:23,root.batch4,0,0
04:38:23,root.batch5,0,0
04:38:23,root.batch2,0,0
04:38:23,root.batch3,0,0
04:38:23,root.bursty2,152,812032
04:38:23,root.bursty0,133,812032
04:38:23,root.bursty1,135,824320
04:38:23,root.batch0,3,-1024
04:38:24,root.default,0,0
04:38:24,root.batch6,0,0
04:38:24,root.batch7,0,0
04:38:24,root.batch1,0,0
04:38:24,root.batch4,0,0
04:38:24,root.batch5,0,0
04:38:24,root.batch2,0,0
04:38:24,root.batch3,0,0
04:38:24,root.bursty0,129,787456
04:38:24,root.bursty2,162,775168
04:38:24,root.bursty1,137,836608
04:38:24,root.batch0,3,-1024
04:38:25,root.default,0,0
04:38:25,root.batch6,0,0
04:38:25,root.batch7,0,0
04:38:25,root.batch1,0,0
04:38:25,root.batch4,0,0
04:38:25,root.batch5,0,0
04:38:25,root.batch2,0,0
04:38:25,root.batch3,0,0
04:38:25,root.bursty2,194,775168
04:38:25,root.bursty0,128,781312
04:38:25,root.bursty1,139,848896
04:38:25,root.batch0,3,-1024
04:38:26,root.default,0,0
04:38:26,root.batch6,0,0
04:38:26,root.batch7,0,0
04:38:26,root.batch1,0,0
04:38:26,root.batch4,0,0
04:38:26,root.batch5,0,0
04:38:26,root.batch2,0,0
04:38:26,root.batch3,0,0
04:38:26,root.bursty2,212,795648
04:38:26,root.bursty0,131,799744
04:38:26,root.bursty1,139,848896
04:38:26,root.batch0,3,-1024
04:38:27,root.default,0,0
04:38:27,root.batch6,0,0
04:38:27,root.batch7,0,0
04:38:27,root.batch1,0,0
04:38:27,root.batch4,0,0
04:38:27,root.batch5,0,0
04:38:27,root.batch2,0,0
04:38:27,root.batch3,0,0
04:38:27,root.bursty2,228,812032
04:38:27,root.bursty0,133,812032
04:38:27,root.bursty1,139,848896
04:38:27,root.batch0,3,-1024
04:38:28,root.default,0,0
04:38:28,root.batch6,0,0
04:38:28,root.batch7,0,0
04:38:28,root.batch1,0,0
04:38:28,root.batch4,0,0
04:38:28,root.batch5,0,0
04:38:28,root.batch2,0,0
04:38:28,root.batch3,0,0
04:38:28,root.bursty0,129,787456
04:38:28,root.bursty2,244,812032
04:38:28,root.bursty1,139,848896
04:38:28,root.batch0,3,-1024
04:38:29,root.default,0,0
04:38:29,root.batch6,0,0
04:38:29,root.batch7,0,0
04:38:29,root.batch1,0,0
04:38:29,root.batch4,0,0
04:38:29,root.batch5,0,0
04:38:29,root.batch2,0,0
04:38:29,root.batch3,0,0
04:38:29,root.bursty0,134,818176
04:38:29,root.bursty2,256,820224
04:38:29,root.bursty1,139,848896
04:38:29,root.batch0,3,-1024
04:38:30,root.default,0,0
04:38:30,root.batch6,0,0
04:38:30,root.batch7,0,0
04:38:30,root.batch1,0,0
04:38:30,root.batch4,0,0
04:38:30,root.batch5,0,0
04:38:30,root.batch2,0,0
04:38:30,root.batch3,0,0
04:38:30,root.bursty2,253,834560
04:38:30,root.bursty0,137,836608
04:38:30,root.bursty1,139,848896
04:38:30,root.batch0,3,-1024
04:38:31,root.default,0,0
04:38:31,root.batch6,0,0
04:38:31,root.batch7,0,0
04:38:31,root.batch1,0,0
04:38:31,root.batch4,0,0
04:38:31,root.batch5,0,0
04:38:31,root.batch2,0,0
04:38:31,root.batch3,0,0
04:38:31,root.bursty2,218,783360
04:38:31,root.bursty1,139,848896
04:38:31,root.bursty0,142,867328
04:38:31,root.batch0,3,-1024
04:38:32,root.default,0,0
04:38:32,root.batch6,0,0
04:38:32,root.batch7,0,0
04:38:32,root.batch1,0,0
04:38:32,root.batch4,0,0
04:38:32,root.batch5,0,0
04:38:32,root.batch2,0,0
04:38:32,root.batch3,0,0
04:38:32,root.bursty2,198,766976
04:38:32,root.bursty1,139,848896
04:38:32,root.bursty0,143,873472
04:38:32,root.batch0,3,-1024
04:38:33,root.default,0,0
04:38:33,root.batch6,0,0
04:38:33,root.batch7,0,0
04:38:33,root.batch1,0,0
04:38:33,root.batch4,0,0
04:38:33,root.batch5,0,0
04:38:33,root.batch2,0,0
04:38:33,root.batch3,0,0
04:38:33,root.bursty2,181,769024
04:38:33,root.bursty1,139,848896
04:38:33,root.bursty0,144,879616
04:38:33,root.batch0,3,-1024
04:38:34,root.default,0,0
04:38:34,root.batch6,0,0
04:38:34,root.batch7,0,0
04:38:34,root.batch1,0,0
04:38:34,root.batch4,0,0
04:38:34,root.batch5,0,0
04:38:34,root.batch2,0,0
04:38:34,root.batch3,0,0
04:38:34,root.bursty2,165,760832
04:38:34,root.bursty1,139,848896
04:38:34,root.bursty0,146,891904
04:38:34,root.batch0,3,-1024
04:38:35,root.default,0,0
04:38:35,root.batch6,0,0
04:38:35,root.batch7,0,0
04:38:35,root.batch1,0,0
04:38:35,root.batch4,0,0
04:38:35,root.batch5,0,0
04:38:35,root.batch2,0,0
04:38:35,root.batch3,0,0
04:38:35,root.bursty2,133,703488
04:38:35,root.bursty1,139,848896
04:38:35,root.bursty0,148,904192
04:38:35,root.batch0,3,-1024
04:38:36,root.default,0,0
04:38:36,root.batch6,0,0
04:38:36,root.batch7,0,0
04:38:36,root.batch1,0,0
04:38:36,root.batch4,0,0
04:38:36,root.batch5,0,0
04:38:36,root.batch2,0,0
04:38:36,root.batch3,0,0
04:38:36,root.bursty2,131,732160
04:38:36,root.bursty1,138,842752
04:38:36,root.bursty0,146,891904
04:38:36,root.batch0,3,-1024
04:38:37,root.default,0,0
04:38:37,root.batch6,0,0
04:38:37,root.batch7,0,0
04:38:37,root.batch1,0,0
04:38:37,root.batch4,0,0
04:38:37,root.batch5,0,0
04:38:37,root.batch2,0,0
04:38:37,root.batch3,0,0
04:38:37,root.bursty2,131,748544
04:38:37,root.bursty1,137,836608
04:38:37,root.bursty0,145,885760
04:38:37,root.batch0,3,-1024
04:38:38,root.default,0,0
04:38:38,root.batch6,0,0
04:38:38,root.batch7,0,0
04:38:38,root.batch1,0,0
04:38:38,root.batch4,0,0
04:38:38,root.batch5,0,0
04:38:38,root.batch2,0,0
04:38:38,root.batch3,0,0
04:38:38,root.bursty2,138,791552
04:38:38,root.bursty1,132,805888
04:38:38,root.bursty0,143,873472
04:38:38,root.batch0,3,-1024
04:38:39,root.default,0,0
04:38:39,root.batch6,0,0
04:38:39,root.batch7,0,0
04:38:39,root.batch1,0,0
04:38:39,root.batch4,0,0
04:38:39,root.batch5,0,0
04:38:39,root.batch2,0,0
04:38:39,root.batch3,0,0
04:38:39,root.bursty1,122,744448
04:38:39,root.bursty0,136,830464
04:38:39,root.bursty2,154,889856
04:38:39,root.batch0,3,-1024
04:38:40,root.default,0,0
04:38:40,root.batch6,0,0
04:38:40,root.batch7,0,0
04:38:40,root.batch1,0,0
04:38:40,root.batch4,0,0
04:38:40,root.batch5,0,0
04:38:40,root.batch2,0,0
04:38:40,root.batch3,0,0
04:38:40,root.bursty1,117,713728
04:38:40,root.bursty0,131,799744
04:38:40,root.bursty2,162,939008
04:38:40,root.batch0,3,-1024
04:38:41,root.default,0,0
04:38:41,root.batch6,0,0
04:38:41,root.batch7,0,0
04:38:41,root.batch1,0,0
04:38:41,root.batch4,0,0
04:38:41,root.batch5,0,0
04:38:41,root.batch2,0,0
04:38:41,root.batch3,0,0
04:38:41,root.bursty1,114,695296
04:38:41,root.bursty0,127,775168
04:38:41,root.bursty2,167,969728
04:38:41,root.batch0,3,-1024
04:38:42,root.default,0,0
04:38:42,root.batch6,0,0
04:38:42,root.batch7,0,0
04:38:42,root.batch1,0,0
04:38:42,root.batch4,0,0
04:38:42,root.batch5,0,0
04:38:42,root.batch2,0,0
04:38:42,root.batch3,0,0
04:38:42,root.bursty1,116,707584
04:38:42,root.bursty0,126,769024
04:38:42,root.bursty2,166,963584
04:38:42,root.batch0,3,-1024
04:38:43,root.default,0,0
04:38:43,root.batch6,0,0
04:38:43,root.batch7,0,0
04:38:43,root.batch1,0,0
04:38:43,root.batch4,0,0
04:38:43,root.batch5,0,0
04:38:43,root.batch2,0,0
04:38:43,root.batch3,0,0
04:38:43,root.bursty0,127,775168
04:38:43,root.bursty1,130,793600
04:38:43,root.bursty2,154,889856
04:38:43,root.batch0,3,-1024
04:38:44,root.default,0,0
04:38:44,root.batch6,0,0
04:38:44,root.batch7,0,0
04:38:44,root.batch1,0,0
04:38:44,root.batch4,0,0
04:38:44,root.batch5,0,0
04:38:44,root.batch2,0,0
04:38:44,root.batch3,0,0
04:38:44,root.bursty2,137,785408
04:38:44,root.bursty0,132,805888
04:38:44,root.bursty1,141,861184
04:38:44,root.batch0,3,-1024
04:38:45,root.default,0,0
04:38:45,root.batch6,0,0
04:38:45,root.batch7,0,0
04:38:45,root.batch1,0,0
04:38:45,root.batch4,0,0
04:38:45,root.batch5,0,0
04:38:45,root.batch2,0,0
04:38:45,root.batch3,0,0
04:38:45,root.bursty0,133,812032
04:38:45,root.bursty2,141,809984
04:38:45,root.bursty1,137,836608
04:38:45,root.batch0,3,-1024
04:38:46,root.default,0,0
04:38:46,root.batch6,0,0
04:38:46,root.batch7,0,0
04:38:46,root.batch1,0,0
04:38:46,root.batch4,0,0
04:38:46,root.batch5,0,0
04:38:46,root.batch2,0,0
04:38:46,root.batch3,0,0
04:38:46,root.bursty1,133,812032
04:38:46,root.bursty0,134,818176
04:38:46,root.bursty2,145,834560
04:38:46,root.batch0,3,-1024
04:38:47,root.default,0,0
04:38:47,root.batch6,0,0
04:38:47,root.batch7,0,0
04:38:47,root.batch1,0,0
04:38:47,root.batch4,0,0
04:38:47,root.batch5,0,0
04:38:47,root.batch2,0,0
04:38:47,root.batch3,0,0
04:38:47,root.bursty1,135,824320
04:38:47,root.bursty2,143,822272
04:38:47,root.bursty0,135,824320
04:38:47,root.batch0,3,-1024
04:38:48,root.default,0,0
04:38:48,root.batch6,0,0
04:38:48,root.batch7,0,0
04:38:48,root.batch1,0,0
04:38:48,root.batch4,0,0
04:38:48,root.batch5,0,0
04:38:48,root.batch2,0,0
04:38:48,root.batch3,0,0
04:38:48,root.bursty2,143,822272
04:38:48,root.bursty1,135,824320
04:38:48,root.bursty0,135,824320
04:38:48,root.batch0,3,-1024
04:38:49,root.default,0,0
04:38:49,root.batch6,0,0
04:38:49,root.batch7,0,0
04:38:49,root.batch1,0,0
04:38:49,root.batch4,0,0
04:38:49,root.batch5,0,0
04:38:49,root.batch2,0,0
04:38:49,root.batch3,0,0
04:38:49,root.bursty1,132,805888
04:38:49,root.bursty0,136,830464
04:38:49,root.bursty2,145,834560
04:38:49,root.batch0,3,-1024
04:38:50,root.default,0,0
04:38:50,root.batch6,0,0
04:38:50,root.batch7,0,0
04:38:50,root.batch1,0,0
04:38:50,root.batch4,0,0
04:38:50,root.batch5,0,0
04:38:50,root.batch2,0,0
04:38:50,root.batch3,0,0
04:38:50,root.bursty1,129,787456
04:38:50,root.bursty0,136,830464
04:38:50,root.bursty2,148,852992
04:38:50,root.batch0,3,-1024
04:38:51,root.default,0,0
04:38:51,root.batch6,0,0
04:38:51,root.batch7,0,0
04:38:51,root.batch1,0,0
04:38:51,root.batch4,0,0
04:38:51,root.batch5,0,0
04:38:51,root.batch2,0,0
04:38:51,root.batch3,0,0
04:38:51,root.bursty1,126,769024
04:38:51,root.bursty2,147,846848
04:38:51,root.bursty0,138,842752
04:38:51,root.batch0,3,-1024
04:38:52,root.default,0,0
04:38:52,root.batch6,0,0
04:38:52,root.batch7,0,0
04:38:52,root.batch1,0,0
04:38:52,root.batch4,0,0
04:38:52,root.batch5,0,0
04:38:52,root.batch2,0,0
04:38:52,root.batch3,0,0
04:38:52,root.bursty1,132,805888
04:38:52,root.bursty2,143,822272
04:38:52,root.bursty0,138,842752
04:38:52,root.batch0,3,-1024
04:38:53,root.default,0,0
04:38:53,root.batch6,0,0
04:38:53,root.batch7,0,0
04:38:53,root.batch1,0,0
04:38:53,root.batch4,0,0
04:38:53,root.batch5,0,0
04:38:53,root.batch2,0,0
04:38:53,root.batch3,0,0
04:38:53,root.bursty2,140,803840
04:38:53,root.bursty0,135,807936
04:38:53,root.bursty1,139,848896
04:38:53,root.batch0,3,-1024
04:38:54,root.default,0,0
04:38:54,root.batch6,0,0
04:38:54,root.batch7,0,0
04:38:54,root.batch1,0,0
04:38:54,root.batch4,0,0
04:38:54,root.batch5,0,0
04:38:54,root.batch2,0,0
04:38:54,root.batch3,0,0
04:38:54,root.bursty0,141,762880
04:38:54,root.bursty2,149,859136
04:38:54,root.bursty1,145,885760
04:38:54,root.batch0,3,-1024
04:38:55,root.default,0,0
04:38:55,root.batch6,0,0
04:38:55,root.batch7,0,0
04:38:55,root.batch1,0,0
04:38:55,root.batch4,0,0
04:38:55,root.batch5,0,0
04:38:55,root.batch2,0,0
04:38:55,root.batch3,0,0
04:38:55,root.bursty0,161,738304
04:38:55,root.bursty2,152,877568
04:38:55,root.bursty1,148,904192
04:38:55,root.batch0,3,-1024
04:38:56,root.default,0,0
04:38:56,root.batch6,0,0
04:38:56,root.batch7,0,0
04:38:56,root.batch1,0,0
04:38:56,root.batch4,0,0
04:38:56,root.batch5,0,0
04:38:56,root.batch2,0,0
04:38:56,root.batch3,0,0
04:38:56,root.bursty0,179,758784
04:38:56,root.bursty2,152,877568
04:38:56,root.bursty1,149,910336
04:38:56,root.batch0,3,-1024
04:38:57,root.default,0,0
04:38:57,root.batch6,0,0
04:38:57,root.batch7,0,0
04:38:57,root.batch1,0,0
04:38:57,root.batch4,0,0
04:38:57,root.batch5,0,0
04:38:57,root.batch2,0,0
04:38:57,root.batch3,0,0
04:38:57,root.bursty0,186,719872
04:38:57,root.bursty2,153,883712
04:38:57,root.bursty1,151,922624
04:38:57,root.batch0,3,-1024
04:38:58,root.default,0,0
04:38:58,root.batch6,0,0
04:38:58,root.batch7,0,0
04:38:58,root.batch1,0,0
04:38:58,root.batch4,0,0
04:38:58,root.batch5,0,0
04:38:58,root.batch2,0,0
04:38:58,root.batch3,0,0
04:38:58,root.bursty0,210,711680
04:38:58,root.bursty2,154,889856
04:38:58,root.bursty1,151,922624
04:38:58,root.batch0,3,-1024
04:38:59,root.default,0,0
04:38:59,root.batch6,0,0
04:38:59,root.batch7,0,0
04:38:59,root.batch1,0,0
04:38:59,root.batch4,0,0
04:38:59,root.batch5,0,0
04:38:59,root.batch2,0,0
04:38:59,root.batch3,0,0
04:38:59,root.bursty0,244,707584
04:38:59,root.bursty2,151,876544
04:38:59,root.bursty1,152,928768
04:38:59,root.batch0,3,-1024
04:39:00,root.default,0,0
04:39:00,root.batch6,0,0
04:39:00,root.batch7,0,0
04:39:00,root.batch1,0,0
04:39:00,root.batch4,0,0
04:39:00,root.batch5,0,0
04:39:00,root.batch2,0,0
04:39:00,root.batch3,0,0
04:39:00,root.bursty0,245,648192
04:39:00,root.bursty2,158,919552
04:39:00,root.bursty1,154,941056
04:39:00,root.batch0,3,-1024
04:39:01,root.default,0,0
04:39:01,root.batch6,0,0
04:39:01,root.batch7,0,0
04:39:01,root.batch1,0,0
04:39:01,root.batch4,0,0
04:39:01,root.batch5,0,0
04:39:01,root.batch2,0,0
04:39:01,root.batch3,0,0
04:39:01,root.bursty0,189,500736
04:39:01,root.bursty2,166,968704
04:39:01,root.bursty1,161,984064
04:39:01,root.batch0,3,-1024
04:39:02,root.default,0,0
04:39:02,root.batch6,0,0
04:39:02,root.batch7,0,0
04:39:02,root.batch1,0,0
04:39:02,root.batch4,0,0
04:39:02,root.batch5,0,0
04:39:02,root.batch2,0,0
04:39:02,root.batch3,0,0
04:39:02,root.bursty0,141,386048
04:39:02,root.bursty2,173,1011712
04:39:02,root.bursty1,175,1070080
04:39:02,root.batch0,3,-1024
04:39:03,root.default,0,0
04:39:03,root.batch6,0,0
04:39:03,root.batch7,0,0
04:39:03,root.batch1,0,0
04:39:03,root.batch4,0,0
04:39:03,root.batch5,0,0
04:39:03,root.batch2,0,0
04:39:03,root.batch3,0,0
04:39:03,root.bursty0,110,310272
04:39:03,root.bursty2,182,1067008
04:39:03,root.bursty1,180,1100800
04:39:03,root.batch0,3,-1024
04:39:04,root.default,0,0
04:39:04,root.batch6,0,0
04:39:04,root.batch7,0,0
04:39:04,root.batch1,0,0
04:39:04,root.batch4,0,0
04:39:04,root.batch5,0,0
04:39:04,root.batch2,0,0
04:39:04,root.batch3,0,0
04:39:04,root.bursty0,94,277504
04:39:04,root.bursty2,187,1097728
04:39:04,root.bursty1,185,1131520
04:39:04,root.batch0,3,-1024
04:39:05,root.default,0,0
04:39:05,root.batch6,0,0
04:39:05,root.batch7,0,0
04:39:05,root.batch1,0,0
04:39:05,root.batch4,0,0
04:39:05,root.batch5,0,0
04:39:05,root.batch2,0,0
04:39:05,root.batch3,0,0
04:39:05,root.bursty0,54,187392
04:39:05,root.bursty2,191,1122304
04:39:05,root.bursty1,189,1156096
04:39:05,root.batch0,3,-1024
04:39:06,root.default,0,0
04:39:06,root.batch6,0,0
04:39:06,root.batch7,0,0
04:39:06,root.batch1,0,0
04:39:06,root.batch4,0,0
04:39:06,root.batch5,0,0
04:39:06,root.batch2,0,0
04:39:06,root.batch3,0,0
04:39:06,root.bursty0,28,134144
04:39:06,root.bursty2,194,1140736
04:39:06,root.bursty1,191,1168384
04:39:06,root.batch0,3,-1024
04:39:07,root.default,0,0
04:39:07,root.batch6,0,0
04:39:07,root.batch7,0,0
04:39:07,root.batch1,0,0
04:39:07,root.batch4,0,0
04:39:07,root.batch5,0,0
04:39:07,root.batch2,0,0
04:39:07,root.batch3,0,0
04:39:07,root.bursty0,21,115712
04:39:07,root.bursty2,196,1153024
04:39:07,root.bursty1,192,1174528
04:39:07,root.batch0,3,-1024
04:39:08,root.default,0,0
04:39:08,root.batch6,0,0
04:39:08,root.batch7,0,0
04:39:08,root.batch1,0,0
04:39:08,root.batch4,0,0
04:39:08,root.batch5,0,0
04:39:08,root.batch2,0,0
04:39:08,root.batch3,0,0
04:39:08,root.bursty0,16,93184
04:39:08,root.bursty2,189,1110016
04:39:08,root.bursty1,192,1174528
04:39:08,root.batch0,3,-1024
04:39:09,root.default,0,0
04:39:09,root.batch6,0,0
04:39:09,root.batch7,0,0
04:39:09,root.batch1,0,0
04:39:09,root.batch4,0,0
04:39:09,root.batch5,0,0
04:39:09,root.batch2,0,0
04:39:09,root.batch3,0,0
04:39:09,root.bursty0,15,87040
04:39:09,root.bursty1,182,1113088
04:39:09,root.bursty2,194,1140736
04:39:09,root.batch0,3,-1024
04:39:10,root.default,0,0
04:39:10,root.batch6,0,0
04:39:10,root.batch7,0,0
04:39:10,root.batch1,0,0
04:39:10,root.batch4,0,0
04:39:10,root.batch5,0,0
04:39:10,root.batch2,0,0
04:39:10,root.batch3,0,0
04:39:10,root.bursty0,15,87040
04:39:10,root.bursty1,172,1051648
04:39:10,root.bursty2,209,1232896
04:39:10,root.batch0,3,-1024
04:39:11,root.default,0,0
04:39:11,root.batch6,0,0
04:39:11,root.batch7,0,0
04:39:11,root.batch1,0,0
04:39:11,root.batch4,0,0
04:39:11,root.batch5,0,0
04:39:11,root.batch2,0,0
04:39:11,root.batch3,0,0
04:39:11,root.bursty0,15,87040
04:39:11,root.bursty1,166,1014784
04:39:11,root.bursty2,211,1245184
04:39:11,root.batch0,3,-1024
04:39:12,root.default,0,0
04:39:12,root.batch6,0,0
04:39:12,root.batch7,0,0
04:39:12,root.batch1,0,0
04:39:12,root.batch4,0,0
04:39:12,root.batch5,0,0
04:39:12,root.batch2,0,0
04:39:12,root.batch3,0,0
04:39:12,root.bursty0,14,80896
04:39:12,root.bursty1,164,1002496
04:39:12,root.bursty2,212,1251328
04:39:12,root.batch0,3,-1024
04:39:13,root.default,0,0
04:39:13,root.batch6,0,0
04:39:13,root.batch7,0,0
04:39:13,root.batch1,0,0
04:39:13,root.batch4,0,0
04:39:13,root.batch5,0,0
04:39:13,root.batch2,0,0
04:39:13,root.batch3,0,0
04:39:13,root.bursty0,8,44032
04:39:13,root.bursty1,174,1063936
04:39:13,root.bursty2,207,1220608
04:39:13,root.batch0,3,-1024
04:39:14,root.default,0,0
04:39:14,root.batch6,0,0
04:39:14,root.batch7,0,0
04:39:14,root.batch1,0,0
04:39:14,root.batch4,0,0
04:39:14,root.batch5,0,0
04:39:14,root.batch2,0,0
04:39:14,root.batch3,0,0
04:39:14,root.bursty0,7,37888
04:39:14,root.bursty2,195,1146880
04:39:14,root.bursty1,196,1199104
04:39:14,root.batch0,3,-1024
04:39:15,root.default,0,0
04:39:15,root.batch6,0,0
04:39:15,root.batch7,0,0
04:39:15,root.batch1,0,0
04:39:15,root.batch4,0,0
04:39:15,root.batch5,0,0
04:39:15,root.batch2,0,0
04:39:15,root.batch3,0,0
04:39:15,root.bursty0,5,25600
04:39:15,root.bursty2,196,1153024
04:39:15,root.bursty1,202,1235968
04:39:15,root.batch0,3,-1024
04:39:16,root.default,0,0
04:39:16,root.batch6,0,0
04:39:16,root.batch7,0,0
04:39:16,root.batch1,0,0
04:39:16,root.batch4,0,0
04:39:16,root.batch5,0,0
04:39:16,root.batch2,0,0
04:39:16,root.batch3,0,0
04:39:16,root.bursty0,4,19456
04:39:16,root.bursty2,205,1208320
04:39:16,root.bursty1,201,1229824
04:39:16,root.batch0,3,-1024
04:39:17,root.default,0,0
04:39:17,root.batch6,0,0
04:39:17,root.batch7,0,0
04:39:17,root.batch1,0,0
04:39:17,root.batch4,0,0
04:39:17,root.batch5,0,0
04:39:17,root.batch2,0,0
04:39:17,root.batch3,0,0
04:39:17,root.bursty0,4,19456
04:39:17,root.bursty2,205,1208320
04:39:17,root.bursty1,202,1235968
04:39:17,root.batch0,3,-1024
04:39:18,root.default,0,0
04:39:18,root.batch6,0,0
04:39:18,root.batch7,0,0
04:39:18,root.batch1,0,0
04:39:18,root.batch4,0,0
04:39:18,root.batch5,0,0
04:39:18,root.batch2,0,0
04:39:18,root.batch3,0,0
04:39:18,root.bursty0,3,13312
04:39:18,root.bursty2,207,1220608
04:39:18,root.bursty1,197,1205248
04:39:18,root.batch0,3,-1024
04:39:20,root.default,0,0
04:39:20,root.batch6,0,0
04:39:20,root.batch7,0,0
04:39:20,root.batch1,0,0
04:39:20,root.batch4,0,0
04:39:20,root.batch5,0,0
04:39:20,root.batch2,0,0
04:39:20,root.batch3,0,0
04:39:20,root.bursty0,3,13312
04:39:20,root.bursty1,189,1156096
04:39:20,root.bursty2,209,1232896
04:39:20,root.batch0,3,-1024
04:39:21,root.default,0,0
04:39:21,root.batch6,0,0
04:39:21,root.batch7,0,0
04:39:21,root.batch1,0,0
04:39:21,root.batch4,0,0
04:39:21,root.batch5,0,0
04:39:21,root.batch2,0,0
04:39:21,root.batch3,0,0
04:39:21,root.bursty0,1,1024
04:39:21,root.bursty1,179,1094656
04:39:21,root.bursty2,214,1263616
04:39:21,root.batch0,3,-1024
04:39:22,root.default,0,0
04:39:22,root.batch6,0,0
04:39:22,root.batch7,0,0
04:39:22,root.batch1,0,0
04:39:22,root.batch4,0,0
04:39:22,root.batch5,0,0
04:39:22,root.batch2,0,0
04:39:22,root.batch3,0,0
04:39:22,root.bursty0,1,1024
04:39:22,root.bursty1,179,1094656
04:39:22,root.bursty2,218,1288192
04:39:22,root.batch0,3,-1024
04:39:23,root.default,0,0
04:39:23,root.batch6,0,0
04:39:23,root.batch7,0,0
04:39:23,root.batch1,0,0
04:39:23,root.batch4,0,0
04:39:23,root.batch5,0,0
04:39:23,root.batch2,0,0
04:39:23,root.batch3,0,0
04:39:23,root.bursty0,1,1024
04:39:23,root.bursty1,176,1076224
04:39:23,root.bursty2,223,1318912
04:39:23,root.batch0,3,-1024
04:39:24,root.default,0,0
04:39:24,root.batch6,0,0
04:39:24,root.batch7,0,0
04:39:24,root.batch1,0,0
04:39:24,root.batch4,0,0
04:39:24,root.batch5,0,0
04:39:24,root.batch2,0,0
04:39:24,root.batch3,0,0
04:39:24,root.bursty0,1,1024
04:39:24,root.bursty1,181,1106944
04:39:24,root.bursty2,220,1300480
04:39:24,root.batch0,3,-1024
04:39:25,root.default,0,0
04:39:25,root.batch6,0,0
04:39:25,root.batch7,0,0
04:39:25,root.batch1,0,0
04:39:25,root.batch4,0,0
04:39:25,root.batch5,0,0
04:39:25,root.batch2,0,0
04:39:25,root.batch3,0,0
04:39:25,root.bursty0,1,1024
04:39:25,root.bursty1,192,1174528
04:39:25,root.bursty2,213,1257472
04:39:25,root.batch0,3,-1024
04:39:26,root.default,0,0
04:39:26,root.batch6,0,0
04:39:26,root.batch7,0,0
04:39:26,root.batch1,0,0
04:39:26,root.batch4,0,0
04:39:26,root.batch5,0,0
04:39:26,root.batch2,0,0
04:39:26,root.batch3,0,0
04:39:26,root.bursty0,1,1024
04:39:26,root.bursty1,197,1205248
04:39:26,root.bursty2,213,1257472
04:39:26,root.batch0,3,-1024
04:39:27,root.bursty0,0,0
04:39:27,root.default,0,0
04:39:27,root.batch6,0,0
04:39:27,root.batch7,0,0
04:39:27,root.batch1,0,0
04:39:27,root.batch4,0,0
04:39:27,root.batch5,0,0
04:39:27,root.batch2,0,0
04:39:27,root.batch3,0,0
04:39:27,root.bursty1,200,1199104
04:39:27,root.bursty2,212,1251328
04:39:27,root.batch0,3,-1024
04:39:28,root.bursty0,0,0
04:39:28,root.default,0,0
04:39:28,root.batch6,0,0
04:39:28,root.batch7,0,0
04:39:28,root.batch1,0,0
04:39:28,root.batch4,0,0
04:39:28,root.batch5,0,0
04:39:28,root.batch2,0,0
04:39:28,root.batch3,0,0
04:39:28,root.bursty1,233,1262592
04:39:28,root.bursty2,214,1263616
04:39:28,root.batch0,3,-1024
04:39:29,root.bursty0,0,0
04:39:29,root.default,0,0
04:39:29,root.batch6,0,0
04:39:29,root.batch7,0,0
04:39:29,root.batch1,0,0
04:39:29,root.batch4,0,0
04:39:29,root.batch5,0,0
04:39:29,root.batch2,0,0
04:39:29,root.batch3,0,0
04:39:29,root.bursty2,214,1263616
04:39:29,root.bursty1,238,1268736
04:39:29,root.batch0,3,-1024
04:39:30,root.bursty0,0,0
04:39:30,root.default,0,0
04:39:30,root.batch6,0,0
04:39:30,root.batch7,0,0
04:39:30,root.batch1,0,0
04:39:30,root.batch4,0,0
04:39:30,root.batch5,0,0
04:39:30,root.batch2,0,0
04:39:30,root.batch3,0,0
04:39:30,root.bursty2,208,1226752
04:39:30,root.bursty1,238,1260544
04:39:30,root.batch0,3,-1024
04:39:31,root.bursty0,0,0
04:39:31,root.default,0,0
04:39:31,root.batch6,0,0
04:39:31,root.batch7,0,0
04:39:31,root.batch1,0,0
04:39:31,root.batch4,0,0
04:39:31,root.batch5,0,0
04:39:31,root.batch2,0,0
04:39:31,root.batch3,0,0
04:39:31,root.bursty2,203,1196032
04:39:31,root.bursty1,240,1248256
04:39:31,root.batch0,3,-1024
04:39:32,root.default,0,0
04:39:32,root.batch6,0,0
04:39:32,root.batch7,0,0
04:39:32,root.batch1,0,0
04:39:32,root.batch4,0,0
04:39:32,root.batch5,0,0
04:39:32,root.batch2,0,0
04:39:32,root.batch3,0,0
04:39:32,root.bursty0,1,1024
04:39:32,root.bursty2,202,1189888
04:39:32,root.bursty1,242,1203200
04:39:32,root.batch0,3,-1024
04:39:33,root.default,0,0
04:39:33,root.batch6,0,0
04:39:33,root.batch7,0,0
04:39:33,root.batch1,0,0
04:39:33,root.batch4,0,0
04:39:33,root.batch5,0,0
04:39:33,root.batch2,0,0
04:39:33,root.batch3,0,0
04:39:33,root.bursty0,1,1024
04:39:33,root.bursty1,261,1205248
04:39:33,root.bursty2,204,1202176
04:39:33,root.batch0,3,-1024
04:39:34,root.default,0,0
04:39:34,root.batch6,0,0
04:39:34,root.batch7,0,0
04:39:34,root.batch1,0,0
04:39:34,root.batch4,0,0
04:39:34,root.batch5,0,0
04:39:34,root.batch2,0,0
04:39:34,root.batch3,0,0
04:39:34,root.bursty0,1,1024
04:39:34,root.bursty1,255,1176576
04:39:34,root.bursty2,207,1220608
04:39:34,root.batch0,3,-1024
04:39:35,root.default,0,0
04:39:35,root.batch6,0,0
04:39:35,root.batch7,0,0
04:39:35,root.batch1,0,0
04:39:35,root.batch4,0,0
04:39:35,root.batch5,0,0
04:39:35,root.batch2,0,0
04:39:35,root.batch3,0,0
04:39:35,root.bursty0,1,1024
04:39:35,root.bursty1,284,1210368
04:39:35,root.bursty2,208,1226752
04:39:35,root.batch0,3,-1024
04:39:36,root.default,0,0
04:39:36,root.batch6,0,0
04:39:36,root.batch7,0,0
04:39:36,root.batch1,0,0
04:39:36,root.batch4,0,0
04:39:36,root.batch5,0,0
04:39:36,root.batch2,0,0
04:39:36,root.batch3,0,0
04:39:36,root.bursty0,1,1024
04:39:36,root.bursty1,254,1140736
04:39:36,root.bursty2,214,1263616
04:39:36,root.batch0,3,-1024
04:39:37,root.default,0,0
04:39:37,root.batch6,0,0
04:39:37,root.batch7,0,0
04:39:37,root.batch1,0,0
04:39:37,root.batch4,0,0
04:39:37,root.batch5,0,0
04:39:37,root.batch2,0,0
04:39:37,root.batch3,0,0
04:39:37,root.bursty0,1,1024
04:39:37,root.bursty1,243,1114112
04:39:37,root.bursty2,229,1355776
04:39:37,root.batch0,3,-1024
04:39:38,root.default,0,0
04:39:38,root.batch6,0,0
04:39:38,root.batch7,0,0
04:39:38,root.batch1,0,0
04:39:38,root.batch4,0,0
04:39:38,root.batch5,0,0
04:39:38,root.batch2,0,0
04:39:38,root.batch3,0,0
04:39:38,root.bursty0,1,1024
04:39:38,root.bursty1,231,1081344
04:39:38,root.bursty2,233,1380352
04:39:38,root.batch0,3,-1024
04:39:39,root.default,0,0
04:39:39,root.batch6,0,0
04:39:39,root.batch7,0,0
04:39:39,root.batch1,0,0
04:39:39,root.batch4,0,0
04:39:39,root.batch5,0,0
04:39:39,root.batch2,0,0
04:39:39,root.batch3,0,0
04:39:39,root.bursty0,1,1024
04:39:39,root.bursty1,211,1032192
04:39:39,root.bursty2,234,1386496
04:39:39,root.batch0,3,-1024
04:39:40,root.default,0,0
04:39:40,root.batch6,0,0
04:39:40,root.batch7,0,0
04:39:40,root.batch1,0,0
04:39:40,root.batch4,0,0
04:39:40,root.batch5,0,0
04:39:40,root.batch2,0,0
04:39:40,root.batch3,0,0
04:39:40,root.bursty0,1,1024
04:39:40,root.bursty1,193,987136
04:39:40,root.bursty2,269,1429504
04:39:40,root.batch0,3,-1024
04:39:41,root.default,0,0
04:39:41,root.batch6,0,0
04:39:41,root.batch7,0,0
04:39:41,root.batch1,0,0
04:39:41,root.batch4,0,0
04:39:41,root.batch5,0,0
04:39:41,root.batch2,0,0
04:39:41,root.batch3,0,0
04:39:41,root.bursty0,1,1024
04:39:41,root.bursty1,163,876544
04:39:41,root.bursty2,325,1478656
04:39:41,root.batch0,3,-1024
04:39:42,root.default,0,0
04:39:42,root.batch6,0,0
04:39:42,root.batch7,0,0
04:39:42,root.batch1,0,0
04:39:42,root.batch4,0,0
04:39:42,root.batch5,0,0
04:39:42,root.batch2,0,0
04:39:42,root.batch3,0,0
04:39:42,root.bursty0,1,1024
04:39:42,root.bursty1,140,751616
04:39:42,root.bursty2,388,1579008
04:39:42,root.batch0,3,-1024
04:39:43,root.default,0,0
04:39:43,root.batch6,0,0
04:39:43,root.batch7,0,0
04:39:43,root.batch1,0,0
04:39:43,root.batch4,0,0
04:39:43,root.batch5,0,0
04:39:43,root.batch2,0,0
04:39:43,root.batch3,0,0
04:39:43,root.bursty0,29,173056
04:39:43,root.bursty1,121,626688
04:39:43,root.bursty2,319,1433600
04:39:43,root.batch0,3,-1024
04:39:44,root.default,0,0
04:39:44,root.batch6,0,0
04:39:44,root.batch7,0,0
04:39:44,root.batch1,0,0
04:39:44,root.batch4,0,0
04:39:44,root.batch5,0,0
04:39:44,root.batch2,0,0
04:39:44,root.batch3,0,0
04:39:44,root.bursty0,70,424960
04:39:44,root.bursty1,92,456704
04:39:44,root.bursty2,313,1421312
04:39:44,root.batch0,3,-1024
04:39:45,root.default,0,0
04:39:45,root.batch6,0,0
04:39:45,root.batch7,0,0
04:39:45,root.batch1,0,0
04:39:45,root.batch4,0,0
04:39:45,root.batch5,0,0
04:39:45,root.batch2,0,0
04:39:45,root.batch3,0,0
04:39:45,root.bursty1,80,399360
04:39:45,root.bursty0,102,621568
04:39:45,root.bursty2,303,1359872
04:39:45,root.batch0,3,-1024
04:39:46,root.default,0,0
04:39:46,root.batch6,0,0
04:39:46,root.batch7,0,0
04:39:46,root.batch1,0,0
04:39:46,root.batch4,0,0
04:39:46,root.batch5,0,0
04:39:46,root.batch2,0,0
04:39:46,root.batch3,0,0
04:39:46,root.bursty1,84,423936
04:39:46,root.bursty0,129,787456
04:39:46,root.bursty2,275,1253376
04:39:46,root.batch0,3,-1024
04:39:47,root.default,0,0
04:39:47,root.batch6,0,0
04:39:47,root.batch7,0,0
04:39:47,root.batch1,0,0
04:39:47,root.batch4,0,0
04:39:47,root.batch5,0,0
04:39:47,root.batch2,0,0
04:39:47,root.batch3,0,0
04:39:47,root.bursty1,92,489472
04:39:47,root.bursty0,133,812032
04:39:47,root.bursty2,228,1153024
04:39:47,root.batch0,3,-1024
04:39:48,root.default,0,0
04:39:48,root.batch6,0,0
04:39:48,root.batch7,0,0
04:39:48,root.batch1,0,0
04:39:48,root.batch4,0,0
04:39:48,root.batch5,0,0
04:39:48,root.batch2,0,0
04:39:48,root.batch3,0,0
04:39:48,root.bursty1,98,559104
04:39:48,root.bursty0,138,842752
04:39:48,root.bursty2,188,1062912
04:39:48,root.batch0,3,-1024
04:39:49,root.default,0,0
04:39:49,root.batch6,0,0
04:39:49,root.batch7,0,0
04:39:49,root.batch1,0,0
04:39:49,root.batch4,0,0
04:39:49,root.batch5,0,0
04:39:49,root.batch2,0,0
04:39:49,root.batch3,0,0
04:39:49,root.bursty1,104,604160
04:39:49,root.bursty0,138,842752
04:39:49,root.bursty2,172,1005568
04:39:49,root.batch0,3,-1024
04:39:50,root.default,0,0
04:39:50,root.batch6,0,0
04:39:50,root.batch7,0,0
04:39:50,root.batch1,0,0
04:39:50,root.batch4,0,0
04:39:50,root.batch5,0,0
04:39:50,root.batch2,0,0
04:39:50,root.batch3,0,0
04:39:50,root.bursty1,105,626688
04:39:50,root.bursty0,140,855040
04:39:50,root.bursty2,162,944128
04:39:50,root.batch0,3,-1024
04:39:51,root.default,0,0
04:39:51,root.batch6,0,0
04:39:51,root.batch7,0,0
04:39:51,root.batch1,0,0
04:39:51,root.batch4,0,0
04:39:51,root.batch5,0,0
04:39:51,root.batch2,0,0
04:39:51,root.batch3,0,0
04:39:51,root.bursty1,106,641024
04:39:51,root.bursty0,141,861184
04:39:51,root.bursty2,155,901120
04:39:51,root.batch0,3,-1024
04:39:52,root.default,0,0
04:39:52,root.batch6,0,0
04:39:52,root.batch7,0,0
04:39:52,root.batch1,0,0
04:39:52,root.batch4,0,0
04:39:52,root.batch5,0,0
04:39:52,root.batch2,0,0
04:39:52,root.batch3,0,0
04:39:52,root.bursty1,116,702464
04:39:52,root.bursty2,148,858112
04:39:52,root.bursty0,141,861184
04:39:52,root.batch0,3,-1024
04:39:53,root.default,0,0
04:39:53,root.batch6,0,0
04:39:53,root.batch7,0,0
04:39:53,root.batch1,0,0
04:39:53,root.batch4,0,0
04:39:53,root.batch5,0,0
04:39:53,root.batch2,0,0
04:39:53,root.batch3,0,0
04:39:53,root.bursty1,117,708608
04:39:53,root.bursty2,147,851968
04:39:53,root.bursty0,141,861184
04:39:53,root.batch0,3,-1024
04:39:54,root.default,0,0
04:39:54,root.batch6,0,0
04:39:54,root.batch7,0,0
04:39:54,root.batch1,0,0
04:39:54,root.batch4,0,0
04:39:54,root.batch5,0,0
04:39:54,root.batch2,0,0
04:39:54,root.batch3,0,0
04:39:54,root.bursty1,117,708608
04:39:54,root.bursty2,146,845824
04:39:54,root.bursty0,141,861184
04:39:54,root.batch0,3,-1024
04:39:55,root.default,0,0
04:39:55,root.batch6,0,0
04:39:55,root.batch7,0,0
04:39:55,root.batch1,0,0
04:39:55,root.batch4,0,0
04:39:55,root.batch5,0,0
04:39:55,root.batch2,0,0
04:39:55,root.batch3,0,0
04:39:55,root.bursty1,126,763904
04:39:55,root.bursty2,146,845824
04:39:55,root.bursty0,141,861184
04:39:55,root.batch0,3,-1024
04:39:56,root.default,0,0
04:39:56,root.batch6,0,0
04:39:56,root.batch7,0,0
04:39:56,root.batch1,0,0
04:39:56,root.batch4,0,0
04:39:56,root.batch5,0,0
04:39:56,root.batch2,0,0
04:39:56,root.batch3,0,0
04:39:56,root.bursty1,126,763904
04:39:56,root.bursty2,146,845824
04:39:56,root.bursty0,141,861184
04:39:56,root.batch0,3,-1024
04:39:57,root.default,0,0
04:39:57,root.batch6,0,0
04:39:57,root.batch7,0,0
04:39:57,root.batch1,0,0
04:39:57,root.batch4,0,0
04:39:57,root.batch5,0,0
04:39:57,root.batch2,0,0
04:39:57,root.batch3,0,0
04:39:57,root.bursty1,128,776192
04:39:57,root.bursty2,144,833536
04:39:57,root.bursty0,141,861184
04:39:57,root.batch0,3,-1024
04:39:58,root.default,0,0
04:39:58,root.batch6,0,0
04:39:58,root.batch7,0,0
04:39:58,root.batch1,0,0
04:39:58,root.batch4,0,0
04:39:58,root.batch5,0,0
04:39:58,root.batch2,0,0
04:39:58,root.batch3,0,0
04:39:58,root.bursty1,130,788480
04:39:58,root.bursty2,142,821248
04:39:58,root.bursty0,141,861184
04:39:58,root.batch0,3,-1024
04:39:59,root.default,0,0
04:39:59,root.batch6,0,0
04:39:59,root.batch7,0,0
04:39:59,root.batch1,0,0
04:39:59,root.batch4,0,0
04:39:59,root.batch5,0,0
04:39:59,root.batch2,0,0
04:39:59,root.batch3,0,0
04:39:59,root.bursty1,130,788480
04:39:59,root.bursty2,142,821248
04:39:59,root.bursty0,141,861184
04:39:59,root.batch0,3,-1024
04:40:00,root.default,0,0
04:40:00,root.batch6,0,0
04:40:00,root.batch7,0,0
04:40:00,root.batch1,0,0
04:40:00,root.batch4,0,0
04:40:00,root.batch5,0,0
04:40:00,root.batch2,0,0
04:40:00,root.batch3,0,0
04:40:00,root.bursty2,134,763904
04:40:00,root.bursty1,136,830464
04:40:00,root.bursty0,141,861184
04:40:00,root.batch0,3,-1024
04:40:01,root.default,0,0
04:40:01,root.batch6,0,0
04:40:01,root.batch7,0,0
04:40:01,root.batch1,0,0
04:40:01,root.batch4,0,0
04:40:01,root.batch5,0,0
04:40:01,root.batch2,0,0
04:40:01,root.batch3,0,0
04:40:01,root.bursty2,137,716800
04:40:01,root.bursty0,141,861184
04:40:01,root.bursty1,146,891904
04:40:01,root.batch0,3,-1024
04:40:02,root.default,0,0
04:40:02,root.batch6,0,0
04:40:02,root.batch7,0,0
04:40:02,root.batch1,0,0
04:40:02,root.batch4,0,0
04:40:02,root.batch5,0,0
04:40:02,root.batch2,0,0
04:40:02,root.batch3,0,0
04:40:02,root.bursty2,144,669696
04:40:02,root.bursty0,141,861184
04:40:02,root.bursty1,151,922624
04:40:02,root.batch0,3,-1024
04:40:03,root.default,0,0
04:40:03,root.batch6,0,0
04:40:03,root.batch7,0,0
04:40:03,root.batch1,0,0
04:40:03,root.batch4,0,0
04:40:03,root.batch5,0,0
04:40:03,root.batch2,0,0
04:40:03,root.batch3,0,0
04:40:03,root.bursty2,151,630784
04:40:03,root.bursty0,141,861184
04:40:03,root.bursty1,159,971776
04:40:03,root.batch0,3,-1024
04:40:04,root.default,0,0
04:40:04,root.batch6,0,0
04:40:04,root.batch7,0,0
04:40:04,root.batch1,0,0
04:40:04,root.batch4,0,0
04:40:04,root.batch5,0,0
04:40:04,root.batch2,0,0
04:40:04,root.batch3,0,0
04:40:04,root.bursty2,156,612352
04:40:04,root.bursty0,141,861184
04:40:04,root.bursty1,162,990208
04:40:04,root.batch0,3,-1024
04:40:05,root.default,0,0
04:40:05,root.batch6,0,0
04:40:05,root.batch7,0,0
04:40:05,root.batch1,0,0
04:40:05,root.batch4,0,0
04:40:05,root.batch5,0,0
04:40:05,root.batch2,0,0
04:40:05,root.batch3,0,0
04:40:05,root.bursty2,139,581632
04:40:05,root.bursty0,141,861184
04:40:05,root.bursty1,163,996352
04:40:05,root.batch0,3,-1024
04:40:06,root.default,0,0
04:40:06,root.batch6,0,0
04:40:06,root.batch7,0,0
04:40:06,root.batch1,0,0
04:40:06,root.batch4,0,0
04:40:06,root.batch5,0,0
04:40:06,root.batch2,0,0
04:40:06,root.batch3,0,0
04:40:06,root.bursty2,134,567296
04:40:06,root.bursty0,141,861184
04:40:06,root.bursty1,166,1014784
04:40:06,root.batch0,3,-1024
04:40:07,root.default,0,0
04:40:07,root.batch6,0,0
04:40:07,root.batch7,0,0
04:40:07,root.batch1,0,0
04:40:07,root.batch4,0,0
04:40:07,root.batch5,0,0
04:40:07,root.batch2,0,0
04:40:07,root.batch3,0,0
04:40:07,root.bursty2,136,595968
04:40:07,root.bursty0,141,861184
04:40:07,root.bursty1,168,1027072
04:40:07,root.batch0,3,-1024
04:40:08,root.default,0,0
04:40:08,root.batch6,0,0
04:40:08,root.batch7,0,0
04:40:08,root.batch1,0,0
04:40:08,root.batch4,0,0
04:40:08,root.batch5,0,0
04:40:08,root.batch2,0,0
04:40:08,root.batch3,0,0
04:40:08,root.bursty2,119,581632
04:40:08,root.bursty0,141,861184
04:40:08,root.bursty1,168,1027072
04:40:08,root.batch0,3,-1024
04:40:09,root.default,0,0
04:40:09,root.batch6,0,0
04:40:09,root.batch7,0,0
04:40:09,root.batch1,0,0
04:40:09,root.batch4,0,0
04:40:09,root.batch5,0,0
04:40:09,root.batch2,0,0
04:40:09,root.batch3,0,0
04:40:09,root.bursty2,106,567296
04:40:09,root.bursty0,141,861184
04:40:09,root.bursty1,168,1027072
04:40:09,root.batch0,3,-1024
04:40:10,root.default,0,0
04:40:10,root.batch6,0,0
04:40:10,root.batch7,0,0
04:40:10,root.batch1,0,0
04:40:10,root.batch4,0,0
04:40:10,root.batch5,0,0
04:40:10,root.batch2,0,0
04:40:10,root.batch3,0,0
04:40:10,root.bursty2,103,581632
04:40:10,root.bursty0,141,861184
04:40:10,root.bursty1,168,1027072
04:40:10,root.batch0,3,-1024
04:40:11,root.default,0,0
04:40:11,root.batch6,0,0
04:40:11,root.batch7,0,0
04:40:11,root.batch1,0,0
04:40:11,root.batch4,0,0
04:40:11,root.batch5,0,0
04:40:11,root.batch2,0,0
04:40:11,root.batch3,0,0
04:40:11,root.bursty2,103,581632
04:40:11,root.bursty0,141,861184
04:40:11,root.bursty1,168,1027072
04:40:11,root.batch0,3,-1024
04:40:12,root.default,0,0
04:40:12,root.batch6,0,0
04:40:12,root.batch7,0,0
04:40:12,root.batch1,0,0
04:40:12,root.batch4,0,0
04:40:12,root.batch5,0,0
04:40:12,root.batch2,0,0
04:40:12,root.batch3,0,0
04:40:12,root.bursty2,103,581632
04:40:12,root.bursty0,140,855040
04:40:12,root.bursty1,168,1027072
04:40:12,root.batch0,3,-1024
04:40:14,root.default,0,0
04:40:14,root.batch6,0,0
04:40:14,root.batch7,0,0
04:40:14,root.batch1,0,0
04:40:14,root.batch4,0,0
04:40:14,root.batch5,0,0
04:40:14,root.batch2,0,0
04:40:14,root.batch3,0,0
04:40:14,root.bursty2,112,636928
04:40:14,root.bursty0,113,689152
04:40:14,root.bursty1,168,1027072
04:40:14,root.batch0,3,-1024
04:40:15,root.default,0,0
04:40:15,root.batch6,0,0
04:40:15,root.batch7,0,0
04:40:15,root.batch1,0,0
04:40:15,root.batch4,0,0
04:40:15,root.batch5,0,0
04:40:15,root.batch2,0,0
04:40:15,root.batch3,0,0
04:40:15,root.bursty0,77,467968
04:40:15,root.bursty2,132,759808
04:40:15,root.bursty1,169,1033216
04:40:15,root.batch0,3,-1024
04:40:16,root.default,0,0
04:40:16,root.batch6,0,0
04:40:16,root.batch7,0,0
04:40:16,root.batch1,0,0
04:40:16,root.batch4,0,0
04:40:16,root.batch5,0,0
04:40:16,root.batch2,0,0
04:40:16,root.batch3,0,0
04:40:16,root.bursty0,77,467968
04:40:16,root.bursty2,141,815104
04:40:16,root.bursty1,169,1033216
04:40:16,root.batch0,3,-1024
04:40:17,root.default,0,0
04:40:17,root.batch6,0,0
04:40:17,root.batch7,0,0
04:40:17,root.batch1,0,0
04:40:17,root.batch4,0,0
04:40:17,root.batch5,0,0
04:40:17,root.batch2,0,0
04:40:17,root.batch3,0,0
04:40:17,root.bursty0,80,486400
04:40:17,root.bursty2,141,820224
04:40:17,root.bursty1,169,1033216
04:40:17,root.batch0,3,-1024
04:40:18,root.default,0,0
04:40:18,root.batch6,0,0
04:40:18,root.batch7,0,0
04:40:18,root.batch1,0,0
04:40:18,root.batch4,0,0
04:40:18,root.batch5,0,0
04:40:18,root.batch2,0,0
04:40:18,root.batch3,0,0
04:40:18,root.bursty0,96,584704
04:40:18,root.bursty2,142,826368
04:40:18,root.bursty1,167,1020928
04:40:18,root.batch0,3,-1024
04:40:19,root.default,0,0
04:40:19,root.batch6,0,0
04:40:19,root.batch7,0,0
04:40:19,root.batch1,0,0
04:40:19,root.batch4,0,0
04:40:19,root.batch5,0,0
04:40:19,root.batch2,0,0
04:40:19,root.batch3,0,0
04:40:19,root.bursty0,118,719872
04:40:19,root.bursty2,142,826368
04:40:19,root.bursty1,147,898048
04:40:19,root.batch0,3,-1024
04:40:20,root.default,0,0
04:40:20,root.batch6,0,0
04:40:20,root.batch7,0,0
04:40:20,root.batch1,0,0
04:40:20,root.batch4,0,0
04:40:20,root.batch5,0,0
04:40:20,root.batch2,0,0
04:40:20,root.batch3,0,0
04:40:20,root.bursty0,130,793600
04:40:20,root.bursty1,131,799744
04:40:20,root.bursty2,142,826368
04:40:20,root.batch0,3,-1024
04:40:21,root.default,0,0
04:40:21,root.batch6,0,0
04:40:21,root.batch7,0,0
04:40:21,root.batch1,0,0
04:40:21,root.batch4,0,0
04:40:21,root.batch5,0,0
04:40:21,root.batch2,0,0
04:40:21,root.batch3,0,0
04:40:21,root.bursty1,120,732160
04:40:21,root.bursty2,142,826368
04:40:21,root.bursty0,139,848896
04:40:21,root.batch0,3,-1024
04:40:22,root.default,0,0
04:40:22,root.batch6,0,0
04:40:22,root.batch7,0,0
04:40:22,root.batch1,0,0
04:40:22,root.batch4,0,0
04:40:22,root.batch5,0,0
04:40:22,root.batch2,0,0
04:40:22,root.batch3,0,0
04:40:22,root.bursty1,111,676864
04:40:22,root.bursty2,142,826368
04:40:22,root.bursty0,150,916480
04:40:22,root.batch0,3,-1024
04:40:23,root.default,0,0
04:40:23,root.batch6,0,0
04:40:23,root.batch7,0,0
04:40:23,root.batch1,0,0
04:40:23,root.batch4,0,0
04:40:23,root.batch5,0,0
04:40:23,root.batch2,0,0
04:40:23,root.batch3,0,0
04:40:23,root.bursty1,109,664576
04:40:23,root.bursty2,142,826368
04:40:23,root.bursty0,156,953344
04:40:23,root.batch0,3,-1024
04:40:24,root.default,0,0
04:40:24,root.batch6,0,0
04:40:24,root.batch7,0,0
04:40:24,root.batch1,0,0
04:40:24,root.batch4,0,0
04:40:24,root.batch5,0,0
04:40:24,root.batch2,0,0
04:40:24,root.batch3,0,0
04:40:24,root.bursty1,109,664576
04:40:24,root.bursty2,142,826368
04:40:24,root.bursty0,157,959488
04:40:24,root.batch0,3,-1024
04:40:25,root.default,0,0
04:40:25,root.batch6,0,0
04:40:25,root.batch7,0,0
04:40:25,root.batch1,0,0
04:40:25,root.batch4,0,0
04:40:25,root.batch5,0,0
04:40:25,root.batch2,0,0
04:40:25,root.batch3,0,0
04:40:25,root.bursty1,110,670720
04:40:25,root.bursty2,142,826368
04:40:25,root.bursty0,157,959488
04:40:25,root.batch0,3,-1024
04:40:26,root.default,0,0
04:40:26,root.batch6,0,0
04:40:26,root.batch7,0,0
04:40:26,root.batch1,0,0
04:40:26,root.batch4,0,0
04:40:26,root.batch5,0,0
04:40:26,root.batch2,0,0
04:40:26,root.batch3,0,0
04:40:26,root.bursty1,112,683008
04:40:26,root.bursty2,142,826368
04:40:26,root.bursty0,157,959488
04:40:26,root.batch0,3,-1024
04:40:27,root.default,0,0
04:40:27,root.batch6,0,0
04:40:27,root.batch7,0,0
04:40:27,root.batch1,0,0
04:40:27,root.batch4,0,0
04:40:27,root.batch5,0,0
04:40:27,root.batch2,0,0
04:40:27,root.batch3,0,0
04:40:27,root.bursty1,112,683008
04:40:27,root.bursty2,142,826368
04:40:27,root.bursty0,157,959488
04:40:27,root.batch0,3,-1024
04:40:28,root.default,0,0
04:40:28,root.batch6,0,0
04:40:28,root.batch7,0,0
04:40:28,root.batch1,0,0
04:40:28,root.batch4,0,0
04:40:28,root.batch5,0,0
04:40:28,root.batch2,0,0
04:40:28,root.batch3,0,0
04:40:28,root.bursty1,112,683008
04:40:28,root.bursty2,142,826368
04:40:28,root.bursty0,157,959488
04:40:28,root.batch0,3,-1024
04:40:29,root.default,0,0
04:40:29,root.batch6,0,0
04:40:29,root.batch7,0,0
04:40:29,root.batch1,0,0
04:40:29,root.batch4,0,0
04:40:29,root.batch5,0,0
04:40:29,root.batch2,0,0
04:40:29,root.batch3,0,0
04:40:29,root.bursty1,112,683008
04:40:29,root.bursty2,142,826368
04:40:29,root.bursty0,157,959488
04:40:29,root.batch0,3,-1024
04:40:30,root.default,0,0
04:40:30,root.batch6,0,0
04:40:30,root.batch7,0,0
04:40:30,root.batch1,0,0
04:40:30,root.batch4,0,0
04:40:30,root.batch5,0,0
04:40:30,root.batch2,0,0
04:40:30,root.batch3,0,0
04:40:30,root.bursty1,112,683008
04:40:30,root.bursty2,142,826368
04:40:30,root.bursty0,157,959488
04:40:30,root.batch0,3,-1024
04:40:31,root.default,0,0
04:40:31,root.batch6,0,0
04:40:31,root.batch7,0,0
04:40:31,root.batch1,0,0
04:40:31,root.batch4,0,0
04:40:31,root.batch5,0,0
04:40:31,root.batch2,0,0
04:40:31,root.batch3,0,0
04:40:31,root.bursty1,110,670720
04:40:31,root.bursty2,142,826368
04:40:31,root.bursty0,157,959488
04:40:31,root.batch0,3,-1024
04:40:32,root.default,0,0
04:40:32,root.batch6,0,0
04:40:32,root.batch7,0,0
04:40:32,root.batch1,0,0
04:40:32,root.batch4,0,0
04:40:32,root.batch5,0,0
04:40:32,root.batch2,0,0
04:40:32,root.batch3,0,0
04:40:32,root.bursty1,111,676864
04:40:32,root.bursty2,142,826368
04:40:32,root.bursty0,157,959488
04:40:32,root.batch0,3,-1024
04:40:33,root.default,0,0
04:40:33,root.batch6,0,0
04:40:33,root.batch7,0,0
04:40:33,root.batch1,0,0
04:40:33,root.batch4,0,0
04:40:33,root.batch5,0,0
04:40:33,root.batch2,0,0
04:40:33,root.batch3,0,0
04:40:33,root.bursty1,112,683008
04:40:33,root.bursty2,142,826368
04:40:33,root.bursty0,157,959488
04:40:33,root.batch0,3,-1024
04:40:34,root.default,0,0
04:40:34,root.batch6,0,0
04:40:34,root.batch7,0,0
04:40:34,root.batch1,0,0
04:40:34,root.batch4,0,0
04:40:34,root.batch5,0,0
04:40:34,root.batch2,0,0
04:40:34,root.batch3,0,0
04:40:34,root.bursty1,112,683008
04:40:34,root.bursty2,133,771072
04:40:34,root.bursty0,157,959488
04:40:34,root.batch0,3,-1024
04:40:35,root.default,0,0
04:40:35,root.batch6,0,0
04:40:35,root.batch7,0,0
04:40:35,root.batch1,0,0
04:40:35,root.batch4,0,0
04:40:35,root.batch5,0,0
04:40:35,root.batch2,0,0
04:40:35,root.batch3,0,0
04:40:35,root.bursty1,121,738304
04:40:35,root.bursty2,133,771072
04:40:35,root.bursty0,157,959488
04:40:35,root.batch0,3,-1024
04:40:36,root.default,0,0
04:40:36,root.batch6,0,0
04:40:36,root.batch7,0,0
04:40:36,root.batch1,0,0
04:40:36,root.batch4,0,0
04:40:36,root.batch5,0,0
04:40:36,root.batch2,0,0
04:40:36,root.batch3,0,0
04:40:36,root.bursty2,124,715776
04:40:36,root.bursty1,130,793600
04:40:36,root.bursty0,157,959488
04:40:36,root.batch0,3,-1024
04:40:37,root.default,0,0
04:40:37,root.batch6,0,0
04:40:37,root.batch7,0,0
04:40:37,root.batch1,0,0
04:40:37,root.batch4,0,0
04:40:37,root.batch5,0,0
04:40:37,root.batch2,0,0
04:40:37,root.batch3,0,0
04:40:37,root.bursty2,116,666624
04:40:37,root.bursty1,137,836608
04:40:37,root.bursty0,157,959488
04:40:37,root.batch0,3,-1024
04:40:38,root.default,0,0
04:40:38,root.batch6,0,0
04:40:38,root.batch7,0,0
04:40:38,root.batch1,0,0
04:40:38,root.batch4,0,0
04:40:38,root.batch5,0,0
04:40:38,root.batch2,0,0
04:40:38,root.batch3,0,0
04:40:38,root.bursty2,113,648192
04:40:38,root.bursty1,141,861184
04:40:38,root.bursty0,157,959488
04:40:38,root.batch0,3,-1024
04:40:39,root.default,0,0
04:40:39,root.batch6,0,0
04:40:39,root.batch7,0,0
04:40:39,root.batch1,0,0
04:40:39,root.batch4,0,0
04:40:39,root.batch5,0,0
04:40:39,root.batch2,0,0
04:40:39,root.batch3,0,0
04:40:39,root.bursty2,108,617472
04:40:39,root.bursty1,144,879616
04:40:39,root.bursty0,157,959488
04:40:39,root.batch0,3,-1024
04:40:40,root.default,0,0
04:40:40,root.batch6,0,0
04:40:40,root.batch7,0,0
04:40:40,root.batch1,0,0
04:40:40,root.batch4,0,0
04:40:40,root.batch5,0,0
04:40:40,root.batch2,0,0
04:40:40,root.batch3,0,0
04:40:40,root.bursty2,109,623616
04:40:40,root.bursty1,145,885760
04:40:40,root.bursty0,157,959488
04:40:40,root.batch0,3,-1024
04:40:41,root.default,0,0
04:40:41,root.batch6,0,0
04:40:41,root.batch7,0,0
04:40:41,root.batch1,0,0
04:40:41,root.batch4,0,0
04:40:41,root.batch5,0,0
04:40:41,root.batch2,0,0
04:40:41,root.batch3,0,0
04:40:41,root.bursty2,109,623616
04:40:41,root.bursty1,145,885760
04:40:41,root.bursty0,157,959488
04:40:41,root.batch0,3,-1024
04:40:42,root.default,0,0
04:40:42,root.batch6,0,0
04:40:42,root.batch7,0,0
04:40:42,root.batch1,0,0
04:40:42,root.batch4,0,0
04:40:42,root.batch5,0,0
04:40:42,root.batch2,0,0
04:40:42,root.batch3,0,0
04:40:42,root.bursty2,109,623616
04:40:42,root.bursty1,145,885760
04:40:42,root.bursty0,157,959488
04:40:42,root.batch0,3,-1024
04:40:43,root.default,0,0
04:40:43,root.batch6,0,0
04:40:43,root.batch7,0,0
04:40:43,root.batch1,0,0
04:40:43,root.batch4,0,0
04:40:43,root.batch5,0,0
04:40:43,root.batch2,0,0
04:40:43,root.batch3,0,0
04:40:43,root.bursty2,108,617472
04:40:43,root.bursty1,145,885760
04:40:43,root.bursty0,157,959488
04:40:43,root.batch0,3,-1024
04:40:44,root.default,0,0
04:40:44,root.batch6,0,0
04:40:44,root.batch7,0,0
04:40:44,root.batch1,0,0
04:40:44,root.batch4,0,0
04:40:44,root.batch5,0,0
04:40:44,root.batch2,0,0
04:40:44,root.batch3,0,0
04:40:44,root.bursty2,110,629760
04:40:44,root.bursty1,145,885760
04:40:44,root.bursty0,147,898048
04:40:44,root.batch0,3,-1024
04:40:45,root.default,0,0
04:40:45,root.batch6,0,0
04:40:45,root.batch7,0,0
04:40:45,root.batch1,0,0
04:40:45,root.batch4,0,0
04:40:45,root.batch5,0,0
04:40:45,root.batch2,0,0
04:40:45,root.batch3,0,0
04:40:45,root.bursty2,121,697344
04:40:45,root.bursty0,128,781312
04:40:45,root.bursty1,145,885760
04:40:45,root.batch0,3,-1024
04:40:46,root.default,0,0
04:40:46,root.batch6,0,0
04:40:46,root.batch7,0,0
04:40:46,root.batch1,0,0
04:40:46,root.batch4,0,0
04:40:46,root.batch5,0,0
04:40:46,root.batch2,0,0
04:40:46,root.batch3,0,0
04:40:46,root.bursty0,111,676864
04:40:46,root.bursty2,141,820224
04:40:46,root.bursty1,145,885760
04:40:46,root.batch0,3,-1024
04:40:47,root.default,0,0
04:40:47,root.batch6,0,0
04:40:47,root.batch7,0,0
04:40:47,root.batch1,0,0
04:40:47,root.batch4,0,0
04:40:47,root.batch5,0,0
04:40:47,root.batch2,0,0
04:40:47,root.batch3,0,0
04:40:47,root.bursty0,112,683008
04:40:47,root.bursty2,144,838656
04:40:47,root.bursty1,145,885760
04:40:47,root.batch0,3,-1024
04:40:48,root.default,0,0
04:40:48,root.batch6,0,0
04:40:48,root.batch7,0,0
04:40:48,root.batch1,0,0
04:40:48,root.batch4,0,0
04:40:48,root.batch5,0,0
04:40:48,root.batch2,0,0
04:40:48,root.batch3,0,0
04:40:48,root.bursty0,108,658432
04:40:48,root.bursty2,145,844800
04:40:48,root.bursty1,145,885760
04:40:48,root.batch0,3,-1024
04:40:49,root.default,0,0
04:40:49,root.batch6,0,0
04:40:49,root.batch7,0,0
04:40:49,root.batch1,0,0
04:40:49,root.batch4,0,0
04:40:49,root.batch5,0,0
04:40:49,root.batch2,0,0
04:40:49,root.batch3,0,0
04:40:49,root.bursty0,114,695296
04:40:49,root.bursty2,145,844800
04:40:49,root.bursty1,145,885760
04:40:49,root.batch0,3,-1024
04:40:50,root.default,0,0
04:40:50,root.batch6,0,0
04:40:50,root.batch7,0,0
04:40:50,root.batch1,0,0
04:40:50,root.batch4,0,0
04:40:50,root.batch5,0,0
04:40:50,root.batch2,0,0
04:40:50,root.batch3,0,0
04:40:50,root.bursty0,110,670720
04:40:50,root.bursty2,145,844800
04:40:50,root.bursty1,144,879616
04:40:50,root.batch0,3,-1024
04:40:51,root.default,0,0
04:40:51,root.batch6,0,0
04:40:51,root.batch7,0,0
04:40:51,root.batch1,0,0
04:40:51,root.batch4,0,0
04:40:51,root.batch5,0,0
04:40:51,root.batch2,0,0
04:40:51,root.batch3,0,0
04:40:51,root.bursty0,124,756736
04:40:51,root.bursty1,136,830464
04:40:51,root.bursty2,145,844800
04:40:51,root.batch0,3,-1024
04:40:52,root.default,0,0
04:40:52,root.batch6,0,0
04:40:52,root.batch7,0,0
04:40:52,root.batch1,0,0
04:40:52,root.batch4,0,0
04:40:52,root.batch5,0,0
04:40:52,root.batch2,0,0
04:40:52,root.batch3,0,0
04:40:52,root.bursty1,129,787456
04:40:52,root.bursty0,134,818176
04:40:52,root.bursty2,145,844800
04:40:52,root.batch0,3,-1024
04:40:53,root.default,0,0
04:40:53,root.batch6,0,0
04:40:53,root.batch7,0,0
04:40:53,root.batch1,0,0
04:40:53,root.batch4,0,0
04:40:53,root.batch5,0,0
04:40:53,root.batch2,0,0
04:40:53,root.batch3,0,0
04:40:53,root.bursty1,128,781312
04:40:53,root.bursty0,136,830464
04:40:53,root.bursty2,145,844800
04:40:53,root.batch0,3,-1024
04:40:54,root.default,0,0
04:40:54,root.batch6,0,0
04:40:54,root.batch7,0,0
04:40:54,root.batch1,0,0
04:40:54,root.batch4,0,0
04:40:54,root.batch5,0,0
04:40:54,root.batch2,0,0
04:40:54,root.batch3,0,0
04:40:54,root.bursty1,129,787456
04:40:54,root.bursty0,137,836608
04:40:54,root.bursty2,145,844800
04:40:54,root.batch0,3,-1024
04:40:55,root.default,0,0
04:40:55,root.batch6,0,0
04:40:55,root.batch7,0,0
04:40:55,root.batch1,0,0
04:40:55,root.batch4,0,0
04:40:55,root.batch5,0,0
04:40:55,root.batch2,0,0
04:40:55,root.batch3,0,0
04:40:55,root.bursty1,128,781312
04:40:55,root.bursty0,137,836608
04:40:55,root.bursty2,145,844800
04:40:55,root.batch0,3,-1024
04:40:56,root.default,0,0
04:40:56,root.batch6,0,0
04:40:56,root.batch7,0,0
04:40:56,root.batch1,0,0
04:40:56,root.batch4,0,0
04:40:56,root.batch5,0,0
04:40:56,root.batch2,0,0
04:40:56,root.batch3,0,0
04:40:56,root.bursty1,128,781312
04:40:56,root.bursty0,138,842752
04:40:56,root.bursty2,145,844800
04:40:56,root.batch0,3,-1024
04:40:57,root.default,0,0
04:40:57,root.batch6,0,0
04:40:57,root.batch7,0,0
04:40:57,root.batch1,0,0
04:40:57,root.batch4,0,0
04:40:57,root.batch5,0,0
04:40:57,root.batch2,0,0
04:40:57,root.batch3,0,0
04:40:57,root.bursty1,128,781312
04:40:57,root.bursty0,138,842752
04:40:57,root.bursty2,145,844800
04:40:57,root.batch0,3,-1024
04:40:58,root.default,0,0
04:40:58,root.batch6,0,0
04:40:58,root.batch7,0,0
04:40:58,root.batch1,0,0
04:40:58,root.batch4,0,0
04:40:58,root.batch5,0,0
04:40:58,root.batch2,0,0
04:40:58,root.batch3,0,0
04:40:58,root.bursty1,128,781312
04:40:58,root.bursty0,138,842752
04:40:58,root.bursty2,145,844800
04:40:58,root.batch0,3,-1024
04:40:59,root.default,0,0
04:40:59,root.batch6,0,0
04:40:59,root.batch7,0,0
04:40:59,root.batch1,0,0
04:40:59,root.batch4,0,0
04:40:59,root.batch5,0,0
04:40:59,root.batch2,0,0
04:40:59,root.batch3,0,0
04:40:59,root.bursty1,128,781312
04:40:59,root.bursty0,138,842752
04:40:59,root.bursty2,145,844800
04:40:59,root.batch0,3,-1024
04:41:00,root.default,0,0
04:41:00,root.batch6,0,0
04:41:00,root.batch7,0,0
04:41:00,root.batch1,0,0
04:41:00,root.batch4,0,0
04:41:00,root.batch5,0,0
04:41:00,root.batch2,0,0
04:41:00,root.batch3,0,0
04:41:00,root.bursty1,117,713728
04:41:00,root.bursty0,138,842752
04:41:00,root.bursty2,145,844800
04:41:00,root.batch0,3,-1024
04:41:01,root.default,0,0
04:41:01,root.batch6,0,0
04:41:01,root.batch7,0,0
04:41:01,root.batch1,0,0
04:41:01,root.batch4,0,0
04:41:01,root.batch5,0,0
04:41:01,root.batch2,0,0
04:41:01,root.batch3,0,0
04:41:01,root.bursty1,121,738304
04:41:01,root.bursty0,138,842752
04:41:01,root.bursty2,145,844800
04:41:01,root.batch0,3,-1024
04:41:02,root.default,0,0
04:41:02,root.batch6,0,0
04:41:02,root.batch7,0,0
04:41:02,root.batch1,0,0
04:41:02,root.batch4,0,0
04:41:02,root.batch5,0,0
04:41:02,root.batch2,0,0
04:41:02,root.batch3,0,0
04:41:02,root.bursty1,117,713728
04:41:02,root.bursty0,138,842752
04:41:02,root.bursty2,145,844800
04:41:02,root.batch0,3,-1024
04:41:03,root.default,0,0
04:41:03,root.batch6,0,0
04:41:03,root.batch7,0,0
04:41:03,root.batch1,0,0
04:41:03,root.batch4,0,0
04:41:03,root.batch5,0,0
04:41:03,root.batch2,0,0
04:41:03,root.batch3,0,0
04:41:03,root.bursty1,124,756736
04:41:03,root.bursty0,138,842752
04:41:03,root.bursty2,145,844800
04:41:03,root.batch0,3,-1024
04:41:04,root.default,0,0
04:41:04,root.batch6,0,0
04:41:04,root.batch7,0,0
04:41:04,root.batch1,0,0
04:41:04,root.batch4,0,0
04:41:04,root.batch5,0,0
04:41:04,root.batch2,0,0
04:41:04,root.batch3,0,0
04:41:04,root.bursty1,117,713728
04:41:04,root.bursty0,138,842752
04:41:04,root.bursty2,145,844800
04:41:04,root.batch0,3,-1024
04:41:05,root.default,0,0
04:41:05,root.batch6,0,0
04:41:05,root.batch7,0,0
04:41:05,root.batch1,0,0
04:41:05,root.batch4,0,0
04:41:05,root.batch5,0,0
04:41:05,root.batch2,0,0
04:41:05,root.batch3,0,0
04:41:05,root.bursty1,118,719872
04:41:05,root.bursty0,138,842752
04:41:05,root.bursty2,141,820224
04:41:05,root.batch0,3,-1024
04:41:06,root.default,0,0
04:41:06,root.batch6,0,0
04:41:06,root.batch7,0,0
04:41:06,root.batch1,0,0
04:41:06,root.batch4,0,0
04:41:06,root.batch5,0,0
04:41:06,root.batch2,0,0
04:41:06,root.batch3,0,0
04:41:06,root.bursty1,124,756736
04:41:06,root.bursty2,127,734208
04:41:06,root.bursty0,138,842752
04:41:06,root.batch0,3,-1024
04:41:07,root.default,0,0
04:41:07,root.batch6,0,0
04:41:07,root.batch7,0,0
04:41:07,root.batch1,0,0
04:41:07,root.batch4,0,0
04:41:07,root.batch5,0,0
04:41:07,root.batch2,0,0
04:41:07,root.batch3,0,0
04:41:07,root.bursty2,120,691200
04:41:07,root.bursty0,138,842752
04:41:07,root.bursty1,135,824320
04:41:07,root.batch0,3,-1024
04:41:08,root.default,0,0
04:41:08,root.batch6,0,0
04:41:08,root.batch7,0,0
04:41:08,root.batch1,0,0
04:41:08,root.batch4,0,0
04:41:08,root.batch5,0,0
04:41:08,root.batch2,0,0
04:41:08,root.batch3,0,0
04:41:08,root.bursty2,120,691200
04:41:08,root.bursty0,138,842752
04:41:08,root.bursty1,140,855040
04:41:08,root.batch0,3,-1024
04:41:09,root.default,0,0
04:41:09,root.batch6,0,0
04:41:09,root.batch7,0,0
04:41:09,root.batch1,0,0
04:41:09,root.batch4,0,0
04:41:09,root.batch5,0,0
04:41:09,root.batch2,0,0
04:41:09,root.batch3,0,0
04:41:09,root.bursty2,122,703488
04:41:09,root.bursty0,138,842752
04:41:09,root.bursty1,142,867328
04:41:09,root.batch0,3,-1024
04:41:10,root.default,0,0
04:41:10,root.batch6,0,0
04:41:10,root.batch7,0,0
04:41:10,root.batch1,0,0
04:41:10,root.batch4,0,0
04:41:10,root.batch5,0,0
04:41:10,root.batch2,0,0
04:41:10,root.batch3,0,0
04:41:10,root.bursty2,126,728064
04:41:10,root.bursty0,138,842752
04:41:10,root.bursty1,143,873472
04:41:10,root.batch0,3,-1024
04:41:12,root.default,0,0
04:41:12,root.batch6,0,0
04:41:12,root.batch7,0,0
04:41:12,root.batch1,0,0
04:41:12,root.batch4,0,0
04:41:12,root.batch5,0,0
04:41:12,root.batch2,0,0
04:41:12,root.batch3,0,0
04:41:12,root.bursty2,130,752640
04:41:12,root.bursty0,138,842752
04:41:12,root.bursty1,143,873472
04:41:12,root.batch0,3,-1024
04:41:13,root.default,0,0
04:41:13,root.batch6,0,0
04:41:13,root.batch7,0,0
04:41:13,root.batch1,0,0
04:41:13,root.batch4,0,0
04:41:13,root.batch5,0,0
04:41:13,root.batch2,0,0
04:41:13,root.batch3,0,0
04:41:13,root.bursty2,128,740352
04:41:13,root.bursty0,138,842752
04:41:13,root.bursty1,143,873472
04:41:13,root.batch0,3,-1024
04:41:14,root.default,0,0
04:41:14,root.batch6,0,0
04:41:14,root.batch7,0,0
04:41:14,root.batch1,0,0
04:41:14,root.batch4,0,0
04:41:14,root.batch5,0,0
04:41:14,root.batch2,0,0
04:41:14,root.batch3,0,0
04:41:14,root.bursty2,116,666624
04:41:14,root.bursty0,138,842752
04:41:14,root.bursty1,143,873472
04:41:14,root.batch0,3,-1024
04:41:15,root.default,0,0
04:41:15,root.batch6,0,0
04:41:15,root.batch7,0,0
04:41:15,root.batch1,0,0
04:41:15,root.batch4,0,0
04:41:15,root.batch5,0,0
04:41:15,root.batch2,0,0
04:41:15,root.batch3,0,0
04:41:15,root.bursty2,105,599040
04:41:15,root.bursty0,138,842752
04:41:15,root.bursty1,142,867328
04:41:15,root.batch0,3,-1024
04:41:16,root.default,0,0
04:41:16,root.batch6,0,0
04:41:16,root.batch7,0,0
04:41:16,root.batch1,0,0
04:41:16,root.batch4,0,0
04:41:16,root.batch5,0,0
04:41:16,root.batch2,0,0
04:41:16,root.batch3,0,0
04:41:16,root.bursty2,110,629760
04:41:16,root.bursty0,135,824320
04:41:16,root.bursty1,143,873472
04:41:16,root.batch0,3,-1024
04:41:17,root.default,0,0
04:41:17,root.batch6,0,0
04:41:17,root.batch7,0,0
04:41:17,root.batch1,0,0
04:41:17,root.batch4,0,0
04:41:17,root.batch5,0,0
04:41:17,root.batch2,0,0
04:41:17,root.batch3,0,0
04:41:17,root.bursty2,130,752640
04:41:17,root.bursty0,124,756736
04:41:17,root.bursty1,143,873472
04:41:17,root.batch0,3,-1024
04:41:18,root.default,0,0
04:41:18,root.batch6,0,0
04:41:18,root.batch7,0,0
04:41:18,root.batch1,0,0
04:41:18,root.batch4,0,0
04:41:18,root.batch5,0,0
04:41:18,root.batch2,0,0
04:41:18,root.batch3,0,0
04:41:18,root.bursty0,124,756736
04:41:18,root.bursty2,139,807936
04:41:18,root.bursty1,143,873472
04:41:18,root.batch0,3,-1024
04:41:19,root.default,0,0
04:41:19,root.batch6,0,0
04:41:19,root.batch7,0,0
04:41:19,root.batch1,0,0
04:41:19,root.batch4,0,0
04:41:19,root.batch5,0,0
04:41:19,root.batch2,0,0
04:41:19,root.batch3,0,0
04:41:19,root.bursty0,118,719872
04:41:19,root.bursty2,141,820224
04:41:19,root.bursty1,143,873472
04:41:19,root.batch0,3,-1024
04:41:20,root.default,0,0
04:41:20,root.batch6,0,0
04:41:20,root.batch7,0,0
04:41:20,root.batch1,0,0
04:41:20,root.batch4,0,0
04:41:20,root.batch5,0,0
04:41:20,root.batch2,0,0
04:41:20,root.batch3,0,0
04:41:20,root.bursty0,124,756736
04:41:20,root.bursty2,141,820224
04:41:20,root.bursty1,143,873472
04:41:20,root.batch0,3,-1024
04:41:21,root.default,0,0
04:41:21,root.batch6,0,0
04:41:21,root.batch7,0,0
04:41:21,root.batch1,0,0
04:41:21,root.batch4,0,0
04:41:21,root.batch5,0,0
04:41:21,root.batch2,0,0
04:41:21,root.batch3,0,0
04:41:21,root.bursty0,132,732160
04:41:21,root.bursty2,141,820224
04:41:21,root.bursty1,143,873472
04:41:21,root.batch0,3,-1024
04:41:22,root.default,0,0
04:41:22,root.batch6,0,0
04:41:22,root.batch7,0,0
04:41:22,root.batch1,0,0
04:41:22,root.batch4,0,0
04:41:22,root.batch5,0,0
04:41:22,root.batch2,0,0
04:41:22,root.batch3,0,0
04:41:22,root.bursty0,190,695296
04:41:22,root.bursty2,141,820224
04:41:22,root.bursty1,138,842752
04:41:22,root.batch0,3,-1024
04:41:23,root.default,0,0
04:41:23,root.batch6,0,0
04:41:23,root.batch7,0,0
04:41:23,root.batch1,0,0
04:41:23,root.batch4,0,0
04:41:23,root.batch5,0,0
04:41:23,root.batch2,0,0
04:41:23,root.batch3,0,0
04:41:23,root.bursty0,244,707584
04:41:23,root.bursty1,130,793600
04:41:23,root.bursty2,141,820224
04:41:23,root.batch0,3,-1024
04:41:24,root.default,0,0
04:41:24,root.batch6,0,0
04:41:24,root.batch7,0,0
04:41:24,root.batch1,0,0
04:41:24,root.batch4,0,0
04:41:24,root.batch5,0,0
04:41:24,root.batch2,0,0
04:41:24,root.batch3,0,0
04:41:24,root.bursty1,124,756736
04:41:24,root.bursty0,287,783360
04:41:24,root.bursty2,141,820224
04:41:24,root.batch0,3,-1024
04:41:25,root.default,0,0
04:41:25,root.batch6,0,0
04:41:25,root.batch7,0,0
04:41:25,root.batch1,0,0
04:41:25,root.batch4,0,0
04:41:25,root.batch5,0,0
04:41:25,root.batch2,0,0
04:41:25,root.batch3,0,0
04:41:25,root.bursty0,223,652288
04:41:25,root.bursty1,136,797696
04:41:25,root.bursty2,147,857088
04:41:25,root.batch0,3,-1024
04:41:26,root.default,0,0
04:41:26,root.batch6,0,0
04:41:26,root.batch7,0,0
04:41:26,root.batch1,0,0
04:41:26,root.batch4,0,0
04:41:26,root.batch5,0,0
04:41:26,root.batch2,0,0
04:41:26,root.batch3,0,0
04:41:26,root.bursty0,208,617472
04:41:26,root.bursty1,155,881664
04:41:26,root.bursty2,154,900096
04:41:26,root.batch0,3,-1024
04:41:27,root.default,0,0
04:41:27,root.batch6,0,0
04:41:27,root.batch7,0,0
04:41:27,root.batch1,0,0
04:41:27,root.batch4,0,0
04:41:27,root.batch5,0,0
04:41:27,root.batch2,0,0
04:41:27,root.batch3,0,0
04:41:27,root.bursty0,208,617472
04:41:27,root.bursty1,168,822272
04:41:27,root.bursty2,161,943104
04:41:27,root.batch0,3,-1024
04:41:28,root.default,0,0
04:41:28,root.batch6,0,0
04:41:28,root.batch7,0,0
04:41:28,root.batch1,0,0
04:41:28,root.batch4,0,0
04:41:28,root.batch5,0,0
04:41:28,root.batch2,0,0
04:41:28,root.batch3,0,0
04:41:28,root.bursty0,186,572416
04:41:28,root.bursty1,233,951296
04:41:28,root.bursty2,163,955392
04:41:28,root.batch0,3,-1024
04:41:29,root.default,0,0
04:41:29,root.batch6,0,0
04:41:29,root.batch7,0,0
04:41:29,root.batch1,0,0
04:41:29,root.batch4,0,0
04:41:29,root.batch5,0,0
04:41:29,root.batch2,0,0
04:41:29,root.batch3,0,0
04:41:29,root.bursty0,112,420864
04:41:29,root.bursty2,175,1029120
04:41:29,root.bursty1,275,1029120
04:41:29,root.batch0,3,-1024
04:41:30,root.default,0,0
04:41:30,root.batch6,0,0
04:41:30,root.batch7,0,0
04:41:30,root.batch1,0,0
04:41:30,root.batch4,0,0
04:41:30,root.batch5,0,0
04:41:30,root.batch2,0,0
04:41:30,root.batch3,0,0
04:41:30,root.bursty0,58,310272
04:41:30,root.bursty1,306,1091584
04:41:30,root.bursty2,189,1115136
04:41:30,root.batch0,3,-1024
04:41:31,root.default,0,0
04:41:31,root.batch6,0,0
04:41:31,root.batch7,0,0
04:41:31,root.batch1,0,0
04:41:31,root.batch4,0,0
04:41:31,root.batch5,0,0
04:41:31,root.batch2,0,0
04:41:31,root.batch3,0,0
04:41:31,root.bursty0,50,293888
04:41:31,root.bursty1,267,966656
04:41:31,root.bursty2,198,1170432
04:41:31,root.batch0,3,-1024
04:41:32,root.default,0,0
04:41:32,root.batch6,0,0
04:41:32,root.batch7,0,0
04:41:32,root.batch1,0,0
04:41:32,root.batch4,0,0
04:41:32,root.batch5,0,0
04:41:32,root.batch2,0,0
04:41:32,root.batch3,0,0
04:41:32,root.bursty0,48,289792
04:41:32,root.bursty1,252,907264
04:41:32,root.bursty2,213,1262592
04:41:32,root.batch0,3,-1024
04:41:33,root.default,0,0
04:41:33,root.batch6,0,0
04:41:33,root.batch7,0,0
04:41:33,root.batch1,0,0
04:41:33,root.batch4,0,0
04:41:33,root.batch5,0,0
04:41:33,root.batch2,0,0
04:41:33,root.batch3,0,0
04:41:33,root.bursty0,48,289792
04:41:33,root.bursty1,233,823296
04:41:33,root.bursty2,225,1336320
04:41:33,root.batch0,3,-1024
04:41:34,root.default,0,0
04:41:34,root.batch6,0,0
04:41:34,root.batch7,0,0
04:41:34,root.batch1,0,0
04:41:34,root.batch4,0,0
04:41:34,root.batch5,0,0
04:41:34,root.batch2,0,0
04:41:34,root.batch3,0,0
04:41:34,root.bursty0,48,289792
04:41:34,root.bursty1,197,733184
04:41:34,root.bursty2,269,1434624
04:41:34,root.batch0,3,-1024
04:41:35,root.default,0,0
04:41:35,root.batch6,0,0
04:41:35,root.batch7,0,0
04:41:35,root.batch1,0,0
04:41:35,root.batch4,0,0
04:41:35,root.batch5,0,0
04:41:35,root.batch2,0,0
04:41:35,root.batch3,0,0
04:41:35,root.bursty0,48,289792
04:41:35,root.bursty1,132,555008
04:41:35,root.bursty2,342,1555456
04:41:35,root.batch0,3,-1024
04:41:36,root.default,0,0
04:41:36,root.batch6,0,0
04:41:36,root.batch7,0,0
04:41:36,root.batch1,0,0
04:41:36,root.batch4,0,0
04:41:36,root.batch5,0,0
04:41:36,root.batch2,0,0
04:41:36,root.batch3,0,0
04:41:36,root.bursty0,48,289792
04:41:36,root.bursty1,82,395264
04:41:36,root.bursty2,406,1735680
04:41:36,root.batch0,3,-1024
04:41:37,root.default,0,0
04:41:37,root.batch6,0,0
04:41:37,root.batch7,0,0
04:41:37,root.batch1,0,0
04:41:37,root.batch4,0,0
04:41:37,root.batch5,0,0
04:41:37,root.batch2,0,0
04:41:37,root.batch3,0,0
04:41:37,root.bursty1,49,258048
04:41:37,root.bursty0,48,289792
04:41:37,root.bursty2,356,1723392
04:41:37,root.batch0,3,-1024
04:41:38,root.default,0,0
04:41:38,root.batch6,0,0
04:41:38,root.batch7,0,0
04:41:38,root.batch1,0,0
04:41:38,root.batch4,0,0
04:41:38,root.batch5,0,0
04:41:38,root.batch2,0,0
04:41:38,root.batch3,0,0
04:41:38,root.bursty1,37,200704
04:41:38,root.bursty0,48,289792
04:41:38,root.bursty2,386,1866752
04:41:38,root.batch0,3,-1024
04:41:39,root.default,0,0
04:41:39,root.batch6,0,0
04:41:39,root.batch7,0,0
04:41:39,root.batch1,0,0
04:41:39,root.batch4,0,0
04:41:39,root.batch5,0,0
04:41:39,root.batch2,0,0
04:41:39,root.batch3,0,0
04:41:39,root.bursty1,30,174080
04:41:39,root.bursty0,48,289792
04:41:39,root.bursty2,410,1981440
04:41:39,root.batch0,3,-1024
04:41:40,root.default,0,0
04:41:40,root.batch6,0,0
04:41:40,root.batch7,0,0
04:41:40,root.batch1,0,0
04:41:40,root.batch4,0,0
04:41:40,root.batch5,0,0
04:41:40,root.batch2,0,0
04:41:40,root.batch3,0,0
04:41:40,root.bursty1,29,167936
04:41:40,root.bursty0,48,289792
04:41:40,root.bursty2,413,1999872
04:41:40,root.batch0,3,-1024
04:41:41,root.default,0,0
04:41:41,root.batch6,0,0
04:41:41,root.batch7,0,0
04:41:41,root.batch1,0,0
04:41:41,root.batch4,0,0
04:41:41,root.batch5,0,0
04:41:41,root.batch2,0,0
04:41:41,root.batch3,0,0
04:41:41,root.bursty1,29,167936
04:41:41,root.bursty0,48,289792
04:41:41,root.bursty2,372,1977344
04:41:41,root.batch0,3,-1024
04:41:42,root.default,0,0
04:41:42,root.batch6,0,0
04:41:42,root.batch7,0,0
04:41:42,root.batch1,0,0
04:41:42,root.batch4,0,0
04:41:42,root.batch5,0,0
04:41:42,root.batch2,0,0
04:41:42,root.batch3,0,0
04:41:42,root.bursty1,31,180224
04:41:42,root.bursty0,48,289792
04:41:42,root.bursty2,352,1985536
04:41:42,root.batch0,3,-1024
04:41:43,root.default,0,0
04:41:43,root.batch6,0,0
04:41:43,root.batch7,0,0
04:41:43,root.batch1,0,0
04:41:43,root.batch4,0,0
04:41:43,root.batch5,0,0
04:41:43,root.batch2,0,0
04:41:43,root.batch3,0,0
04:41:43,root.bursty1,35,204800
04:41:43,root.bursty0,48,289792
04:41:43,root.bursty2,349,1991680
04:41:43,root.batch0,3,-1024
04:41:44,root.default,0,0
04:41:44,root.batch6,0,0
04:41:44,root.batch7,0,0
04:41:44,root.batch1,0,0
04:41:44,root.batch4,0,0
04:41:44,root.batch5,0,0
04:41:44,root.batch2,0,0
04:41:44,root.batch3,0,0
04:41:44,root.bursty1,37,217088
04:41:44,root.bursty0,48,289792
04:41:44,root.bursty2,334,1899520
04:41:44,root.batch0,3,-1024
04:41:45,root.default,0,0
04:41:45,root.batch6,0,0
04:41:45,root.batch7,0,0
04:41:45,root.batch1,0,0
04:41:45,root.batch4,0,0
04:41:45,root.batch5,0,0
04:41:45,root.batch2,0,0
04:41:45,root.batch3,0,0
04:41:45,root.bursty1,45,266240
04:41:45,root.bursty0,48,289792
04:41:45,root.bursty2,313,1778688
04:41:45,root.batch0,3,-1024
04:41:46,root.default,0,0
04:41:46,root.batch6,0,0
04:41:46,root.batch7,0,0
04:41:46,root.batch1,0,0
04:41:46,root.batch4,0,0
04:41:46,root.batch5,0,0
04:41:46,root.batch2,0,0
04:41:46,root.batch3,0,0
04:41:46,root.bursty0,47,283648
04:41:46,root.bursty1,79,475136
04:41:46,root.bursty2,278,1612800
04:41:46,root.batch0,3,-1024
04:41:47,root.default,0,0
04:41:47,root.batch6,0,0
04:41:47,root.batch7,0,0
04:41:47,root.batch1,0,0
04:41:47,root.batch4,0,0
04:41:47,root.batch5,0,0
04:41:47,root.batch2,0,0
04:41:47,root.batch3,0,0
04:41:47,root.bursty0,45,271360
04:41:47,root.bursty1,102,616448
04:41:47,root.bursty2,255,1512448
04:41:47,root.batch0,3,-1024
04:41:48,root.default,0,0
04:41:48,root.batch6,0,0
04:41:48,root.batch7,0,0
04:41:48,root.batch1,0,0
04:41:48,root.batch4,0,0
04:41:48,root.batch5,0,0
04:41:48,root.batch2,0,0
04:41:48,root.batch3,0,0
04:41:48,root.bursty0,34,203776
04:41:48,root.bursty1,123,745472
04:41:48,root.bursty2,250,1489920
04:41:48,root.batch0,3,-1024
04:41:49,root.default,0,0
04:41:49,root.batch6,0,0
04:41:49,root.batch7,0,0
04:41:49,root.batch1,0,0
04:41:49,root.batch4,0,0
04:41:49,root.batch5,0,0
04:41:49,root.batch2,0,0
04:41:49,root.batch3,0,0
04:41:49,root.bursty0,12,68608
04:41:49,root.bursty1,143,868352
04:41:49,root.bursty2,250,1489920
04:41:49,root.batch0,3,-1024
04:41:50,root.default,0,0
04:41:50,root.batch6,0,0
04:41:50,root.batch7,0,0
04:41:50,root.batch1,0,0
04:41:50,root.batch4,0,0
04:41:50,root.batch5,0,0
04:41:50,root.batch2,0,0
04:41:50,root.batch3,0,0
04:41:50,root.bursty0,3,13312
04:41:50,root.bursty1,155,942080
04:41:50,root.bursty2,250,1489920
04:41:50,root.batch0,3,-1024
04:41:51,root.default,0,0
04:41:51,root.batch6,0,0
04:41:51,root.batch7,0,0
04:41:51,root.batch1,0,0
04:41:51,root.batch4,0,0
04:41:51,root.batch5,0,0
04:41:51,root.batch2,0,0
04:41:51,root.batch3,0,0
04:41:51,root.bursty0,1,1024
04:41:51,root.bursty1,160,972800
04:41:51,root.bursty2,250,1489920
04:41:51,root.batch0,3,-1024
04:41:52,root.default,0,0
04:41:52,root.batch6,0,0
04:41:52,root.batch7,0,0
04:41:52,root.batch1,0,0
04:41:52,root.batch4,0,0
04:41:52,root.batch5,0,0
04:41:52,root.batch2,0,0
04:41:52,root.batch3,0,0
04:41:52,root.bursty0,1,1024
04:41:52,root.bursty1,160,972800
04:41:52,root.bursty2,250,1489920
04:41:52,root.batch0,3,-1024
04:41:53,root.default,0,0
04:41:53,root.batch6,0,0
04:41:53,root.batch7,0,0
04:41:53,root.batch1,0,0
04:41:53,root.batch4,0,0
04:41:53,root.batch5,0,0
04:41:53,root.batch2,0,0
04:41:53,root.batch3,0,0
04:41:53,root.bursty0,1,1024
04:41:53,root.bursty1,158,960512
04:41:53,root.bursty2,250,1489920
04:41:53,root.batch0,3,-1024
04:41:54,root.default,0,0
04:41:54,root.batch6,0,0
04:41:54,root.batch7,0,0
04:41:54,root.batch1,0,0
04:41:54,root.batch4,0,0
04:41:54,root.batch5,0,0
04:41:54,root.batch2,0,0
04:41:54,root.batch3,0,0
04:41:54,root.bursty0,1,1024
04:41:54,root.bursty1,152,923648
04:41:54,root.bursty2,248,1477632
04:41:54,root.batch0,3,-1024
04:41:55,root.default,0,0
04:41:55,root.batch6,0,0
04:41:55,root.batch7,0,0
04:41:55,root.batch1,0,0
04:41:55,root.batch4,0,0
04:41:55,root.batch5,0,0
04:41:55,root.batch2,0,0
04:41:55,root.batch3,0,0
04:41:55,root.bursty0,1,1024
04:41:55,root.bursty1,161,978944
04:41:55,root.bursty2,242,1440768
04:41:55,root.batch0,3,-1024
04:41:56,root.default,0,0
04:41:56,root.batch6,0,0
04:41:56,root.batch7,0,0
04:41:56,root.batch1,0,0
04:41:56,root.batch4,0,0
04:41:56,root.batch5,0,0
04:41:56,root.batch2,0,0
04:41:56,root.batch3,0,0
04:41:56,root.bursty0,1,1024
04:41:56,root.bursty1,169,1028096
04:41:56,root.bursty2,232,1379328
04:41:56,root.batch0,3,-1024
04:41:57,root.bursty0,0,0
04:41:57,root.default,0,0
04:41:57,root.batch6,0,0
04:41:57,root.batch7,0,0
04:41:57,root.batch1,0,0
04:41:57,root.batch4,0,0
04:41:57,root.batch5,0,0
04:41:57,root.batch2,0,0
04:41:57,root.batch3,0,0
04:41:57,root.bursty1,180,1095680
04:41:57,root.bursty2,229,1360896
04:41:57,root.batch0,3,-1024
04:41:58,root.bursty0,0,0
04:41:58,root.default,0,0
04:41:58,root.batch6,0,0
04:41:58,root.batch7,0,0
04:41:58,root.batch1,0,0
04:41:58,root.batch4,0,0
04:41:58,root.batch5,0,0
04:41:58,root.batch2,0,0
04:41:58,root.batch3,0,0
04:41:58,root.bursty1,184,1120256
04:41:58,root.bursty2,224,1330176
04:41:58,root.batch0,3,-1024
04:41:59,root.bursty0,0,0
04:41:59,root.default,0,0
04:41:59,root.batch6,0,0
04:41:59,root.batch7,0,0
04:41:59,root.batch1,0,0
04:41:59,root.batch4,0,0
04:41:59,root.batch5,0,0
04:41:59,root.batch2,0,0
04:41:59,root.batch3,0,0
04:41:59,root.bursty1,190,1157120
04:41:59,root.bursty2,212,1256448
04:41:59,root.batch0,3,-1024
04:42:00,root.bursty0,0,0
04:42:00,root.default,0,0
04:42:00,root.batch6,0,0
04:42:00,root.batch7,0,0
04:42:00,root.batch1,0,0
04:42:00,root.batch4,0,0
04:42:00,root.batch5,0,0
04:42:00,root.batch2,0,0
04:42:00,root.batch3,0,0
04:42:00,root.bursty2,203,1184768
04:42:00,root.bursty1,202,1230848
04:42:00,root.batch0,3,-1024
04:42:01,root.bursty0,0,0
04:42:01,root.default,0,0
04:42:01,root.batch6,0,0
04:42:01,root.batch7,0,0
04:42:01,root.batch1,0,0
04:42:01,root.batch4,0,0
04:42:01,root.batch5,0,0
04:42:01,root.batch2,0,0
04:42:01,root.batch3,0,0
04:42:01,root.bursty2,209,1131520
04:42:01,root.bursty1,215,1310720
04:42:01,root.batch0,3,-1024
04:42:02,root.bursty0,0,0
04:42:02,root.default,0,0
04:42:02,root.batch6,0,0
04:42:02,root.batch7,0,0
04:42:02,root.batch1,0,0
04:42:02,root.batch4,0,0
04:42:02,root.batch5,0,0
04:42:02,root.batch2,0,0
04:42:02,root.batch3,0,0
04:42:02,root.bursty2,228,1149952
04:42:02,root.bursty1,221,1352704
04:42:02,root.batch0,3,-1024
04:42:03,root.default,0,0
04:42:03,root.batch6,0,0
04:42:03,root.batch7,0,0
04:42:03,root.batch1,0,0
04:42:03,root.batch4,0,0
04:42:03,root.batch5,0,0
04:42:03,root.batch2,0,0
04:42:03,root.batch3,0,0
04:42:03,root.bursty0,1,1024
04:42:03,root.bursty2,230,1154048
04:42:03,root.bursty1,223,1364992
04:42:03,root.batch0,3,-1024
04:42:04,root.default,0,0
04:42:04,root.batch6,0,0
04:42:04,root.batch7,0,0
04:42:04,root.batch1,0,0
04:42:04,root.batch4,0,0
04:42:04,root.batch5,0,0
04:42:04,root.batch2,0,0
04:42:04,root.batch3,0,0
04:42:04,root.bursty0,1,1024
04:42:04,root.bursty2,218,1145856
04:42:04,root.bursty1,223,1364992
04:42:04,root.batch0,3,-1024
04:42:05,root.default,0,0
04:42:05,root.batch6,0,0
04:42:05,root.batch7,0,0
04:42:05,root.batch1,0,0
04:42:05,root.batch4,0,0
04:42:05,root.batch5,0,0
04:42:05,root.batch2,0,0
04:42:05,root.batch3,0,0
04:42:05,root.bursty0,1,1024
04:42:05,root.bursty2,218,1145856
04:42:05,root.bursty1,223,1364992
04:42:05,root.batch0,3,-1024
04:42:06,root.default,0,0
04:42:06,root.batch6,0,0
04:42:06,root.batch7,0,0
04:42:06,root.batch1,0,0
04:42:06,root.batch4,0,0
04:42:06,root.batch5,0,0
04:42:06,root.batch2,0,0
04:42:06,root.batch3,0,0
04:42:06,root.bursty0,1,1024
04:42:06,root.bursty2,209,1090560
04:42:06,root.bursty1,224,1371136
04:42:06,root.batch0,3,-1024
04:42:08,root.default,0,0
04:42:08,root.batch6,0,0
04:42:08,root.batch7,0,0
04:42:08,root.batch1,0,0
04:42:08,root.batch4,0,0
04:42:08,root.batch5,0,0
04:42:08,root.batch2,0,0
04:42:08,root.batch3,0,0
04:42:08,root.bursty0,1,1024
04:42:08,root.bursty2,189,1016832
04:42:08,root.bursty1,224,1371136
04:42:08,root.batch0,3,-1024
04:42:09,root.default,0,0
04:42:09,root.batch6,0,0
04:42:09,root.batch7,0,0
04:42:09,root.batch1,0,0
04:42:09,root.batch4,0,0
04:42:09,root.batch5,0,0
04:42:09,root.batch2,0,0
04:42:09,root.batch3,0,0
04:42:09,root.bursty0,1,1024
04:42:09,root.bursty2,175,1012736
04:42:09,root.bursty1,226,1383424
04:42:09,root.batch0,3,-1024
04:42:10,root.default,0,0
04:42:10,root.batch6,0,0
04:42:10,root.batch7,0,0
04:42:10,root.batch1,0,0
04:42:10,root.batch4,0,0
04:42:10,root.batch5,0,0
04:42:10,root.batch2,0,0
04:42:10,root.batch3,0,0
04:42:10,root.bursty0,1,1024
04:42:10,root.bursty2,167,979968
04:42:10,root.bursty1,228,1395712
04:42:10,root.batch0,3,-1024
04:42:11,root.default,0,0
04:42:11,root.batch6,0,0
04:42:11,root.batch7,0,0
04:42:11,root.batch1,0,0
04:42:11,root.batch4,0,0
04:42:11,root.batch5,0,0
04:42:11,root.batch2,0,0
04:42:11,root.batch3,0,0
04:42:11,root.bursty0,1,1024
04:42:11,root.bursty2,170,998400
04:42:11,root.bursty1,228,1395712
04:42:11,root.batch0,3,-1024
04:42:12,root.default,0,0
04:42:12,root.batch6,0,0
04:42:12,root.batch7,0,0
04:42:12,root.batch1,0,0
04:42:12,root.batch4,0,0
04:42:12,root.batch5,0,0
04:42:12,root.batch2,0,0
04:42:12,root.batch3,0,0
04:42:12,root.bursty0,1,1024
04:42:12,root.bursty2,176,1035264
04:42:12,root.bursty1,228,1395712
04:42:12,root.batch0,3,-1024
04:42:13,root.default,0,0
04:42:13,root.batch6,0,0
04:42:13,root.batch7,0,0
04:42:13,root.batch1,0,0
04:42:13,root.batch4,0,0
04:42:13,root.batch5,0,0
04:42:13,root.batch2,0,0
04:42:13,root.batch3,0,0
04:42:13,root.bursty0,1,1024
04:42:13,root.bursty2,178,1047552
04:42:13,root.bursty1,228,1395712
04:42:13,root.batch0,3,-1024
04:42:14,root.default,0,0
04:42:14,root.batch6,0,0
04:42:14,root.batch7,0,0
04:42:14,root.batch1,0,0
04:42:14,root.batch4,0,0
04:42:14,root.batch5,0,0
04:42:14,root.batch2,0,0
04:42:14,root.batch3,0,0
04:42:14,root.bursty0,1,1024
04:42:14,root.bursty2,182,1072128
04:42:14,root.bursty1,224,1371136
04:42:14,root.batch0,3,-1024
04:42:15,root.default,0,0
04:42:15,root.batch6,0,0
04:42:15,root.batch7,0,0
04:42:15,root.batch1,0,0
04:42:15,root.batch4,0,0
04:42:15,root.batch5,0,0
04:42:15,root.batch2,0,0
04:42:15,root.batch3,0,0
04:42:15,root.bursty0,1,1024
04:42:15,root.bursty2,187,1107968
04:42:15,root.bursty1,218,1334272
04:42:15,root.batch0,3,-1024
04:42:16,root.default,0,0
04:42:16,root.batch6,0,0
04:42:16,root.batch7,0,0
04:42:16,root.batch1,0,0
04:42:16,root.batch4,0,0
04:42:16,root.batch5,0,0
04:42:16,root.batch2,0,0
04:42:16,root.batch3,0,0
04:42:16,root.bursty0,2,7168
04:42:16,root.bursty2,199,1181696
04:42:16,root.bursty1,198,1211392
04:42:16,root.batch0,3,-1024
04:42:17,root.default,0,0
04:42:17,root.batch6,0,0
04:42:17,root.batch7,0,0
04:42:17,root.batch1,0,0
04:42:17,root.batch4,0,0
04:42:17,root.batch5,0,0
04:42:17,root.batch2,0,0
04:42:17,root.batch3,0,0
04:42:17,root.bursty0,14,80896
04:42:17,root.bursty1,175,1070080
04:42:17,root.bursty2,214,1273856
04:42:17,root.batch0,3,-1024
04:42:18,root.default,0,0
04:42:18,root.batch6,0,0
04:42:18,root.batch7,0,0
04:42:18,root.batch1,0,0
04:42:18,root.batch4,0,0
04:42:18,root.batch5,0,0
04:42:18,root.batch2,0,0
04:42:18,root.batch3,0,0
04:42:18,root.bursty0,36,216064
04:42:18,root.bursty1,148,904192
04:42:18,root.bursty2,215,1280000
04:42:18,root.batch0,3,-1024
04:42:19,root.default,0,0
04:42:19,root.batch6,0,0
04:42:19,root.batch7,0,0
04:42:19,root.batch1,0,0
04:42:19,root.batch4,0,0
04:42:19,root.batch5,0,0
04:42:19,root.batch2,0,0
04:42:19,root.batch3,0,0
04:42:19,root.bursty0,57,345088
04:42:19,root.bursty1,129,787456
04:42:19,root.bursty2,215,1280000
04:42:19,root.batch0,3,-1024
04:42:20,root.default,0,0
04:42:20,root.batch6,0,0
04:42:20,root.batch7,0,0
04:42:20,root.batch1,0,0
04:42:20,root.batch4,0,0
04:42:20,root.batch5,0,0
04:42:20,root.batch2,0,0
04:42:20,root.batch3,0,0
04:42:20,root.bursty0,79,480256
04:42:20,root.bursty1,109,664576
04:42:20,root.bursty2,215,1280000
04:42:20,root.batch0,3,-1024
04:42:21,root.default,0,0
04:42:21,root.batch6,0,0
04:42:21,root.batch7,0,0
04:42:21,root.batch1,0,0
04:42:21,root.batch4,0,0
04:42:21,root.batch5,0,0
04:42:21,root.batch2,0,0
04:42:21,root.batch3,0,0
04:42:21,root.bursty0,95,578560
04:42:21,root.bursty1,97,590848
04:42:21,root.bursty2,215,1280000
04:42:21,root.batch0,3,-1024
04:42:22,root.default,0,0
04:42:22,root.batch6,0,0
04:42:22,root.batch7,0,0
04:42:22,root.batch1,0,0
04:42:22,root.batch4,0,0
04:42:22,root.batch5,0,0
04:42:22,root.batch2,0,0
04:42:22,root.batch3,0,0
04:42:22,root.bursty1,96,584704
04:42:22,root.bursty0,98,596992
04:42:22,root.bursty2,215,1280000
04:42:22,root.batch0,3,-1024
04:42:23,root.default,0,0
04:42:23,root.batch6,0,0
04:42:23,root.batch7,0,0
04:42:23,root.batch1,0,0
04:42:23,root.batch4,0,0
04:42:23,root.batch5,0,0
04:42:23,root.batch2,0,0
04:42:23,root.batch3,0,0
04:42:23,root.bursty1,96,584704
04:42:23,root.bursty0,99,603136
04:42:23,root.bursty2,215,1280000
04:42:23,root.batch0,3,-1024
04:42:24,root.default,0,0
04:42:24,root.batch6,0,0
04:42:24,root.batch7,0,0
04:42:24,root.batch1,0,0
04:42:24,root.batch4,0,0
04:42:24,root.batch5,0,0
04:42:24,root.batch2,0,0
04:42:24,root.batch3,0,0
04:42:24,root.bursty1,93,566272
04:42:24,root.bursty0,102,621568
04:42:24,root.bursty2,215,1280000
04:42:24,root.batch0,3,-1024
04:42:25,root.default,0,0
04:42:25,root.batch6,0,0
04:42:25,root.batch7,0,0
04:42:25,root.batch1,0,0
04:42:25,root.batch4,0,0
04:42:25,root.batch5,0,0
04:42:25,root.batch2,0,0
04:42:25,root.batch3,0,0
04:42:25,root.bursty1,87,529408
04:42:25,root.bursty0,108,658432
04:42:25,root.bursty2,215,1280000
04:42:25,root.batch0,3,-1024
04:42:26,root.default,0,0
04:42:26,root.batch6,0,0
04:42:26,root.batch7,0,0
04:42:26,root.batch1,0,0
04:42:26,root.batch4,0,0
04:42:26,root.batch5,0,0
04:42:26,root.batch2,0,0
04:42:26,root.batch3,0,0
04:42:26,root.bursty1,78,474112
04:42:26,root.bursty0,117,713728
04:42:26,root.bursty2,215,1280000
04:42:26,root.batch0,3,-1024
04:42:27,root.default,0,0
04:42:27,root.batch6,0,0
04:42:27,root.batch7,0,0
04:42:27,root.batch1,0,0
04:42:27,root.batch4,0,0
04:42:27,root.batch5,0,0
04:42:27,root.batch2,0,0
04:42:27,root.batch3,0,0
04:42:27,root.bursty1,73,443392
04:42:27,root.bursty0,122,744448
04:42:27,root.bursty2,215,1280000
04:42:27,root.batch0,3,-1024
04:42:28,root.default,0,0
04:42:28,root.batch6,0,0
04:42:28,root.batch7,0,0
04:42:28,root.batch1,0,0
04:42:28,root.batch4,0,0
04:42:28,root.batch5,0,0
04:42:28,root.batch2,0,0
04:42:28,root.batch3,0,0
04:42:28,root.bursty1,73,443392
04:42:28,root.bursty0,122,744448
04:42:28,root.bursty2,215,1280000
04:42:28,root.batch0,3,-1024
04:42:29,root.default,0,0
04:42:29,root.batch6,0,0
04:42:29,root.batch7,0,0
04:42:29,root.batch1,0,0
04:42:29,root.batch4,0,0
04:42:29,root.batch5,0,0
04:42:29,root.batch2,0,0
04:42:29,root.batch3,0,0
04:42:29,root.bursty1,71,431104
04:42:29,root.bursty0,123,750592
04:42:29,root.bursty2,215,1280000
04:42:29,root.batch0,3,-1024
04:42:30,root.default,0,0
04:42:30,root.batch6,0,0
04:42:30,root.batch7,0,0
04:42:30,root.batch1,0,0
04:42:30,root.batch4,0,0
04:42:30,root.batch5,0,0
04:42:30,root.batch2,0,0
04:42:30,root.batch3,0,0
04:42:30,root.bursty1,71,431104
04:42:30,root.bursty0,123,750592
04:42:30,root.bursty2,215,1280000
04:42:30,root.batch0,3,-1024
04:42:31,root.default,0,0
04:42:31,root.batch6,0,0
04:42:31,root.batch7,0,0
04:42:31,root.batch1,0,0
04:42:31,root.batch4,0,0
04:42:31,root.batch5,0,0
04:42:31,root.batch2,0,0
04:42:31,root.batch3,0,0
04:42:31,root.bursty1,71,431104
04:42:31,root.bursty0,124,756736
04:42:31,root.bursty2,215,1280000
04:42:31,root.batch0,3,-1024
04:42:32,root.default,0,0
04:42:32,root.batch6,0,0
04:42:32,root.batch7,0,0
04:42:32,root.batch1,0,0
04:42:32,root.batch4,0,0
04:42:32,root.batch5,0,0
04:42:32,root.batch2,0,0
04:42:32,root.batch3,0,0
04:42:32,root.bursty1,70,424960
04:42:32,root.bursty0,125,762880
04:42:32,root.bursty2,213,1267712
04:42:32,root.batch0,3,-1024
04:42:33,root.default,0,0
04:42:33,root.batch6,0,0
04:42:33,root.batch7,0,0
04:42:33,root.batch1,0,0
04:42:33,root.batch4,0,0
04:42:33,root.batch5,0,0
04:42:33,root.batch2,0,0
04:42:33,root.batch3,0,0
04:42:33,root.bursty1,74,449536
04:42:33,root.bursty0,125,762880
04:42:33,root.bursty2,209,1243136
04:42:33,root.batch0,3,-1024
04:42:34,root.default,0,0
04:42:34,root.batch6,0,0
04:42:34,root.batch7,0,0
04:42:34,root.batch1,0,0
04:42:34,root.batch4,0,0
04:42:34,root.batch5,0,0
04:42:34,root.batch2,0,0
04:42:34,root.batch3,0,0
04:42:34,root.bursty1,79,480256
04:42:34,root.bursty0,125,762880
04:42:34,root.bursty2,206,1224704
04:42:34,root.batch0,3,-1024
04:42:35,root.default,0,0
04:42:35,root.batch6,0,0
04:42:35,root.batch7,0,0
04:42:35,root.batch1,0,0
04:42:35,root.batch4,0,0
04:42:35,root.batch5,0,0
04:42:35,root.batch2,0,0
04:42:35,root.batch3,0,0
04:42:35,root.bursty1,81,492544
04:42:35,root.bursty0,125,762880
04:42:35,root.bursty2,204,1212416
04:42:35,root.batch0,3,-1024
04:42:36,root.default,0,0
04:42:36,root.batch6,0,0
04:42:36,root.batch7,0,0
04:42:36,root.batch1,0,0
04:42:36,root.batch4,0,0
04:42:36,root.batch5,0,0
04:42:36,root.batch2,0,0
04:42:36,root.batch3,0,0
04:42:36,root.bursty1,82,498688
04:42:36,root.bursty0,125,762880
04:42:36,root.bursty2,203,1206272
04:42:36,root.batch0,3,-1024
04:42:37,root.default,0,0
04:42:37,root.batch6,0,0
04:42:37,root.batch7,0,0
04:42:37,root.batch1,0,0
04:42:37,root.batch4,0,0
04:42:37,root.batch5,0,0
04:42:37,root.batch2,0,0
04:42:37,root.batch3,0,0
04:42:37,root.bursty1,97,590848
04:42:37,root.bursty0,125,762880
04:42:37,root.bursty2,186,1101824
04:42:37,root.batch0,3,-1024
04:42:38,root.default,0,0
04:42:38,root.batch6,0,0
04:42:38,root.batch7,0,0
04:42:38,root.batch1,0,0
04:42:38,root.batch4,0,0
04:42:38,root.batch5,0,0
04:42:38,root.batch2,0,0
04:42:38,root.batch3,0,0
04:42:38,root.bursty1,122,744448
04:42:38,root.bursty0,125,762880
04:42:38,root.bursty2,158,929792
04:42:38,root.batch0,3,-1024
04:42:39,root.default,0,0
04:42:39,root.batch6,0,0
04:42:39,root.batch7,0,0
04:42:39,root.batch1,0,0
04:42:39,root.batch4,0,0
04:42:39,root.batch5,0,0
04:42:39,root.batch2,0,0
04:42:39,root.batch3,0,0
04:42:39,root.bursty0,129,787456
04:42:39,root.bursty2,138,806912
04:42:39,root.bursty1,140,855040
04:42:39,root.batch0,3,-1024
04:42:40,root.default,0,0
04:42:40,root.batch6,0,0
04:42:40,root.batch7,0,0
04:42:40,root.batch1,0,0
04:42:40,root.batch4,0,0
04:42:40,root.batch5,0,0
04:42:40,root.batch2,0,0
04:42:40,root.batch3,0,0
04:42:40,root.bursty2,115,665600
04:42:40,root.bursty1,144,879616
04:42:40,root.bursty0,145,885760
04:42:40,root.batch0,3,-1024
04:42:41,root.default,0,0
04:42:41,root.batch6,0,0
04:42:41,root.batch7,0,0
04:42:41,root.batch1,0,0
04:42:41,root.batch4,0,0
04:42:41,root.batch5,0,0
04:42:41,root.batch2,0,0
04:42:41,root.batch3,0,0
04:42:41,root.bursty2,107,616448
04:42:41,root.bursty1,144,879616
04:42:41,root.bursty0,151,922624
04:42:41,root.batch0,3,-1024
04:42:42,root.default,0,0
04:42:42,root.batch6,0,0
04:42:42,root.batch7,0,0
04:42:42,root.batch1,0,0
04:42:42,root.batch4,0,0
04:42:42,root.batch5,0,0
04:42:42,root.batch2,0,0
04:42:42,root.batch3,0,0
04:42:42,root.bursty2,111,641024
04:42:42,root.bursty1,144,879616
04:42:42,root.bursty0,152,928768
04:42:42,root.batch0,3,-1024
04:42:43,root.default,0,0
04:42:43,root.batch6,0,0
04:42:43,root.batch7,0,0
04:42:43,root.batch1,0,0
04:42:43,root.batch4,0,0
04:42:43,root.batch5,0,0
04:42:43,root.batch2,0,0
04:42:43,root.batch3,0,0
04:42:43,root.bursty2,113,653312
04:42:43,root.bursty1,144,879616
04:42:43,root.bursty0,153,934912
04:42:43,root.batch0,3,-1024
04:42:44,root.default,0,0
04:42:44,root.batch6,0,0
04:42:44,root.batch7,0,0
04:42:44,root.batch1,0,0
04:42:44,root.batch4,0,0
04:42:44,root.batch5,0,0
04:42:44,root.batch2,0,0
04:42:44,root.batch3,0,0
04:42:44,root.bursty2,110,634880
04:42:44,root.bursty1,144,879616
04:42:44,root.bursty0,153,934912
04:42:44,root.batch0,3,-1024
04:42:45,root.default,0,0
04:42:45,root.batch6,0,0
04:42:45,root.batch7,0,0
04:42:45,root.batch1,0,0
04:42:45,root.batch4,0,0
04:42:45,root.batch5,0,0
04:42:45,root.batch2,0,0
04:42:45,root.batch3,0,0
04:42:45,root.bursty2,109,628736
04:42:45,root.bursty1,144,879616
04:42:45,root.bursty0,154,941056
04:42:45,root.batch0,3,-1024
04:42:46,root.default,0,0
04:42:46,root.batch6,0,0
04:42:46,root.batch7,0,0
04:42:46,root.batch1,0,0
04:42:46,root.batch4,0,0
04:42:46,root.batch5,0,0
04:42:46,root.batch2,0,0
04:42:46,root.batch3,0,0
04:42:46,root.bursty2,110,634880
04:42:46,root.bursty1,144,879616
04:42:46,root.bursty0,151,922624
04:42:46,root.batch0,3,-1024
04:42:47,root.default,0,0
04:42:47,root.batch6,0,0
04:42:47,root.batch7,0,0
04:42:47,root.batch1,0,0
04:42:47,root.batch4,0,0
04:42:47,root.batch5,0,0
04:42:47,root.batch2,0,0
04:42:47,root.batch3,0,0
04:42:47,root.bursty2,119,690176
04:42:47,root.bursty0,140,855040
04:42:47,root.bursty1,144,879616
04:42:47,root.batch0,3,-1024
04:42:48,root.default,0,0
04:42:48,root.batch6,0,0
04:42:48,root.batch7,0,0
04:42:48,root.batch1,0,0
04:42:48,root.batch4,0,0
04:42:48,root.batch5,0,0
04:42:48,root.batch2,0,0
04:42:48,root.batch3,0,0
04:42:48,root.bursty0,120,732160
04:42:48,root.bursty2,135,788480
04:42:48,root.bursty1,144,879616
04:42:48,root.batch0,3,-1024
04:42:49,root.default,0,0
04:42:49,root.batch6,0,0
04:42:49,root.batch7,0,0
04:42:49,root.batch1,0,0
04:42:49,root.batch4,0,0
04:42:49,root.batch5,0,0
04:42:49,root.batch2,0,0
04:42:49,root.batch3,0,0
04:42:49,root.bursty0,118,719872
04:42:49,root.bursty2,139,788480
04:42:49,root.bursty1,144,879616
04:42:49,root.batch0,3,-1024
04:42:50,root.default,0,0
04:42:50,root.batch6,0,0
04:42:50,root.batch7,0,0
04:42:50,root.batch1,0,0
04:42:50,root.batch4,0,0
04:42:50,root.batch5,0,0
04:42:50,root.batch2,0,0
04:42:50,root.batch3,0,0
04:42:50,root.bursty2,140,729088
04:42:50,root.bursty0,124,756736
04:42:50,root.bursty1,144,879616
04:42:50,root.batch0,3,-1024
04:42:51,root.default,0,0
04:42:51,root.batch6,0,0
04:42:51,root.batch7,0,0
04:42:51,root.batch1,0,0
04:42:51,root.batch4,0,0
04:42:51,root.batch5,0,0
04:42:51,root.batch2,0,0
04:42:51,root.batch3,0,0
04:42:51,root.bursty0,127,775168
04:42:51,root.bursty2,164,778240
04:42:51,root.bursty1,144,879616
04:42:51,root.batch0,3,-1024
04:42:52,root.default,0,0
04:42:52,root.batch6,0,0
04:42:52,root.batch7,0,0
04:42:52,root.batch1,0,0
04:42:52,root.batch4,0,0
04:42:52,root.batch5,0,0
04:42:52,root.batch2,0,0
04:42:52,root.batch3,0,0
04:42:52,root.bursty0,132,805888
04:42:52,root.bursty2,180,811008
04:42:52,root.bursty1,144,879616
04:42:52,root.batch0,3,-1024
04:42:53,root.default,0,0
04:42:53,root.batch6,0,0
04:42:53,root.batch7,0,0
04:42:53,root.batch1,0,0
04:42:53,root.batch4,0,0
04:42:53,root.batch5,0,0
04:42:53,root.batch2,0,0
04:42:53,root.batch3,0,0
04:42:53,root.bursty0,133,812032
04:42:53,root.bursty2,186,823296
04:42:53,root.bursty1,144,879616
04:42:53,root.batch0,3,-1024
04:42:54,root.default,0,0
04:42:54,root.batch6,0,0
04:42:54,root.batch7,0,0
04:42:54,root.batch1,0,0
04:42:54,root.batch4,0,0
04:42:54,root.batch5,0,0
04:42:54,root.batch2,0,0
04:42:54,root.batch3,0,0
04:42:54,root.bursty0,132,805888
04:42:54,root.bursty2,188,827392
04:42:54,root.bursty1,138,842752
04:42:54,root.batch0,3,-1024
04:42:55,root.default,0,0
04:42:55,root.batch6,0,0
04:42:55,root.batch7,0,0
04:42:55,root.batch1,0,0
04:42:55,root.batch4,0,0
04:42:55,root.batch5,0,0
04:42:55,root.batch2,0,0
04:42:55,root.batch3,0,0
04:42:55,root.bursty1,130,793600
04:42:55,root.bursty2,192,835584
04:42:55,root.bursty0,138,842752
04:42:55,root.batch0,3,-1024
04:42:56,root.default,0,0
04:42:56,root.batch6,0,0
04:42:56,root.batch7,0,0
04:42:56,root.batch1,0,0
04:42:56,root.batch4,0,0
04:42:56,root.batch5,0,0
04:42:56,root.batch2,0,0
04:42:56,root.batch3,0,0
04:42:56,root.bursty1,124,756736
04:42:56,root.bursty2,192,835584
04:42:56,root.bursty0,143,873472
04:42:56,root.batch0,3,-1024
04:42:57,root.default,0,0
04:42:57,root.batch6,0,0
04:42:57,root.batch7,0,0
04:42:57,root.batch1,0,0
04:42:57,root.batch4,0,0
04:42:57,root.batch5,0,0
04:42:57,root.batch2,0,0
04:42:57,root.batch3,0,0
04:42:57,root.bursty2,178,806912
04:42:57,root.bursty1,129,787456
04:42:57,root.bursty0,144,879616
04:42:57,root.batch0,3,-1024
04:42:58,root.default,0,0
04:42:58,root.batch6,0,0
04:42:58,root.batch7,0,0
04:42:58,root.batch1,0,0
04:42:58,root.batch4,0,0
04:42:58,root.batch5,0,0
04:42:58,root.batch2,0,0
04:42:58,root.batch3,0,0
04:42:58,root.bursty2,168,786432
04:42:58,root.bursty1,129,787456
04:42:58,root.bursty0,147,898048
04:42:58,root.batch0,3,-1024
04:42:59,root.default,0,0
04:42:59,root.batch6,0,0
04:42:59,root.batch7,0,0
04:42:59,root.batch1,0,0
04:42:59,root.batch4,0,0
04:42:59,root.batch5,0,0
04:42:59,root.batch2,0,0
04:42:59,root.batch3,0,0
04:42:59,root.bursty2,172,794624
04:42:59,root.bursty1,122,744448
04:42:59,root.bursty0,147,898048
04:42:59,root.batch0,3,-1024
04:43:00,root.default,0,0
04:43:00,root.batch6,0,0
04:43:00,root.batch7,0,0
04:43:00,root.batch1,0,0
04:43:00,root.batch4,0,0
04:43:00,root.batch5,0,0
04:43:00,root.batch2,0,0
04:43:00,root.batch3,0,0
04:43:00,root.bursty2,174,798720
04:43:00,root.bursty1,124,756736
04:43:00,root.bursty0,148,904192
04:43:00,root.batch0,3,-1024
04:43:01,root.default,0,0
04:43:01,root.batch6,0,0
04:43:01,root.batch7,0,0
04:43:01,root.batch1,0,0
04:43:01,root.batch4,0,0
04:43:01,root.batch5,0,0
04:43:01,root.batch2,0,0
04:43:01,root.batch3,0,0
04:43:01,root.bursty1,119,726016
04:43:01,root.bursty2,176,802816
04:43:01,root.bursty0,148,904192
04:43:01,root.batch0,3,-1024
04:43:02,root.default,0,0
04:43:02,root.batch6,0,0
04:43:02,root.batch7,0,0
04:43:02,root.batch1,0,0
04:43:02,root.batch4,0,0
04:43:02,root.batch5,0,0
04:43:02,root.batch2,0,0
04:43:02,root.batch3,0,0
04:43:02,root.bursty1,120,732160
04:43:02,root.bursty2,174,798720
04:43:02,root.bursty0,150,916480
04:43:02,root.batch0,3,-1024
04:43:04,root.default,0,0
04:43:04,root.batch6,0,0
04:43:04,root.batch7,0,0
04:43:04,root.batch1,0,0
04:43:04,root.batch4,0,0
04:43:04,root.batch5,0,0
04:43:04,root.batch2,0,0
04:43:04,root.batch3,0,0
04:43:04,root.bursty1,124,756736
04:43:04,root.bursty2,174,798720
04:43:04,root.bursty0,151,922624
04:43:04,root.batch0,3,-1024
04:43:05,root.default,0,0
04:43:05,root.batch6,0,0
04:43:05,root.batch7,0,0
04:43:05,root.batch1,0,0
04:43:05,root.batch4,0,0
04:43:05,root.batch5,0,0
04:43:05,root.batch2,0,0
04:43:05,root.batch3,0,0
04:43:05,root.bursty2,168,786432
04:43:05,root.bursty1,129,787456
04:43:05,root.bursty0,151,922624
04:43:05,root.batch0,3,-1024
04:43:06,root.default,0,0
04:43:06,root.batch6,0,0
04:43:06,root.batch7,0,0
04:43:06,root.batch1,0,0
04:43:06,root.batch4,0,0
04:43:06,root.batch5,0,0
04:43:06,root.batch2,0,0
04:43:06,root.batch3,0,0
04:43:06,root.bursty1,130,793600
04:43:06,root.bursty2,174,798720
04:43:06,root.bursty0,151,922624
04:43:06,root.batch0,3,-1024
04:43:07,root.default,0,0
04:43:07,root.batch6,0,0
04:43:07,root.batch7,0,0
04:43:07,root.batch1,0,0
04:43:07,root.batch4,0,0
04:43:07,root.batch5,0,0
04:43:07,root.batch2,0,0
04:43:07,root.batch3,0,0
04:43:07,root.bursty2,162,774144
04:43:07,root.bursty1,117,713728
04:43:07,root.bursty0,151,922624
04:43:07,root.batch0,3,-1024
04:43:08,root.default,0,0
04:43:08,root.batch6,0,0
04:43:08,root.batch7,0,0
04:43:08,root.batch1,0,0
04:43:08,root.batch4,0,0
04:43:08,root.batch5,0,0
04:43:08,root.batch2,0,0
04:43:08,root.batch3,0,0
04:43:08,root.bursty1,108,658432
04:43:08,root.bursty2,165,792576
04:43:08,root.bursty0,151,922624
04:43:08,root.batch0,3,-1024
04:43:09,root.default,0,0
04:43:09,root.batch6,0,0
04:43:09,root.batch7,0,0
04:43:09,root.batch1,0,0
04:43:09,root.batch4,0,0
04:43:09,root.batch5,0,0
04:43:09,root.batch2,0,0
04:43:09,root.batch3,0,0
04:43:09,root.bursty1,110,670720
04:43:09,root.bursty2,170,815104
04:43:09,root.bursty0,150,916480
04:43:09,root.batch0,3,-1024
04:43:10,root.default,0,0
04:43:10,root.batch6,0,0
04:43:10,root.batch7,0,0
04:43:10,root.batch1,0,0
04:43:10,root.batch4,0,0
04:43:10,root.batch5,0,0
04:43:10,root.batch2,0,0
04:43:10,root.batch3,0,0
04:43:10,root.bursty1,129,787456
04:43:10,root.bursty2,162,798720
04:43:10,root.bursty0,144,879616
04:43:10,root.batch0,3,-1024
04:43:11,root.default,0,0
04:43:11,root.batch6,0,0
04:43:11,root.batch7,0,0
04:43:11,root.batch1,0,0
04:43:11,root.batch4,0,0
04:43:11,root.batch5,0,0
04:43:11,root.batch2,0,0
04:43:11,root.batch3,0,0
04:43:11,root.bursty1,139,775168
04:43:11,root.bursty0,131,799744
04:43:11,root.bursty2,156,802816
04:43:11,root.batch0,3,-1024
04:43:12,root.default,0,0
04:43:12,root.batch6,0,0
04:43:12,root.batch7,0,0
04:43:12,root.batch1,0,0
04:43:12,root.batch4,0,0
04:43:12,root.batch5,0,0
04:43:12,root.batch2,0,0
04:43:12,root.batch3,0,0
04:43:12,root.bursty1,155,766976
04:43:12,root.bursty2,155,804864
04:43:12,root.bursty0,132,805888
04:43:12,root.batch0,3,-1024
04:43:13,root.default,0,0
04:43:13,root.batch6,0,0
04:43:13,root.batch7,0,0
04:43:13,root.batch1,0,0
04:43:13,root.batch4,0,0
04:43:13,root.batch5,0,0
04:43:13,root.batch2,0,0
04:43:13,root.batch3,0,0
04:43:13,root.bursty0,134,818176
04:43:13,root.bursty1,177,812032
04:43:13,root.bursty2,150,815104
04:43:13,root.batch0,3,-1024
04:43:14,root.default,0,0
04:43:14,root.batch6,0,0
04:43:14,root.batch7,0,0
04:43:14,root.batch1,0,0
04:43:14,root.batch4,0,0
04:43:14,root.batch5,0,0
04:43:14,root.batch2,0,0
04:43:14,root.batch3,0,0
04:43:14,root.bursty0,137,836608
04:43:14,root.bursty1,187,832512
04:43:14,root.bursty2,149,833536
04:43:14,root.batch0,3,-1024
04:43:15,root.default,0,0
04:43:15,root.batch6,0,0
04:43:15,root.batch7,0,0
04:43:15,root.batch1,0,0
04:43:15,root.batch4,0,0
04:43:15,root.batch5,0,0
04:43:15,root.batch2,0,0
04:43:15,root.batch3,0,0
04:43:15,root.bursty1,191,840704
04:43:15,root.bursty2,143,829440
04:43:15,root.bursty0,138,842752
04:43:15,root.batch0,3,-1024
04:43:16,root.default,0,0
04:43:16,root.batch6,0,0
04:43:16,root.batch7,0,0
04:43:16,root.batch1,0,0
04:43:16,root.batch4,0,0
04:43:16,root.batch5,0,0
04:43:16,root.batch2,0,0
04:43:16,root.batch3,0,0
04:43:16,root.bursty0,137,836608
04:43:16,root.bursty2,123,714752
04:43:16,root.bursty1,193,844800
04:43:16,root.batch0,3,-1024
04:43:17,root.default,0,0
04:43:17,root.batch6,0,0
04:43:17,root.batch7,0,0
04:43:17,root.batch1,0,0
04:43:17,root.batch4,0,0
04:43:17,root.batch5,0,0
04:43:17,root.batch2,0,0
04:43:17,root.batch3,0,0
04:43:17,root.bursty2,121,702464
04:43:17,root.bursty1,193,844800
04:43:17,root.bursty0,145,885760
04:43:17,root.batch0,3,-1024
04:43:18,root.default,0,0
04:43:18,root.batch6,0,0
04:43:18,root.batch7,0,0
04:43:18,root.batch1,0,0
04:43:18,root.batch4,0,0
04:43:18,root.batch5,0,0
04:43:18,root.batch2,0,0
04:43:18,root.batch3,0,0
04:43:18,root.bursty2,135,788480
04:43:18,root.bursty1,185,828416
04:43:18,root.bursty0,145,885760
04:43:18,root.batch0,3,-1024
04:43:19,root.default,0,0
04:43:19,root.batch6,0,0
04:43:19,root.batch7,0,0
04:43:19,root.batch1,0,0
04:43:19,root.batch4,0,0
04:43:19,root.batch5,0,0
04:43:19,root.batch2,0,0
04:43:19,root.batch3,0,0
04:43:19,root.bursty1,159,775168
04:43:19,root.bursty0,127,775168
04:43:19,root.bursty2,152,892928
04:43:19,root.batch0,3,-1024
04:43:20,root.default,0,0
04:43:20,root.batch6,0,0
04:43:20,root.batch7,0,0
04:43:20,root.batch1,0,0
04:43:20,root.batch4,0,0
04:43:20,root.batch5,0,0
04:43:20,root.batch2,0,0
04:43:20,root.batch3,0,0
04:43:20,root.bursty0,122,744448
04:43:20,root.bursty1,145,746496
04:43:20,root.bursty2,163,960512
04:43:20,root.batch0,3,-1024
04:43:21,root.default,0,0
04:43:21,root.batch6,0,0
04:43:21,root.batch7,0,0
04:43:21,root.batch1,0,0
04:43:21,root.batch4,0,0
04:43:21,root.batch5,0,0
04:43:21,root.batch2,0,0
04:43:21,root.batch3,0,0
04:43:21,root.bursty1,141,738304
04:43:21,root.bursty0,124,756736
04:43:21,root.bursty2,168,991232
04:43:21,root.batch0,3,-1024
04:43:22,root.default,0,0
04:43:22,root.batch6,0,0
04:43:22,root.batch7,0,0
04:43:22,root.batch1,0,0
04:43:22,root.batch4,0,0
04:43:22,root.batch5,0,0
04:43:22,root.batch2,0,0
04:43:22,root.batch3,0,0
04:43:22,root.bursty0,120,732160
04:43:22,root.bursty1,143,742400
04:43:22,root.bursty2,168,991232
04:43:22,root.batch0,3,-1024
04:43:23,root.default,0,0
04:43:23,root.batch6,0,0
04:43:23,root.batch7,0,0
04:43:23,root.batch1,0,0
04:43:23,root.batch4,0,0
04:43:23,root.batch5,0,0
04:43:23,root.batch2,0,0
04:43:23,root.batch3,0,0
04:43:23,root.bursty1,151,758784
04:43:23,root.bursty0,124,756736
04:43:23,root.bursty2,168,991232
04:43:23,root.batch0,3,-1024
04:43:24,root.default,0,0
04:43:24,root.batch6,0,0
04:43:24,root.batch7,0,0
04:43:24,root.batch1,0,0
04:43:24,root.batch4,0,0
04:43:24,root.batch5,0,0
04:43:24,root.batch2,0,0
04:43:24,root.batch3,0,0
04:43:24,root.bursty1,151,758784
04:43:24,root.bursty0,125,762880
04:43:24,root.bursty2,167,990208
04:43:24,root.batch0,3,-1024
04:43:25,root.default,0,0
04:43:25,root.batch6,0,0
04:43:25,root.batch7,0,0
04:43:25,root.batch1,0,0
04:43:25,root.batch4,0,0
04:43:25,root.batch5,0,0
04:43:25,root.batch2,0,0
04:43:25,root.batch3,0,0
04:43:25,root.bursty0,124,756736
04:43:25,root.bursty1,155,766976
04:43:25,root.bursty2,167,990208
04:43:25,root.batch0,3,-1024
04:43:26,root.default,0,0
04:43:26,root.batch6,0,0
04:43:26,root.batch7,0,0
04:43:26,root.batch1,0,0
04:43:26,root.batch4,0,0
04:43:26,root.batch5,0,0
04:43:26,root.batch2,0,0
04:43:26,root.batch3,0,0
04:43:26,root.bursty0,120,732160
04:43:26,root.bursty1,163,783360
04:43:26,root.bursty2,167,990208
04:43:26,root.batch0,3,-1024
04:43:27,root.default,0,0
04:43:27,root.batch6,0,0
04:43:27,root.batch7,0,0
04:43:27,root.batch1,0,0
04:43:27,root.batch4,0,0
04:43:27,root.batch5,0,0
04:43:27,root.batch2,0,0
04:43:27,root.batch3,0,0
04:43:27,root.bursty0,120,732160
04:43:27,root.bursty1,153,738304
04:43:27,root.bursty2,167,990208
04:43:27,root.batch0,3,-1024
04:43:28,root.default,0,0
04:43:28,root.batch6,0,0
04:43:28,root.batch7,0,0
04:43:28,root.batch1,0,0
04:43:28,root.batch4,0,0
04:43:28,root.batch5,0,0
04:43:28,root.batch2,0,0
04:43:28,root.batch3,0,0
04:43:28,root.bursty1,155,726016
04:43:28,root.bursty0,125,762880
04:43:28,root.bursty2,167,990208
04:43:28,root.batch0,3,-1024
04:43:29,root.default,0,0
04:43:29,root.batch6,0,0
04:43:29,root.batch7,0,0
04:43:29,root.batch1,0,0
04:43:29,root.batch4,0,0
04:43:29,root.batch5,0,0
04:43:29,root.batch2,0,0
04:43:29,root.batch3,0,0
04:43:29,root.bursty1,162,711680
04:43:29,root.bursty0,128,781312
04:43:29,root.bursty2,167,990208
04:43:29,root.batch0,3,-1024
04:43:30,root.default,0,0
04:43:30,root.batch6,0,0
04:43:30,root.batch7,0,0
04:43:30,root.batch1,0,0
04:43:30,root.batch4,0,0
04:43:30,root.batch5,0,0
04:43:30,root.batch2,0,0
04:43:30,root.batch3,0,0
04:43:30,root.bursty1,147,647168
04:43:30,root.bursty0,136,830464
04:43:30,root.bursty2,167,990208
04:43:30,root.batch0,3,-1024
04:43:31,root.default,0,0
04:43:31,root.batch6,0,0
04:43:31,root.batch7,0,0
04:43:31,root.batch1,0,0
04:43:31,root.batch4,0,0
04:43:31,root.batch5,0,0
04:43:31,root.batch2,0,0
04:43:31,root.batch3,0,0
04:43:31,root.bursty1,114,542720
04:43:31,root.bursty0,149,910336
04:43:31,root.bursty2,167,990208
04:43:31,root.batch0,3,-1024
04:43:32,root.default,0,0
04:43:32,root.batch6,0,0
04:43:32,root.batch7,0,0
04:43:32,root.batch1,0,0
04:43:32,root.batch4,0,0
04:43:32,root.batch5,0,0
04:43:32,root.batch2,0,0
04:43:32,root.batch3,0,0
04:43:32,root.bursty1,98,468992
04:43:32,root.bursty0,161,984064
04:43:32,root.bursty2,167,990208
04:43:32,root.batch0,3,-1024
04:43:33,root.default,0,0
04:43:33,root.batch6,0,0
04:43:33,root.batch7,0,0
04:43:33,root.batch1,0,0
04:43:33,root.batch4,0,0
04:43:33,root.batch5,0,0
04:43:33,root.batch2,0,0
04:43:33,root.batch3,0,0
04:43:33,root.bursty1,81,397312
04:43:33,root.bursty2,171,1014784
04:43:33,root.bursty0,171,1045504
04:43:33,root.batch0,3,-1024
04:43:34,root.default,0,0
04:43:34,root.batch6,0,0
04:43:34,root.batch7,0,0
04:43:34,root.batch1,0,0
04:43:34,root.batch4,0,0
04:43:34,root.batch5,0,0
04:43:34,root.batch2,0,0
04:43:34,root.batch3,0,0
04:43:34,root.bursty1,64,333824
04:43:34,root.bursty2,174,1033216
04:43:34,root.bursty0,175,1070080
04:43:34,root.batch0,3,-1024
04:43:35,root.default,0,0
04:43:35,root.batch6,0,0
04:43:35,root.batch7,0,0
04:43:35,root.batch1,0,0
04:43:35,root.batch4,0,0
04:43:35,root.batch5,0,0
04:43:35,root.batch2,0,0
04:43:35,root.batch3,0,0
04:43:35,root.bursty1,54,305152
04:43:35,root.bursty2,179,1063936
04:43:35,root.bursty0,177,1082368
04:43:35,root.batch0,3,-1024
04:43:36,root.default,0,0
04:43:36,root.batch6,0,0
04:43:36,root.batch7,0,0
04:43:36,root.batch1,0,0
04:43:36,root.batch4,0,0
04:43:36,root.batch5,0,0
04:43:36,root.batch2,0,0
04:43:36,root.batch3,0,0
04:43:36,root.bursty1,50,280576
04:43:36,root.bursty2,182,1082368
04:43:36,root.bursty0,178,1088512
04:43:36,root.batch0,3,-1024
04:43:37,root.default,0,0
04:43:37,root.batch6,0,0
04:43:37,root.batch7,0,0
04:43:37,root.batch1,0,0
04:43:37,root.batch4,0,0
04:43:37,root.batch5,0,0
04:43:37,root.batch2,0,0
04:43:37,root.batch3,0,0
04:43:37,root.bursty1,29,167936
04:43:37,root.bursty0,180,1100800
04:43:37,root.bursty2,187,1113088
04:43:37,root.batch0,3,-1024
04:43:38,root.default,0,0
04:43:38,root.batch6,0,0
04:43:38,root.batch7,0,0
04:43:38,root.batch1,0,0
04:43:38,root.batch4,0,0
04:43:38,root.batch5,0,0
04:43:38,root.batch2,0,0
04:43:38,root.batch3,0,0
04:43:38,root.bursty1,12,63488
04:43:38,root.bursty2,194,1156096
04:43:38,root.bursty0,188,1149952
04:43:38,root.batch0,3,-1024
04:43:39,root.default,0,0
04:43:39,root.batch6,0,0
04:43:39,root.batch7,0,0
04:43:39,root.batch1,0,0
04:43:39,root.batch4,0,0
04:43:39,root.batch5,0,0
04:43:39,root.batch2,0,0
04:43:39,root.batch3,0,0
04:43:39,root.bursty1,2,2048
04:43:39,root.bursty2,199,1186816
04:43:39,root.bursty0,199,1217536
04:43:39,root.batch0,3,-1024
04:43:40,root.default,0,0
04:43:40,root.batch6,0,0
04:43:40,root.batch7,0,0
04:43:40,root.batch1,0,0
04:43:40,root.batch4,0,0
04:43:40,root.batch5,0,0
04:43:40,root.batch2,0,0
04:43:40,root.batch3,0,0
04:43:40,root.bursty1,2,2048
04:43:40,root.bursty2,203,1211392
04:43:40,root.bursty0,204,1248256
04:43:40,root.batch0,3,-1024
04:43:41,root.default,0,0
04:43:41,root.batch6,0,0
04:43:41,root.batch7,0,0
04:43:41,root.batch1,0,0
04:43:41,root.batch4,0,0
04:43:41,root.batch5,0,0
04:43:41,root.batch2,0,0
04:43:41,root.batch3,0,0
04:43:41,root.bursty1,2,2048
04:43:41,root.bursty2,199,1186816
04:43:41,root.bursty0,202,1235968
04:43:41,root.batch0,3,-1024
04:43:42,root.default,0,0
04:43:42,root.batch6,0,0
04:43:42,root.batch7,0,0
04:43:42,root.batch1,0,0
04:43:42,root.batch4,0,0
04:43:42,root.batch5,0,0
04:43:42,root.batch2,0,0
04:43:42,root.batch3,0,0
04:43:42,root.bursty1,2,2048
04:43:42,root.bursty2,204,1217536
04:43:42,root.bursty0,200,1223680
04:43:42,root.batch0,3,-1024
04:43:43,root.default,0,0
04:43:43,root.batch6,0,0
04:43:43,root.batch7,0,0
04:43:43,root.batch1,0,0
04:43:43,root.batch4,0,0
04:43:43,root.batch5,0,0
04:43:43,root.batch2,0,0
04:43:43,root.batch3,0,0
04:43:43,root.bursty1,5,20480
04:43:43,root.bursty2,204,1217536
04:43:43,root.bursty0,199,1217536
04:43:43,root.batch0,3,-1024
04:43:44,root.default,0,0
04:43:44,root.batch6,0,0
04:43:44,root.batch7,0,0
04:43:44,root.batch1,0,0
04:43:44,root.batch4,0,0
04:43:44,root.batch5,0,0
04:43:44,root.batch2,0,0
04:43:44,root.batch3,0,0
04:43:44,root.bursty1,17,94208
04:43:44,root.bursty2,189,1125376
04:43:44,root.bursty0,199,1217536
04:43:44,root.batch0,3,-1024
04:43:45,root.default,0,0
04:43:45,root.batch6,0,0
04:43:45,root.batch7,0,0
04:43:45,root.batch1,0,0
04:43:45,root.batch4,0,0
04:43:45,root.batch5,0,0
04:43:45,root.batch2,0,0
04:43:45,root.batch3,0,0
04:43:45,root.bursty1,32,191488
04:43:45,root.bursty2,177,1051648
04:43:45,root.bursty0,197,1205248
04:43:45,root.batch0,3,-1024
04:43:46,root.default,0,0
04:43:46,root.batch6,0,0
04:43:46,root.batch7,0,0
04:43:46,root.batch1,0,0
04:43:46,root.batch4,0,0
04:43:46,root.batch5,0,0
04:43:46,root.batch2,0,0
04:43:46,root.batch3,0,0
04:43:46,root.bursty1,53,320512
04:43:46,root.bursty2,161,953344
04:43:46,root.bursty0,192,1174528
04:43:46,root.batch0,3,-1024
04:43:47,root.default,0,0
04:43:47,root.batch6,0,0
04:43:47,root.batch7,0,0
04:43:47,root.batch1,0,0
04:43:47,root.batch4,0,0
04:43:47,root.batch5,0,0
04:43:47,root.batch2,0,0
04:43:47,root.batch3,0,0
04:43:47,root.bursty1,71,431104
04:43:47,root.bursty2,146,861184
04:43:47,root.bursty0,188,1149952
04:43:47,root.batch0,3,-1024
04:43:48,root.default,0,0
04:43:48,root.batch6,0,0
04:43:48,root.batch7,0,0
04:43:48,root.batch1,0,0
04:43:48,root.batch4,0,0
04:43:48,root.batch5,0,0
04:43:48,root.batch2,0,0
04:43:48,root.batch3,0,0
04:43:48,root.bursty1,84,510976
04:43:48,root.bursty2,137,805888
04:43:48,root.bursty0,182,1113088
04:43:48,root.batch0,3,-1024
04:43:49,root.default,0,0
04:43:49,root.batch6,0,0
04:43:49,root.batch7,0,0
04:43:49,root.batch1,0,0
04:43:49,root.batch4,0,0
04:43:49,root.batch5,0,0
04:43:49,root.batch2,0,0
04:43:49,root.batch3,0,0
04:43:49,root.bursty1,106,646144
04:43:49,root.bursty2,118,689152
04:43:49,root.bursty0,180,1100800
04:43:49,root.batch0,3,-1024
04:43:50,root.default,0,0
04:43:50,root.batch6,0,0
04:43:50,root.batch7,0,0
04:43:50,root.batch1,0,0
04:43:50,root.batch4,0,0
04:43:50,root.batch5,0,0
04:43:50,root.batch2,0,0
04:43:50,root.batch3,0,0
04:43:50,root.bursty2,105,609280
04:43:50,root.bursty1,128,781312
04:43:50,root.bursty0,155,947200
04:43:50,root.batch0,3,-1024
04:43:51,root.default,0,0
04:43:51,root.batch6,0,0
04:43:51,root.batch7,0,0
04:43:51,root.batch1,0,0
04:43:51,root.batch4,0,0
04:43:51,root.batch5,0,0
04:43:51,root.batch2,0,0
04:43:51,root.batch3,0,0
04:43:51,root.bursty2,122,713728
04:43:51,root.bursty1,131,799744
04:43:51,root.bursty0,138,842752
04:43:51,root.batch0,3,-1024
04:43:52,root.default,0,0
04:43:52,root.batch6,0,0
04:43:52,root.batch7,0,0
04:43:52,root.batch1,0,0
04:43:52,root.batch4,0,0
04:43:52,root.batch5,0,0
04:43:52,root.batch2,0,0
04:43:52,root.batch3,0,0
04:43:52,root.bursty1,133,812032
04:43:52,root.bursty2,139,818176
04:43:52,root.bursty0,128,781312
04:43:52,root.batch0,3,-1024
04:43:53,root.default,0,0
04:43:53,root.batch6,0,0
04:43:53,root.batch7,0,0
04:43:53,root.batch1,0,0
04:43:53,root.batch4,0,0
04:43:53,root.batch5,0,0
04:43:53,root.batch2,0,0
04:43:53,root.batch3,0,0
04:43:53,root.bursty0,148,814080
04:43:53,root.bursty1,136,830464
04:43:53,root.bursty2,144,848896
04:43:53,root.batch0,3,-1024
04:43:54,root.default,0,0
04:43:54,root.batch6,0,0
04:43:54,root.batch7,0,0
04:43:54,root.batch1,0,0
04:43:54,root.batch4,0,0
04:43:54,root.batch5,0,0
04:43:54,root.batch2,0,0
04:43:54,root.batch3,0,0
04:43:54,root.bursty1,136,830464
04:43:54,root.bursty0,149,779264
04:43:54,root.bursty2,144,848896
04:43:54,root.batch0,3,-1024
04:43:55,root.default,0,0
04:43:55,root.batch6,0,0
04:43:55,root.batch7,0,0
04:43:55,root.batch1,0,0
04:43:55,root.batch4,0,0
04:43:55,root.batch5,0,0
04:43:55,root.batch2,0,0
04:43:55,root.batch3,0,0
04:43:55,root.bursty0,145,721920
04:43:55,root.bursty1,141,861184
04:43:55,root.bursty2,146,861184
04:43:55,root.batch0,3,-1024
04:43:56,root.default,0,0
04:43:56,root.batch6,0,0
04:43:56,root.batch7,0,0
04:43:56,root.batch1,0,0
04:43:56,root.batch4,0,0
04:43:56,root.batch5,0,0
04:43:56,root.batch2,0,0
04:43:56,root.batch3,0,0
04:43:56,root.bursty0,157,713728
04:43:56,root.bursty1,142,867328
04:43:56,root.bursty2,151,891904
04:43:56,root.batch0,3,-1024
04:43:57,root.default,0,0
04:43:57,root.batch6,0,0
04:43:57,root.batch7,0,0
04:43:57,root.batch1,0,0
04:43:57,root.batch4,0,0
04:43:57,root.batch5,0,0
04:43:57,root.batch2,0,0
04:43:57,root.batch3,0,0
04:43:57,root.bursty0,165,713728
04:43:57,root.bursty1,143,873472
04:43:57,root.bursty2,156,922624
04:43:57,root.batch0,3,-1024
04:43:58,root.default,0,0
04:43:58,root.batch6,0,0
04:43:58,root.batch7,0,0
04:43:58,root.batch1,0,0
04:43:58,root.batch4,0,0
04:43:58,root.batch5,0,0
04:43:58,root.batch2,0,0
04:43:58,root.batch3,0,0
04:43:58,root.bursty0,173,697344
04:43:58,root.bursty1,143,873472
04:43:58,root.bursty2,156,922624
04:43:58,root.batch0,3,-1024
04:43:59,root.default,0,0
04:43:59,root.batch6,0,0
04:43:59,root.batch7,0,0
04:43:59,root.batch1,0,0
04:43:59,root.batch4,0,0
04:43:59,root.batch5,0,0
04:43:59,root.batch2,0,0
04:43:59,root.batch3,0,0
04:43:59,root.bursty0,172,650240
04:43:59,root.bursty1,144,879616
04:43:59,root.bursty2,157,928768
04:43:59,root.batch0,3,-1024
04:44:00,root.default,0,0
04:44:00,root.batch6,0,0
04:44:00,root.batch7,0,0
04:44:00,root.batch1,0,0
04:44:00,root.batch4,0,0
04:44:00,root.batch5,0,0
04:44:00,root.batch2,0,0
04:44:00,root.batch3,0,0
04:44:00,root.bursty0,184,625664
04:44:00,root.bursty1,145,885760
04:44:00,root.bursty2,157,928768
04:44:00,root.batch0,3,-1024
04:44:02,root.default,0,0
04:44:02,root.batch6,0,0
04:44:02,root.batch7,0,0
04:44:02,root.batch1,0,0
04:44:02,root.batch4,0,0
04:44:02,root.batch5,0,0
04:44:02,root.batch2,0,0
04:44:02,root.batch3,0,0
04:44:02,root.bursty0,202,596992
04:44:02,root.bursty1,145,885760
04:44:02,root.bursty2,160,947200
04:44:02,root.batch0,3,-1024
04:44:03,root.default,0,0
04:44:03,root.batch6,0,0
04:44:03,root.batch7,0,0
04:44:03,root.batch1,0,0
04:44:03,root.batch4,0,0
04:44:03,root.batch5,0,0
04:44:03,root.batch2,0,0
04:44:03,root.batch3,0,0
04:44:03,root.bursty0,146,441344
04:44:03,root.bursty2,164,971776
04:44:03,root.bursty1,160,977920
04:44:03,root.batch0,3,-1024
04:44:04,root.default,0,0
04:44:04,root.batch6,0,0
04:44:04,root.batch7,0,0
04:44:04,root.batch1,0,0
04:44:04,root.batch4,0,0
04:44:04,root.batch5,0,0
04:44:04,root.batch2,0,0
04:44:04,root.batch3,0,0
04:44:04,root.bursty0,121,377856
04:44:04,root.bursty2,175,1039360
04:44:04,root.bursty1,171,1045504
04:44:04,root.batch0,3,-1024
04:44:05,root.default,0,0
04:44:05,root.batch6,0,0
04:44:05,root.batch7,0,0
04:44:05,root.batch1,0,0
04:44:05,root.batch4,0,0
04:44:05,root.batch5,0,0
04:44:05,root.batch2,0,0
04:44:05,root.batch3,0,0
04:44:05,root.bursty0,103,332800
04:44:05,root.bursty2,181,1076224
04:44:05,root.bursty1,176,1076224
04:44:05,root.batch0,3,-1024
04:44:06,root.default,0,0
04:44:06,root.batch6,0,0
04:44:06,root.batch7,0,0
04:44:06,root.batch1,0,0
04:44:06,root.batch4,0,0
04:44:06,root.batch5,0,0
04:44:06,root.batch2,0,0
04:44:06,root.batch3,0,0
04:44:06,root.bursty0,92,306176
04:44:06,root.bursty1,177,1082368
04:44:06,root.bursty2,183,1088512
04:44:06,root.batch0,3,-1024
04:44:07,root.default,0,0
04:44:07,root.batch6,0,0
04:44:07,root.batch7,0,0
04:44:07,root.batch1,0,0
04:44:07,root.batch4,0,0
04:44:07,root.batch5,0,0
04:44:07,root.batch2,0,0
04:44:07,root.batch3,0,0
04:44:07,root.bursty0,47,193536
04:44:07,root.bursty1,183,1119232
04:44:07,root.bursty2,188,1119232
04:44:07,root.batch0,3,-1024
04:44:08,root.default,0,0
04:44:08,root.batch6,0,0
04:44:08,root.batch7,0,0
04:44:08,root.batch1,0,0
04:44:08,root.batch4,0,0
04:44:08,root.batch5,0,0
04:44:08,root.batch2,0,0
04:44:08,root.batch3,0,0
04:44:08,root.bursty0,20,117760
04:44:08,root.bursty1,189,1156096
04:44:08,root.bursty2,193,1149952
04:44:08,root.batch0,3,-1024
04:44:09,root.default,0,0
04:44:09,root.batch6,0,0
04:44:09,root.batch7,0,0
04:44:09,root.batch1,0,0
04:44:09,root.batch4,0,0
04:44:09,root.batch5,0,0
04:44:09,root.batch2,0,0
04:44:09,root.batch3,0,0
04:44:09,root.bursty0,8,44032
04:44:09,root.bursty2,197,1174528
04:44:09,root.bursty1,194,1186816
04:44:09,root.batch0,3,-1024
04:44:10,root.default,0,0
04:44:10,root.batch6,0,0
04:44:10,root.batch7,0,0
04:44:10,root.batch1,0,0
04:44:10,root.batch4,0,0
04:44:10,root.batch5,0,0
04:44:10,root.batch2,0,0
04:44:10,root.batch3,0,0
04:44:10,root.bursty0,4,19456
04:44:10,root.bursty1,198,1211392
04:44:10,root.bursty2,203,1211392
04:44:10,root.batch0,3,-1024
04:44:11,root.default,0,0
04:44:11,root.batch6,0,0
04:44:11,root.batch7,0,0
04:44:11,root.batch1,0,0
04:44:11,root.batch4,0,0
04:44:11,root.batch5,0,0
04:44:11,root.batch2,0,0
04:44:11,root.batch3,0,0
04:44:11,root.bursty0,3,13312
04:44:11,root.bursty1,198,1211392
04:44:11,root.bursty2,207,1235968
04:44:11,root.batch0,3,-1024
04:44:12,root.default,0,0
04:44:12,root.batch6,0,0
04:44:12,root.batch7,0,0
04:44:12,root.batch1,0,0
04:44:12,root.batch4,0,0
04:44:12,root.batch5,0,0
04:44:12,root.batch2,0,0
04:44:12,root.batch3,0,0
04:44:12,root.bursty0,2,7168
04:44:12,root.bursty2,202,1205248
04:44:12,root.bursty1,204,1248256
04:44:12,root.batch0,3,-1024
04:44:13,root.default,0,0
04:44:13,root.batch6,0,0
04:44:13,root.batch7,0,0
04:44:13,root.batch1,0,0
04:44:13,root.batch4,0,0
04:44:13,root.batch5,0,0
04:44:13,root.batch2,0,0
04:44:13,root.batch3,0,0
04:44:13,root.bursty0,1,1024
04:44:13,root.bursty2,201,1199104
04:44:13,root.bursty1,206,1260544
04:44:13,root.batch0,3,-1024
04:44:14,root.default,0,0
04:44:14,root.batch6,0,0
04:44:14,root.batch7,0,0
04:44:14,root.batch1,0,0
04:44:14,root.batch4,0,0
04:44:14,root.batch5,0,0
04:44:14,root.batch2,0,0
04:44:14,root.batch3,0,0
04:44:14,root.bursty0,1,1024
04:44:14,root.bursty2,206,1229824
04:44:14,root.bursty1,202,1235968
04:44:14,root.batch0,3,-1024
04:44:15,root.default,0,0
04:44:15,root.batch6,0,0
04:44:15,root.batch7,0,0
04:44:15,root.batch1,0,0
04:44:15,root.batch4,0,0
04:44:15,root.batch5,0,0
04:44:15,root.batch2,0,0
04:44:15,root.batch3,0,0
04:44:15,root.bursty0,1,1024
04:44:15,root.bursty1,195,1192960
04:44:15,root.bursty2,212,1266688
04:44:15,root.batch0,3,-1024
04:44:16,root.default,0,0
04:44:16,root.batch6,0,0
04:44:16,root.batch7,0,0
04:44:16,root.batch1,0,0
04:44:16,root.batch4,0,0
04:44:16,root.batch5,0,0
04:44:16,root.batch2,0,0
04:44:16,root.batch3,0,0
04:44:16,root.bursty0,1,1024
04:44:16,root.bursty1,185,1131520
04:44:16,root.bursty2,219,1309696
04:44:16,root.batch0,3,-1024
04:44:17,root.default,0,0
04:44:17,root.batch6,0,0
04:44:17,root.batch7,0,0
04:44:17,root.batch1,0,0
04:44:17,root.batch4,0,0
04:44:17,root.batch5,0,0
04:44:17,root.batch2,0,0
04:44:17,root.batch3,0,0
04:44:17,root.bursty0,1,1024
04:44:17,root.bursty1,186,1137664
04:44:17,root.bursty2,222,1328128
04:44:17,root.batch0,3,-1024
04:44:18,root.default,0,0
04:44:18,root.batch6,0,0
04:44:18,root.batch7,0,0
04:44:18,root.batch1,0,0
04:44:18,root.batch4,0,0
04:44:18,root.batch5,0,0
04:44:18,root.batch2,0,0
04:44:18,root.batch3,0,0
04:44:18,root.bursty0,1,1024
04:44:18,root.bursty1,183,1119232
04:44:18,root.bursty2,225,1346560
04:44:18,root.batch0,3,-1024
04:44:19,root.bursty0,0,0
04:44:19,root.default,0,0
04:44:19,root.batch6,0,0
04:44:19,root.batch7,0,0
04:44:19,root.batch1,0,0
04:44:19,root.batch4,0,0
04:44:19,root.batch5,0,0
04:44:19,root.batch2,0,0
04:44:19,root.batch3,0,0
04:44:19,root.bursty1,183,1119232
04:44:19,root.bursty2,225,1346560
04:44:19,root.batch0,3,-1024
04:44:20,root.bursty0,0,0
04:44:20,root.default,0,0
04:44:20,root.batch6,0,0
04:44:20,root.batch7,0,0
04:44:20,root.batch1,0,0
04:44:20,root.batch4,0,0
04:44:20,root.batch5,0,0
04:44:20,root.batch2,0,0
04:44:20,root.batch3,0,0
04:44:20,root.bursty1,181,1106944
04:44:20,root.bursty2,225,1346560
04:44:20,root.batch0,3,-1024
04:44:21,root.bursty0,0,0
04:44:21,root.default,0,0
04:44:21,root.batch6,0,0
04:44:21,root.batch7,0,0
04:44:21,root.batch1,0,0
04:44:21,root.batch4,0,0
04:44:21,root.batch5,0,0
04:44:21,root.batch2,0,0
04:44:21,root.batch3,0,0
04:44:21,root.bursty1,185,1131520
04:44:21,root.bursty2,220,1315840
04:44:21,root.batch0,3,-1024
04:44:22,root.bursty0,0,0
04:44:22,root.default,0,0
04:44:22,root.batch6,0,0
04:44:22,root.batch7,0,0
04:44:22,root.batch1,0,0
04:44:22,root.batch4,0,0
04:44:22,root.batch5,0,0
04:44:22,root.batch2,0,0
04:44:22,root.batch3,0,0
04:44:22,root.bursty2,205,1223680
04:44:22,root.bursty1,202,1235968
04:44:22,root.batch0,3,-1024
04:44:23,root.bursty0,0,0
04:44:23,root.default,0,0
04:44:23,root.batch6,0,0
04:44:23,root.batch7,0,0
04:44:23,root.batch1,0,0
04:44:23,root.batch4,0,0
04:44:23,root.batch5,0,0
04:44:23,root.batch2,0,0
04:44:23,root.batch3,0,0
04:44:23,root.bursty2,230,1238016
04:44:23,root.bursty1,203,1242112
04:44:23,root.batch0,3,-1024
04:44:24,root.bursty0,0,0
04:44:24,root.default,0,0
04:44:24,root.batch6,0,0
04:44:24,root.batch7,0,0
04:44:24,root.batch1,0,0
04:44:24,root.batch4,0,0
04:44:24,root.batch5,0,0
04:44:24,root.batch2,0,0
04:44:24,root.batch3,0,0
04:44:24,root.bursty1,205,1254400
04:44:24,root.bursty2,234,1254400
04:44:24,root.batch0,3,-1024
04:44:25,root.bursty0,0,0
04:44:25,root.default,0,0
04:44:25,root.batch6,0,0
04:44:25,root.batch7,0,0
04:44:25,root.batch1,0,0
04:44:25,root.batch4,0,0
04:44:25,root.batch5,0,0
04:44:25,root.batch2,0,0
04:44:25,root.batch3,0,0
04:44:25,root.bursty2,240,1258496
04:44:25,root.bursty1,207,1266688
04:44:25,root.batch0,3,-1024
04:44:26,root.bursty0,0,0
04:44:26,root.default,0,0
04:44:26,root.batch6,0,0
04:44:26,root.batch7,0,0
04:44:26,root.batch1,0,0
04:44:26,root.batch4,0,0
04:44:26,root.batch5,0,0
04:44:26,root.batch2,0,0
04:44:26,root.batch3,0,0
04:44:26,root.bursty2,245,1231872
04:44:26,root.bursty1,211,1291264
04:44:26,root.batch0,3,-1024
04:44:27,root.bursty0,0,0
04:44:27,root.default,0,0
04:44:27,root.batch6,0,0
04:44:27,root.batch7,0,0
04:44:27,root.batch1,0,0
04:44:27,root.batch4,0,0
04:44:27,root.batch5,0,0
04:44:27,root.batch2,0,0
04:44:27,root.batch3,0,0
04:44:27,root.bursty2,248,1217536
04:44:27,root.bursty1,215,1315840
04:44:27,root.batch0,3,-1024
04:44:28,root.bursty0,0,0
04:44:28,root.default,0,0
04:44:28,root.batch6,0,0
04:44:28,root.batch7,0,0
04:44:28,root.batch1,0,0
04:44:28,root.batch4,0,0
04:44:28,root.batch5,0,0
04:44:28,root.batch2,0,0
04:44:28,root.batch3,0,0
04:44:28,root.bursty2,246,1197056
04:44:28,root.bursty1,218,1334272
04:44:28,root.batch0,3,-1024
04:44:29,root.bursty0,0,0
04:44:29,root.default,0,0
04:44:29,root.batch6,0,0
04:44:29,root.batch7,0,0
04:44:29,root.batch1,0,0
04:44:29,root.batch4,0,0
04:44:29,root.batch5,0,0
04:44:29,root.batch2,0,0
04:44:29,root.batch3,0,0
04:44:29,root.bursty2,254,1213440
04:44:29,root.bursty1,216,1321984
04:44:29,root.batch0,3,-1024
04:44:30,root.bursty0,0,0
04:44:30,root.default,0,0
04:44:30,root.batch6,0,0
04:44:30,root.batch7,0,0
04:44:30,root.batch1,0,0
04:44:30,root.batch4,0,0
04:44:30,root.batch5,0,0
04:44:30,root.batch2,0,0
04:44:30,root.batch3,0,0
04:44:30,root.bursty2,251,1203200
04:44:30,root.bursty1,217,1328128
04:44:30,root.batch0,3,-1024
04:44:31,root.bursty0,0,0
04:44:31,root.default,0,0
04:44:31,root.batch6,0,0
04:44:31,root.batch7,0,0
04:44:31,root.batch1,0,0
04:44:31,root.batch4,0,0
04:44:31,root.batch5,0,0
04:44:31,root.batch2,0,0
04:44:31,root.batch3,0,0
04:44:31,root.bursty2,255,1211392
04:44:31,root.bursty1,216,1321984
04:44:31,root.batch0,3,-1024
04:44:32,root.bursty0,0,0
04:44:32,root.default,0,0
04:44:32,root.batch6,0,0
04:44:32,root.batch7,0,0
04:44:32,root.batch1,0,0
04:44:32,root.batch4,0,0
04:44:32,root.batch5,0,0
04:44:32,root.batch2,0,0
04:44:32,root.batch3,0,0
04:44:32,root.bursty2,243,1154048
04:44:32,root.bursty1,217,1328128
04:44:32,root.batch0,3,-1024
04:44:33,root.default,0,0
04:44:33,root.batch6,0,0
04:44:33,root.batch7,0,0
04:44:33,root.batch1,0,0
04:44:33,root.batch4,0,0
04:44:33,root.batch5,0,0
04:44:33,root.batch2,0,0
04:44:33,root.batch3,0,0
04:44:33,root.bursty0,1,1024
04:44:33,root.bursty2,253,1174528
04:44:33,root.bursty1,207,1266688
04:44:33,root.batch0,3,-1024
04:44:34,root.default,0,0
04:44:34,root.batch6,0,0
04:44:34,root.batch7,0,0
04:44:34,root.batch1,0,0
04:44:34,root.batch4,0,0
04:44:34,root.batch5,0,0
04:44:34,root.batch2,0,0
04:44:34,root.batch3,0,0
04:44:34,root.bursty0,1,1024
04:44:34,root.bursty1,205,1254400
04:44:34,root.bursty2,253,1182720
04:44:34,root.batch0,3,-1024
04:44:35,root.default,0,0
04:44:35,root.batch6,0,0
04:44:35,root.batch7,0,0
04:44:35,root.batch1,0,0
04:44:35,root.batch4,0,0
04:44:35,root.batch5,0,0
04:44:35,root.batch2,0,0
04:44:35,root.batch3,0,0
04:44:35,root.bursty0,1,1024
04:44:35,root.bursty2,256,1209344
04:44:35,root.bursty1,207,1266688
04:44:35,root.batch0,3,-1024
04:44:36,root.default,0,0
04:44:36,root.batch6,0,0
04:44:36,root.batch7,0,0
04:44:36,root.batch1,0,0
04:44:36,root.batch4,0,0
04:44:36,root.batch5,0,0
04:44:36,root.batch2,0,0
04:44:36,root.batch3,0,0
04:44:36,root.bursty0,1,1024
04:44:36,root.bursty2,237,1149952
04:44:36,root.bursty1,207,1266688
04:44:36,root.batch0,3,-1024
04:44:37,root.default,0,0
04:44:37,root.batch6,0,0
04:44:37,root.batch7,0,0
04:44:37,root.batch1,0,0
04:44:37,root.batch4,0,0
04:44:37,root.batch5,0,0
04:44:37,root.batch2,0,0
04:44:37,root.batch3,0,0
04:44:37,root.bursty0,1,1024
04:44:37,root.bursty1,203,1242112
04:44:37,root.bursty2,235,1186816
04:44:37,root.batch0,3,-1024
04:44:38,root.default,0,0
04:44:38,root.batch6,0,0
04:44:38,root.batch7,0,0
04:44:38,root.batch1,0,0
04:44:38,root.batch4,0,0
04:44:38,root.batch5,0,0
04:44:38,root.batch2,0,0
04:44:38,root.batch3,0,0
04:44:38,root.bursty0,1,1024
04:44:38,root.bursty2,215,1129472
04:44:38,root.bursty1,206,1260544
04:44:38,root.batch0,3,-1024
04:44:39,root.default,0,0
04:44:39,root.batch6,0,0
04:44:39,root.batch7,0,0
04:44:39,root.batch1,0,0
04:44:39,root.batch4,0,0
04:44:39,root.batch5,0,0
04:44:39,root.batch2,0,0
04:44:39,root.batch3,0,0
04:44:39,root.bursty0,1,1024
04:44:39,root.bursty2,203,1121280
04:44:39,root.bursty1,206,1260544
04:44:39,root.batch0,3,-1024
04:44:40,root.default,0,0
04:44:40,root.batch6,0,0
04:44:40,root.batch7,0,0
04:44:40,root.batch1,0,0
04:44:40,root.batch4,0,0
04:44:40,root.batch5,0,0
04:44:40,root.batch2,0,0
04:44:40,root.batch3,0,0
04:44:40,root.bursty0,1,1024
04:44:40,root.bursty2,207,1170432
04:44:40,root.bursty1,203,1242112
04:44:40,root.batch0,3,-1024
04:44:41,root.default,0,0
04:44:41,root.batch6,0,0
04:44:41,root.batch7,0,0
04:44:41,root.batch1,0,0
04:44:41,root.batch4,0,0
04:44:41,root.batch5,0,0
04:44:41,root.batch2,0,0
04:44:41,root.batch3,0,0
04:44:41,root.bursty0,1,1024
04:44:41,root.bursty2,205,1158144
04:44:41,root.bursty1,198,1211392
04:44:41,root.batch0,3,-1024
04:44:42,root.default,0,0
04:44:42,root.batch6,0,0
04:44:42,root.batch7,0,0
04:44:42,root.batch1,0,0
04:44:42,root.batch4,0,0
04:44:42,root.batch5,0,0
04:44:42,root.batch2,0,0
04:44:42,root.batch3,0,0
04:44:42,root.bursty0,1,1024
04:44:42,root.bursty1,196,1199104
04:44:42,root.bursty2,204,1168384
04:44:42,root.batch0,3,-1024
04:44:43,root.default,0,0
04:44:43,root.batch6,0,0
04:44:43,root.batch7,0,0
04:44:43,root.batch1,0,0
04:44:43,root.batch4,0,0
04:44:43,root.batch5,0,0
04:44:43,root.batch2,0,0
04:44:43,root.batch3,0,0
04:44:43,root.bursty0,5,25600
04:44:43,root.bursty1,200,1223680
04:44:43,root.bursty2,197,1133568
04:44:43,root.batch0,3,-1024
04:44:44,root.default,0,0
04:44:44,root.batch6,0,0
04:44:44,root.batch7,0,0
04:44:44,root.batch1,0,0
04:44:44,root.batch4,0,0
04:44:44,root.batch5,0,0
04:44:44,root.batch2,0,0
04:44:44,root.batch3,0,0
04:44:44,root.bursty0,15,87040
04:44:44,root.bursty2,191,1104896
04:44:44,root.bursty1,195,1192960
04:44:44,root.batch0,3,-1024
04:44:45,root.default,0,0
04:44:45,root.batch6,0,0
04:44:45,root.batch7,0,0
04:44:45,root.batch1,0,0
04:44:45,root.batch4,0,0
04:44:45,root.batch5,0,0
04:44:45,root.batch2,0,0
04:44:45,root.batch3,0,0
04:44:45,root.bursty0,26,154624
04:44:45,root.bursty2,184,1070080
04:44:45,root.bursty1,186,1137664
04:44:45,root.batch0,3,-1024
04:44:46,root.default,0,0
04:44:46,root.batch6,0,0
04:44:46,root.batch7,0,0
04:44:46,root.batch1,0,0
04:44:46,root.batch4,0,0
04:44:46,root.batch5,0,0
04:44:46,root.batch2,0,0
04:44:46,root.batch3,0,0
04:44:46,root.bursty0,43,259072
04:44:46,root.bursty2,178,1041408
04:44:46,root.bursty1,168,1027072
04:44:46,root.batch0,3,-1024
04:44:47,root.default,0,0
04:44:47,root.batch6,0,0
04:44:47,root.batch7,0,0
04:44:47,root.batch1,0,0
04:44:47,root.batch4,0,0
04:44:47,root.batch5,0,0
04:44:47,root.batch2,0,0
04:44:47,root.batch3,0,0
04:44:47,root.bursty0,66,400384
04:44:47,root.bursty1,155,947200
04:44:47,root.bursty2,172,1020928
04:44:47,root.batch0,3,-1024
04:44:48,root.default,0,0
04:44:48,root.batch6,0,0
04:44:48,root.batch7,0,0
04:44:48,root.batch1,0,0
04:44:48,root.batch4,0,0
04:44:48,root.batch5,0,0
04:44:48,root.batch2,0,0
04:44:48,root.batch3,0,0
04:44:48,root.bursty0,83,504832
04:44:48,root.bursty1,143,873472
04:44:48,root.bursty2,173,1027072
04:44:48,root.batch0,3,-1024
04:44:49,root.default,0,0
04:44:49,root.batch6,0,0
04:44:49,root.batch7,0,0
04:44:49,root.batch1,0,0
04:44:49,root.batch4,0,0
04:44:49,root.batch5,0,0
04:44:49,root.batch2,0,0
04:44:49,root.batch3,0,0
04:44:49,root.bursty0,94,572416
04:44:49,root.bursty1,121,738304
04:44:49,root.bursty2,172,1020928
04:44:49,root.batch0,3,-1024
04:44:50,root.default,0,0
04:44:50,root.batch6,0,0
04:44:50,root.batch7,0,0
04:44:50,root.batch1,0,0
04:44:50,root.batch4,0,0
04:44:50,root.batch5,0,0
04:44:50,root.batch2,0,0
04:44:50,root.batch3,0,0
04:44:50,root.bursty0,118,719872
04:44:50,root.bursty1,97,590848
04:44:50,root.bursty2,172,1020928
04:44:50,root.batch0,3,-1024
04:44:51,root.default,0,0
04:44:51,root.batch6,0,0
04:44:51,root.batch7,0,0
04:44:51,root.batch1,0,0
04:44:51,root.batch4,0,0
04:44:51,root.batch5,0,0
04:44:51,root.batch2,0,0
04:44:51,root.batch3,0,0
04:44:51,root.bursty1,84,510976
04:44:51,root.bursty0,137,836608
04:44:51,root.bursty2,168,996352
04:44:51,root.batch0,3,-1024
04:44:52,root.default,0,0
04:44:52,root.batch6,0,0
04:44:52,root.batch7,0,0
04:44:52,root.batch1,0,0
04:44:52,root.batch4,0,0
04:44:52,root.batch5,0,0
04:44:52,root.batch2,0,0
04:44:52,root.batch3,0,0
04:44:52,root.bursty1,97,590848
04:44:52,root.bursty0,139,848896
04:44:52,root.bursty2,164,971776
04:44:52,root.batch0,3,-1024
04:44:53,root.default,0,0
04:44:53,root.batch6,0,0
04:44:53,root.batch7,0,0
04:44:53,root.batch1,0,0
04:44:53,root.batch4,0,0
04:44:53,root.batch5,0,0
04:44:53,root.batch2,0,0
04:44:53,root.batch3,0,0
04:44:53,root.bursty1,102,621568
04:44:53,root.bursty0,139,848896
04:44:53,root.bursty2,162,959488
04:44:53,root.batch0,3,-1024
04:44:54,root.default,0,0
04:44:54,root.batch6,0,0
04:44:54,root.batch7,0,0
04:44:54,root.batch1,0,0
04:44:54,root.batch4,0,0
04:44:54,root.batch5,0,0
04:44:54,root.batch2,0,0
04:44:54,root.batch3,0,0
04:44:54,root.bursty1,104,633856
04:44:54,root.bursty0,139,848896
04:44:54,root.bursty2,162,959488
04:44:54,root.batch0,3,-1024
04:44:55,root.default,0,0
04:44:55,root.batch6,0,0
04:44:55,root.batch7,0,0
04:44:55,root.batch1,0,0
04:44:55,root.batch4,0,0
04:44:55,root.batch5,0,0
04:44:55,root.batch2,0,0
04:44:55,root.batch3,0,0
04:44:55,root.bursty1,102,621568
04:44:55,root.bursty0,139,848896
04:44:55,root.bursty2,162,959488
04:44:55,root.batch0,3,-1024
04:44:57,root.default,0,0
04:44:57,root.batch6,0,0
04:44:57,root.batch7,0,0
04:44:57,root.batch1,0,0
04:44:57,root.batch4,0,0
04:44:57,root.batch5,0,0
04:44:57,root.batch2,0,0
04:44:57,root.batch3,0,0
04:44:57,root.bursty1,102,621568
04:44:57,root.bursty0,140,855040
04:44:57,root.bursty2,162,959488
04:44:57,root.batch0,3,-1024
04:44:58,root.default,0,0
04:44:58,root.batch6,0,0
04:44:58,root.batch7,0,0
04:44:58,root.batch1,0,0
04:44:58,root.batch4,0,0
04:44:58,root.batch5,0,0
04:44:58,root.batch2,0,0
04:44:58,root.batch3,0,0
04:44:58,root.bursty1,103,627712
04:44:58,root.bursty0,140,855040
04:44:58,root.bursty2,162,959488
04:44:58,root.batch0,3,-1024
04:44:59,root.default,0,0
04:44:59,root.batch6,0,0
04:44:59,root.batch7,0,0
04:44:59,root.batch1,0,0
04:44:59,root.batch4,0,0
04:44:59,root.batch5,0,0
04:44:59,root.batch2,0,0
04:44:59,root.batch3,0,0
04:44:59,root.bursty1,107,652288
04:44:59,root.bursty0,140,855040
04:44:59,root.bursty2,162,959488
04:44:59,root.batch0,3,-1024
04:45:00,root.default,0,0
04:45:00,root.batch6,0,0
04:45:00,root.batch7,0,0
04:45:00,root.batch1,0,0
04:45:00,root.batch4,0,0
04:45:00,root.batch5,0,0
04:45:00,root.batch2,0,0
04:45:00,root.batch3,0,0
04:45:00,root.bursty1,106,646144
04:45:00,root.bursty0,140,855040
04:45:00,root.bursty2,161,958464
04:45:00,root.batch0,3,-1024
04:45:01,root.default,0,0
04:45:01,root.batch6,0,0
04:45:01,root.batch7,0,0
04:45:01,root.batch1,0,0
04:45:01,root.batch4,0,0
04:45:01,root.batch5,0,0
04:45:01,root.batch2,0,0
04:45:01,root.batch3,0,0
04:45:01,root.bursty1,107,652288
04:45:01,root.bursty0,140,855040
04:45:01,root.bursty2,161,958464
04:45:01,root.batch0,3,-1024
04:45:02,root.default,0,0
04:45:02,root.batch6,0,0
04:45:02,root.batch7,0,0
04:45:02,root.batch1,0,0
04:45:02,root.batch4,0,0
04:45:02,root.batch5,0,0
04:45:02,root.batch2,0,0
04:45:02,root.batch3,0,0
04:45:02,root.bursty1,104,633856
04:45:02,root.bursty0,140,855040
04:45:02,root.bursty2,161,958464
04:45:02,root.batch0,3,-1024
04:45:03,root.default,0,0
04:45:03,root.batch6,0,0
04:45:03,root.batch7,0,0
04:45:03,root.batch1,0,0
04:45:03,root.batch4,0,0
04:45:03,root.batch5,0,0
04:45:03,root.batch2,0,0
04:45:03,root.batch3,0,0
04:45:03,root.bursty1,106,646144
04:45:03,root.bursty0,140,855040
04:45:03,root.bursty2,155,921600
04:45:03,root.batch0,3,-1024
04:45:04,root.default,0,0
04:45:04,root.batch6,0,0
04:45:04,root.batch7,0,0
04:45:04,root.batch1,0,0
04:45:04,root.batch4,0,0
04:45:04,root.batch5,0,0
04:45:04,root.batch2,0,0
04:45:04,root.batch3,0,0
04:45:04,root.bursty1,109,664576
04:45:04,root.bursty0,140,855040
04:45:04,root.bursty2,133,786432
04:45:04,root.batch0,3,-1024
04:45:05,root.default,0,0
04:45:05,root.batch6,0,0
04:45:05,root.batch7,0,0
04:45:05,root.batch1,0,0
04:45:05,root.batch4,0,0
04:45:05,root.batch5,0,0
04:45:05,root.batch2,0,0
04:45:05,root.batch3,0,0
04:45:05,root.bursty2,128,755712
04:45:05,root.bursty1,150,752640
04:45:05,root.bursty0,140,855040
04:45:05,root.batch0,3,-1024
04:45:06,root.default,0,0
04:45:06,root.batch6,0,0
04:45:06,root.batch7,0,0
04:45:06,root.batch1,0,0
04:45:06,root.batch4,0,0
04:45:06,root.batch5,0,0
04:45:06,root.batch2,0,0
04:45:06,root.batch3,0,0
04:45:06,root.bursty1,175,758784
04:45:06,root.bursty2,133,786432
04:45:06,root.bursty0,140,855040
04:45:06,root.batch0,3,-1024
04:45:07,root.default,0,0
04:45:07,root.batch6,0,0
04:45:07,root.batch7,0,0
04:45:07,root.batch1,0,0
04:45:07,root.batch4,0,0
04:45:07,root.batch5,0,0
04:45:07,root.batch2,0,0
04:45:07,root.batch3,0,0
04:45:07,root.bursty2,125,737280
04:45:07,root.bursty1,208,814080
04:45:07,root.bursty0,140,855040
04:45:07,root.batch0,3,-1024
04:45:08,root.default,0,0
04:45:08,root.batch6,0,0
04:45:08,root.batch7,0,0
04:45:08,root.batch1,0,0
04:45:08,root.batch4,0,0
04:45:08,root.batch5,0,0
04:45:08,root.batch2,0,0
04:45:08,root.batch3,0,0
04:45:08,root.bursty2,125,737280
04:45:08,root.bursty1,222,818176
04:45:08,root.bursty0,140,855040
04:45:08,root.batch0,3,-1024
04:45:09,root.default,0,0
04:45:09,root.batch6,0,0
04:45:09,root.batch7,0,0
04:45:09,root.batch1,0,0
04:45:09,root.batch4,0,0
04:45:09,root.batch5,0,0
04:45:09,root.batch2,0,0
04:45:09,root.batch3,0,0
04:45:09,root.bursty2,133,786432
04:45:09,root.bursty1,225,803840
04:45:09,root.bursty0,140,855040
04:45:09,root.batch0,3,-1024
04:45:10,root.default,0,0
04:45:10,root.batch6,0,0
04:45:10,root.batch7,0,0
04:45:10,root.batch1,0,0
04:45:10,root.batch4,0,0
04:45:10,root.batch5,0,0
04:45:10,root.batch2,0,0
04:45:10,root.batch3,0,0
04:45:10,root.bursty2,128,755712
04:45:10,root.bursty1,232,814080
04:45:10,root.bursty0,140,855040
04:45:10,root.batch0,3,-1024
04:45:11,root.default,0,0
04:45:11,root.batch6,0,0
04:45:11,root.batch7,0,0
04:45:11,root.batch1,0,0
04:45:11,root.batch4,0,0
04:45:11,root.batch5,0,0
04:45:11,root.batch2,0,0
04:45:11,root.batch3,0,0
04:45:11,root.bursty2,131,774144
04:45:11,root.bursty1,211,766976
04:45:11,root.bursty0,140,855040
04:45:11,root.batch0,3,-1024
04:45:12,root.default,0,0
04:45:12,root.batch6,0,0
04:45:12,root.batch7,0,0
04:45:12,root.batch1,0,0
04:45:12,root.batch4,0,0
04:45:12,root.batch5,0,0
04:45:12,root.batch2,0,0
04:45:12,root.batch3,0,0
04:45:12,root.bursty1,194,722944
04:45:12,root.bursty2,139,823296
04:45:12,root.bursty0,144,879616
04:45:12,root.batch0,3,-1024
04:45:13,root.default,0,0
04:45:13,root.batch6,0,0
04:45:13,root.batch7,0,0
04:45:13,root.batch1,0,0
04:45:13,root.batch4,0,0
04:45:13,root.batch5,0,0
04:45:13,root.batch2,0,0
04:45:13,root.batch3,0,0
04:45:13,root.bursty1,146,608256
04:45:13,root.bursty2,149,884736
04:45:13,root.bursty0,150,916480
04:45:13,root.batch0,3,-1024
04:45:14,root.default,0,0
04:45:14,root.batch6,0,0
04:45:14,root.batch7,0,0
04:45:14,root.batch1,0,0
04:45:14,root.batch4,0,0
04:45:14,root.batch5,0,0
04:45:14,root.batch2,0,0
04:45:14,root.batch3,0,0
04:45:14,root.bursty1,114,542720
04:45:14,root.bursty2,152,903168
04:45:14,root.bursty0,155,947200
04:45:14,root.batch0,3,-1024
04:45:15,root.default,0,0
04:45:15,root.batch6,0,0
04:45:15,root.batch7,0,0
04:45:15,root.batch1,0,0
04:45:15,root.batch4,0,0
04:45:15,root.batch5,0,0
04:45:15,root.batch2,0,0
04:45:15,root.batch3,0,0
04:45:15,root.bursty1,101,512000
04:45:15,root.bursty0,154,941056
04:45:15,root.bursty2,161,958464
04:45:15,root.batch0,3,-1024
04:45:16,root.default,0,0
04:45:16,root.batch6,0,0
04:45:16,root.batch7,0,0
04:45:16,root.batch1,0,0
04:45:16,root.batch4,0,0
04:45:16,root.batch5,0,0
04:45:16,root.batch2,0,0
04:45:16,root.batch3,0,0
04:45:16,root.bursty1,91,491520
04:45:16,root.bursty0,147,898048
04:45:16,root.bursty2,167,995328
04:45:16,root.batch0,3,-1024
04:45:17,root.default,0,0
04:45:17,root.batch6,0,0
04:45:17,root.batch7,0,0
04:45:17,root.batch1,0,0
04:45:17,root.batch4,0,0
04:45:17,root.batch5,0,0
04:45:17,root.batch2,0,0
04:45:17,root.batch3,0,0
04:45:17,root.bursty1,85,479232
04:45:17,root.bursty0,151,922624
04:45:17,root.bursty2,167,995328
04:45:17,root.batch0,3,-1024
04:45:18,root.default,0,0
04:45:18,root.batch6,0,0
04:45:18,root.batch7,0,0
04:45:18,root.batch1,0,0
04:45:18,root.batch4,0,0
04:45:18,root.batch5,0,0
04:45:18,root.batch2,0,0
04:45:18,root.batch3,0,0
04:45:18,root.bursty1,77,462848
04:45:18,root.bursty0,147,898048
04:45:18,root.bursty2,170,1013760
04:45:18,root.batch0,3,-1024
04:45:19,root.default,0,0
04:45:19,root.batch6,0,0
04:45:19,root.batch7,0,0
04:45:19,root.batch1,0,0
04:45:19,root.batch4,0,0
04:45:19,root.batch5,0,0
04:45:19,root.batch2,0,0
04:45:19,root.batch3,0,0
04:45:19,root.bursty1,77,462848
04:45:19,root.bursty0,153,934912
04:45:19,root.bursty2,172,1026048
04:45:19,root.batch0,3,-1024
04:45:20,root.default,0,0
04:45:20,root.batch6,0,0
04:45:20,root.batch7,0,0
04:45:20,root.batch1,0,0
04:45:20,root.batch4,0,0
04:45:20,root.batch5,0,0
04:45:20,root.batch2,0,0
04:45:20,root.batch3,0,0
04:45:20,root.bursty1,77,462848
04:45:20,root.bursty0,148,904192
04:45:20,root.bursty2,172,1026048
04:45:20,root.batch0,3,-1024
04:45:21,root.default,0,0
04:45:21,root.batch6,0,0
04:45:21,root.batch7,0,0
04:45:21,root.batch1,0,0
04:45:21,root.batch4,0,0
04:45:21,root.batch5,0,0
04:45:21,root.batch2,0,0
04:45:21,root.batch3,0,0
04:45:21,root.bursty1,74,444416
04:45:21,root.bursty0,147,898048
04:45:21,root.bursty2,172,1026048
04:45:21,root.batch0,3,-1024
04:45:22,root.default,0,0
04:45:22,root.batch6,0,0
04:45:22,root.batch7,0,0
04:45:22,root.batch1,0,0
04:45:22,root.batch4,0,0
04:45:22,root.batch5,0,0
04:45:22,root.batch2,0,0
04:45:22,root.batch3,0,0
04:45:22,root.bursty1,58,346112
04:45:22,root.bursty0,161,984064
04:45:22,root.bursty2,172,1026048
04:45:22,root.batch0,3,-1024
04:45:23,root.default,0,0
04:45:23,root.batch6,0,0
04:45:23,root.batch7,0,0
04:45:23,root.batch1,0,0
04:45:23,root.batch4,0,0
04:45:23,root.batch5,0,0
04:45:23,root.batch2,0,0
04:45:23,root.batch3,0,0
04:45:23,root.bursty1,47,278528
04:45:23,root.bursty0,175,1070080
04:45:23,root.bursty2,180,1075200
04:45:23,root.batch0,3,-1024
04:45:24,root.default,0,0
04:45:24,root.batch6,0,0
04:45:24,root.batch7,0,0
04:45:24,root.batch1,0,0
04:45:24,root.batch4,0,0
04:45:24,root.batch5,0,0
04:45:24,root.batch2,0,0
04:45:24,root.batch3,0,0
04:45:24,root.bursty1,39,229376
04:45:24,root.bursty0,180,1100800
04:45:24,root.bursty2,185,1105920
04:45:24,root.batch0,3,-1024
04:45:25,root.default,0,0
04:45:25,root.batch6,0,0
04:45:25,root.batch7,0,0
04:45:25,root.batch1,0,0
04:45:25,root.batch4,0,0
04:45:25,root.batch5,0,0
04:45:25,root.batch2,0,0
04:45:25,root.batch3,0,0
04:45:25,root.bursty1,40,235520
04:45:25,root.bursty2,185,1105920
04:45:25,root.bursty0,181,1106944
04:45:25,root.batch0,3,-1024
04:45:26,root.default,0,0
04:45:26,root.batch6,0,0
04:45:26,root.batch7,0,0
04:45:26,root.batch1,0,0
04:45:26,root.batch4,0,0
04:45:26,root.batch5,0,0
04:45:26,root.batch2,0,0
04:45:26,root.batch3,0,0
04:45:26,root.bursty1,41,241664
04:45:26,root.bursty2,185,1105920
04:45:26,root.bursty0,182,1113088
04:45:26,root.batch0,3,-1024
04:45:27,root.default,0,0
04:45:27,root.batch6,0,0
04:45:27,root.batch7,0,0
04:45:27,root.batch1,0,0
04:45:27,root.batch4,0,0
04:45:27,root.batch5,0,0
04:45:27,root.batch2,0,0
04:45:27,root.batch3,0,0
04:45:27,root.bursty1,38,223232
04:45:27,root.bursty2,185,1105920
04:45:27,root.bursty0,184,1125376
04:45:27,root.batch0,3,-1024
04:45:28,root.default,0,0
04:45:28,root.batch6,0,0
04:45:28,root.batch7,0,0
04:45:28,root.batch1,0,0
04:45:28,root.batch4,0,0
04:45:28,root.batch5,0,0
04:45:28,root.batch2,0,0
04:45:28,root.batch3,0,0
04:45:28,root.bursty1,36,210944
04:45:28,root.bursty2,186,1112064
04:45:28,root.bursty0,187,1143808
04:45:28,root.batch0,3,-1024
04:45:29,root.default,0,0
04:45:29,root.batch6,0,0
04:45:29,root.batch7,0,0
04:45:29,root.batch1,0,0
04:45:29,root.batch4,0,0
04:45:29,root.batch5,0,0
04:45:29,root.batch2,0,0
04:45:29,root.batch3,0,0
04:45:29,root.bursty1,36,210944
04:45:29,root.bursty2,186,1112064
04:45:29,root.bursty0,187,1143808
04:45:29,root.batch0,3,-1024
04:45:30,root.default,0,0
04:45:30,root.batch6,0,0
04:45:30,root.batch7,0,0
04:45:30,root.batch1,0,0
04:45:30,root.batch4,0,0
04:45:30,root.batch5,0,0
04:45:30,root.batch2,0,0
04:45:30,root.batch3,0,0
04:45:30,root.bursty1,36,210944
04:45:30,root.bursty2,186,1112064
04:45:30,root.bursty0,187,1143808
04:45:30,root.batch0,3,-1024
04:45:31,root.default,0,0
04:45:31,root.batch6,0,0
04:45:31,root.batch7,0,0
04:45:31,root.batch1,0,0
04:45:31,root.batch4,0,0
04:45:31,root.batch5,0,0
04:45:31,root.batch2,0,0
04:45:31,root.batch3,0,0
04:45:31,root.bursty1,36,210944
04:45:31,root.bursty2,186,1112064
04:45:31,root.bursty0,187,1143808
04:45:31,root.batch0,3,-1024
04:45:32,root.default,0,0
04:45:32,root.batch6,0,0
04:45:32,root.batch7,0,0
04:45:32,root.batch1,0,0
04:45:32,root.batch4,0,0
04:45:32,root.batch5,0,0
04:45:32,root.batch2,0,0
04:45:32,root.batch3,0,0
04:45:32,root.bursty1,33,192512
04:45:32,root.bursty2,188,1124352
04:45:32,root.bursty0,187,1143808
04:45:32,root.batch0,3,-1024
04:45:33,root.default,0,0
04:45:33,root.batch6,0,0
04:45:33,root.batch7,0,0
04:45:33,root.batch1,0,0
04:45:33,root.batch4,0,0
04:45:33,root.batch5,0,0
04:45:33,root.batch2,0,0
04:45:33,root.batch3,0,0
04:45:33,root.bursty1,26,149504
04:45:33,root.bursty2,188,1124352
04:45:33,root.bursty0,187,1143808
04:45:33,root.batch0,3,-1024
04:45:34,root.default,0,0
04:45:34,root.batch6,0,0
04:45:34,root.batch7,0,0
04:45:34,root.batch1,0,0
04:45:34,root.batch4,0,0
04:45:34,root.batch5,0,0
04:45:34,root.batch2,0,0
04:45:34,root.batch3,0,0
04:45:34,root.bursty1,35,204800
04:45:34,root.bursty2,186,1112064
04:45:34,root.bursty0,187,1143808
04:45:34,root.batch0,3,-1024
04:45:35,root.default,0,0
04:45:35,root.batch6,0,0
04:45:35,root.batch7,0,0
04:45:35,root.batch1,0,0
04:45:35,root.batch4,0,0
04:45:35,root.batch5,0,0
04:45:35,root.batch2,0,0
04:45:35,root.batch3,0,0
04:45:35,root.bursty1,36,210944
04:45:35,root.bursty2,175,1044480
04:45:35,root.bursty0,187,1143808
04:45:35,root.batch0,3,-1024
04:45:36,root.default,0,0
04:45:36,root.batch6,0,0
04:45:36,root.batch7,0,0
04:45:36,root.batch1,0,0
04:45:36,root.batch4,0,0
04:45:36,root.batch5,0,0
04:45:36,root.batch2,0,0
04:45:36,root.batch3,0,0
04:45:36,root.bursty1,48,284672
04:45:36,root.bursty2,168,1001472
04:45:36,root.bursty0,187,1143808
04:45:36,root.batch0,3,-1024
04:45:37,root.default,0,0
04:45:37,root.batch6,0,0
04:45:37,root.batch7,0,0
04:45:37,root.batch1,0,0
04:45:37,root.batch4,0,0
04:45:37,root.batch5,0,0
04:45:37,root.batch2,0,0
04:45:37,root.batch3,0,0
04:45:37,root.bursty1,55,327680
04:45:37,root.bursty2,159,946176
04:45:37,root.bursty0,187,1143808
04:45:37,root.batch0,3,-1024
04:45:38,root.default,0,0
04:45:38,root.batch6,0,0
04:45:38,root.batch7,0,0
04:45:38,root.batch1,0,0
04:45:38,root.batch4,0,0
04:45:38,root.batch5,0,0
04:45:38,root.batch2,0,0
04:45:38,root.batch3,0,0
04:45:38,root.bursty1,70,419840
04:45:38,root.bursty2,140,829440
04:45:38,root.bursty0,188,1149952
04:45:38,root.batch0,3,-1024
04:45:39,root.default,0,0
04:45:39,root.batch6,0,0
04:45:39,root.batch7,0,0
04:45:39,root.batch1,0,0
04:45:39,root.batch4,0,0
04:45:39,root.batch5,0,0
04:45:39,root.batch2,0,0
04:45:39,root.batch3,0,0
04:45:39,root.bursty1,86,518144
04:45:39,root.bursty2,129,761856
04:45:39,root.bursty0,188,1149952
04:45:39,root.batch0,3,-1024
04:45:40,root.default,0,0
04:45:40,root.batch6,0,0
04:45:40,root.batch7,0,0
04:45:40,root.batch1,0,0
04:45:40,root.batch4,0,0
04:45:40,root.batch5,0,0
04:45:40,root.batch2,0,0
04:45:40,root.batch3,0,0
04:45:40,root.bursty1,97,590848
04:45:40,root.bursty2,111,651264
04:45:40,root.bursty0,188,1149952
04:45:40,root.batch0,3,-1024
04:45:41,root.default,0,0
04:45:41,root.batch6,0,0
04:45:41,root.batch7,0,0
04:45:41,root.batch1,0,0
04:45:41,root.batch4,0,0
04:45:41,root.batch5,0,0
04:45:41,root.batch2,0,0
04:45:41,root.batch3,0,0
04:45:41,root.bursty2,94,546816
04:45:41,root.bursty1,112,683008
04:45:41,root.bursty0,188,1149952
04:45:41,root.batch0,3,-1024
04:45:42,root.default,0,0
04:45:42,root.batch6,0,0
04:45:42,root.batch7,0,0
04:45:42,root.batch1,0,0
04:45:42,root.batch4,0,0
04:45:42,root.batch5,0,0
04:45:42,root.batch2,0,0
04:45:42,root.batch3,0,0
04:45:42,root.bursty2,88,509952
04:45:42,root.bursty1,129,787456
04:45:42,root.bursty0,187,1143808
04:45:42,root.batch0,3,-1024
04:45:43,root.default,0,0
04:45:43,root.batch6,0,0
04:45:43,root.batch7,0,0
04:45:43,root.batch1,0,0
04:45:43,root.batch4,0,0
04:45:43,root.batch5,0,0
04:45:43,root.batch2,0,0
04:45:43,root.batch3,0,0
04:45:43,root.bursty2,93,540672
04:45:43,root.bursty1,132,805888
04:45:43,root.bursty0,176,1076224
04:45:43,root.batch0,3,-1024
04:45:44,root.default,0,0
04:45:44,root.batch6,0,0
04:45:44,root.batch7,0,0
04:45:44,root.batch1,0,0
04:45:44,root.batch4,0,0
04:45:44,root.batch5,0,0
04:45:44,root.batch2,0,0
04:45:44,root.batch3,0,0
04:45:44,root.bursty2,107,626688
04:45:44,root.bursty1,132,805888
04:45:44,root.bursty0,162,990208
04:45:44,root.batch0,3,-1024
04:45:45,root.default,0,0
04:45:45,root.batch6,0,0
04:45:45,root.batch7,0,0
04:45:45,root.batch1,0,0
04:45:45,root.batch4,0,0
04:45:45,root.batch5,0,0
04:45:45,root.batch2,0,0
04:45:45,root.batch3,0,0
04:45:45,root.bursty2,116,681984
04:45:45,root.bursty1,132,805888
04:45:45,root.bursty0,154,941056
04:45:45,root.batch0,3,-1024
04:45:46,root.default,0,0
04:45:46,root.batch6,0,0
04:45:46,root.batch7,0,0
04:45:46,root.batch1,0,0
04:45:46,root.batch4,0,0
04:45:46,root.batch5,0,0
04:45:46,root.batch2,0,0
04:45:46,root.batch3,0,0
04:45:46,root.bursty2,133,786432
04:45:46,root.bursty1,132,805888
04:45:46,root.bursty0,138,842752
04:45:46,root.batch0,3,-1024
04:45:47,root.default,0,0
04:45:47,root.batch6,0,0
04:45:47,root.batch7,0,0
04:45:47,root.batch1,0,0
04:45:47,root.batch4,0,0
04:45:47,root.batch5,0,0
04:45:47,root.batch2,0,0
04:45:47,root.batch3,0,0
04:45:47,root.bursty0,118,719872
04:45:47,root.bursty1,134,818176
04:45:47,root.bursty2,147,872448
04:45:47,root.batch0,3,-1024
04:45:48,root.default,0,0
04:45:48,root.batch6,0,0
04:45:48,root.batch7,0,0
04:45:48,root.batch1,0,0
04:45:48,root.batch4,0,0
04:45:48,root.batch5,0,0
04:45:48,root.batch2,0,0
04:45:48,root.batch3,0,0
04:45:48,root.bursty0,114,695296
04:45:48,root.bursty1,134,818176
04:45:48,root.bursty2,153,909312
04:45:48,root.batch0,3,-1024
04:45:49,root.default,0,0
04:45:49,root.batch6,0,0
04:45:49,root.batch7,0,0
04:45:49,root.batch1,0,0
04:45:49,root.batch4,0,0
04:45:49,root.batch5,0,0
04:45:49,root.batch2,0,0
04:45:49,root.batch3,0,0
04:45:49,root.bursty0,117,713728
04:45:49,root.bursty1,134,818176
04:45:49,root.bursty2,155,921600
04:45:49,root.batch0,3,-1024
04:45:50,root.default,0,0
04:45:50,root.batch6,0,0
04:45:50,root.batch7,0,0
04:45:50,root.batch1,0,0
04:45:50,root.batch4,0,0
04:45:50,root.batch5,0,0
04:45:50,root.batch2,0,0
04:45:50,root.batch3,0,0
04:45:50,root.bursty0,117,713728
04:45:50,root.bursty1,134,818176
04:45:50,root.bursty2,155,921600
04:45:50,root.batch0,3,-1024
04:45:51,root.default,0,0
04:45:51,root.batch6,0,0
04:45:51,root.batch7,0,0
04:45:51,root.batch1,0,0
04:45:51,root.batch4,0,0
04:45:51,root.batch5,0,0
04:45:51,root.batch2,0,0
04:45:51,root.batch3,0,0
04:45:51,root.bursty0,117,713728
04:45:51,root.bursty1,134,818176
04:45:51,root.bursty2,155,921600
04:45:51,root.batch0,3,-1024
04:45:52,root.default,0,0
04:45:52,root.batch6,0,0
04:45:52,root.batch7,0,0
04:45:52,root.batch1,0,0
04:45:52,root.batch4,0,0
04:45:52,root.batch5,0,0
04:45:52,root.batch2,0,0
04:45:52,root.batch3,0,0
04:45:52,root.bursty0,118,719872
04:45:52,root.bursty1,134,818176
04:45:52,root.bursty2,150,890880
04:45:52,root.batch0,3,-1024
04:45:54,root.default,0,0
04:45:54,root.batch6,0,0
04:45:54,root.batch7,0,0
04:45:54,root.batch1,0,0
04:45:54,root.batch4,0,0
04:45:54,root.batch5,0,0
04:45:54,root.batch2,0,0
04:45:54,root.batch3,0,0
04:45:54,root.bursty0,126,769024
04:45:54,root.bursty1,133,812032
04:45:54,root.bursty2,146,866304
04:45:54,root.batch0,3,-1024
04:45:55,root.default,0,0
04:45:55,root.batch6,0,0
04:45:55,root.batch7,0,0
04:45:55,root.batch1,0,0
04:45:55,root.batch4,0,0
04:45:55,root.batch5,0,0
04:45:55,root.batch2,0,0
04:45:55,root.batch3,0,0
04:45:55,root.bursty0,132,805888
04:45:55,root.bursty1,126,769024
04:45:55,root.bursty2,143,847872
04:45:55,root.batch0,3,-1024
04:45:56,root.default,0,0
04:45:56,root.batch6,0,0
04:45:56,root.batch7,0,0
04:45:56,root.batch1,0,0
04:45:56,root.batch4,0,0
04:45:56,root.batch5,0,0
04:45:56,root.batch2,0,0
04:45:56,root.batch3,0,0
04:45:56,root.bursty1,120,732160
04:45:56,root.bursty2,142,841728
04:45:56,root.bursty0,138,842752
04:45:56,root.batch0,3,-1024
04:45:57,root.default,0,0
04:45:57,root.batch6,0,0
04:45:57,root.batch7,0,0
04:45:57,root.batch1,0,0
04:45:57,root.batch4,0,0
04:45:57,root.batch5,0,0
04:45:57,root.batch2,0,0
04:45:57,root.batch3,0,0
04:45:57,root.bursty1,122,744448
04:45:57,root.bursty2,142,841728
04:45:57,root.bursty0,142,867328
04:45:57,root.batch0,3,-1024
04:45:58,root.default,0,0
04:45:58,root.batch6,0,0
04:45:58,root.batch7,0,0
04:45:58,root.batch1,0,0
04:45:58,root.batch4,0,0
04:45:58,root.batch5,0,0
04:45:58,root.batch2,0,0
04:45:58,root.batch3,0,0
04:45:58,root.bursty1,121,738304
04:45:58,root.bursty2,142,841728
04:45:58,root.bursty0,144,879616
04:45:58,root.batch0,3,-1024
04:45:59,root.default,0,0
04:45:59,root.batch6,0,0
04:45:59,root.batch7,0,0
04:45:59,root.batch1,0,0
04:45:59,root.batch4,0,0
04:45:59,root.batch5,0,0
04:45:59,root.batch2,0,0
04:45:59,root.batch3,0,0
04:45:59,root.bursty1,121,738304
04:45:59,root.bursty2,141,835584
04:45:59,root.bursty0,146,891904
04:45:59,root.batch0,3,-1024
04:46:00,root.default,0,0
04:46:00,root.batch6,0,0
04:46:00,root.batch7,0,0
04:46:00,root.batch1,0,0
04:46:00,root.batch4,0,0
04:46:00,root.batch5,0,0
04:46:00,root.batch2,0,0
04:46:00,root.batch3,0,0
04:46:00,root.bursty1,120,732160
04:46:00,root.bursty2,141,835584
04:46:00,root.bursty0,146,891904
04:46:00,root.batch0,3,-1024
04:46:01,root.default,0,0
04:46:01,root.batch6,0,0
04:46:01,root.batch7,0,0
04:46:01,root.batch1,0,0
04:46:01,root.batch4,0,0
04:46:01,root.batch5,0,0
04:46:01,root.batch2,0,0
04:46:01,root.batch3,0,0
04:46:01,root.bursty1,120,732160
04:46:01,root.bursty2,141,835584
04:46:01,root.bursty0,147,898048
04:46:01,root.batch0,3,-1024
04:46:02,root.default,0,0
04:46:02,root.batch6,0,0
04:46:02,root.batch7,0,0
04:46:02,root.batch1,0,0
04:46:02,root.batch4,0,0
04:46:02,root.batch5,0,0
04:46:02,root.batch2,0,0
04:46:02,root.batch3,0,0
04:46:02,root.bursty1,120,732160
04:46:02,root.bursty2,141,835584
04:46:02,root.bursty0,147,898048
04:46:02,root.batch0,3,-1024
04:46:03,root.default,0,0
04:46:03,root.batch6,0,0
04:46:03,root.batch7,0,0
04:46:03,root.batch1,0,0
04:46:03,root.batch4,0,0
04:46:03,root.batch5,0,0
04:46:03,root.batch2,0,0
04:46:03,root.batch3,0,0
04:46:03,root.bursty1,117,713728
04:46:03,root.bursty2,139,823296
04:46:03,root.bursty0,149,910336
04:46:03,root.batch0,3,-1024
04:46:04,root.default,0,0
04:46:04,root.batch6,0,0
04:46:04,root.batch7,0,0
04:46:04,root.batch1,0,0
04:46:04,root.batch4,0,0
04:46:04,root.batch5,0,0
04:46:04,root.batch2,0,0
04:46:04,root.batch3,0,0
04:46:04,root.bursty1,111,676864
04:46:04,root.bursty2,139,823296
04:46:04,root.bursty0,149,910336
04:46:04,root.batch0,3,-1024
04:46:05,root.default,0,0
04:46:05,root.batch6,0,0
04:46:05,root.batch7,0,0
04:46:05,root.batch1,0,0
04:46:05,root.batch4,0,0
04:46:05,root.batch5,0,0
04:46:05,root.batch2,0,0
04:46:05,root.batch3,0,0
04:46:05,root.bursty1,117,713728
04:46:05,root.bursty2,139,823296
04:46:05,root.bursty0,150,916480
04:46:05,root.batch0,3,-1024
04:46:06,root.default,0,0
04:46:06,root.batch6,0,0
04:46:06,root.batch7,0,0
04:46:06,root.batch1,0,0
04:46:06,root.batch4,0,0
04:46:06,root.batch5,0,0
04:46:06,root.batch2,0,0
04:46:06,root.batch3,0,0
04:46:06,root.bursty1,108,658432
04:46:06,root.bursty2,139,823296
04:46:06,root.bursty0,150,916480
04:46:06,root.batch0,3,-1024
04:46:07,root.default,0,0
04:46:07,root.batch6,0,0
04:46:07,root.batch7,0,0
04:46:07,root.batch1,0,0
04:46:07,root.batch4,0,0
04:46:07,root.batch5,0,0
04:46:07,root.batch2,0,0
04:46:07,root.batch3,0,0
04:46:07,root.bursty1,110,670720
04:46:07,root.bursty2,139,823296
04:46:07,root.bursty0,152,928768
04:46:07,root.batch0,3,-1024
04:46:08,root.default,0,0
04:46:08,root.batch6,0,0
04:46:08,root.batch7,0,0
04:46:08,root.batch1,0,0
04:46:08,root.batch4,0,0
04:46:08,root.batch5,0,0
04:46:08,root.batch2,0,0
04:46:08,root.batch3,0,0
04:46:08,root.bursty1,102,621568
04:46:08,root.bursty2,139,823296
04:46:08,root.bursty0,152,928768
04:46:08,root.batch0,3,-1024
04:46:09,root.default,0,0
04:46:09,root.batch6,0,0
04:46:09,root.batch7,0,0
04:46:09,root.batch1,0,0
04:46:09,root.batch4,0,0
04:46:09,root.batch5,0,0
04:46:09,root.batch2,0,0
04:46:09,root.batch3,0,0
04:46:09,root.bursty1,100,609280
04:46:09,root.bursty2,139,823296
04:46:09,root.bursty0,153,934912
04:46:09,root.batch0,3,-1024
04:46:10,root.default,0,0
04:46:10,root.batch6,0,0
04:46:10,root.batch7,0,0
04:46:10,root.batch1,0,0
04:46:10,root.batch4,0,0
04:46:10,root.batch5,0,0
04:46:10,root.batch2,0,0
04:46:10,root.batch3,0,0
04:46:10,root.bursty1,105,640000
04:46:10,root.bursty2,139,823296
04:46:10,root.bursty0,153,934912
04:46:10,root.batch0,3,-1024
04:46:11,root.default,0,0
04:46:11,root.batch6,0,0
04:46:11,root.batch7,0,0
04:46:11,root.batch1,0,0
04:46:11,root.batch4,0,0
04:46:11,root.batch5,0,0
04:46:11,root.batch2,0,0
04:46:11,root.batch3,0,0
04:46:11,root.bursty1,100,609280
04:46:11,root.bursty2,139,823296
04:46:11,root.bursty0,154,941056
04:46:11,root.batch0,3,-1024
04:46:12,root.default,0,0
04:46:12,root.batch6,0,0
04:46:12,root.batch7,0,0
04:46:12,root.batch1,0,0
04:46:12,root.batch4,0,0
04:46:12,root.batch5,0,0
04:46:12,root.batch2,0,0
04:46:12,root.batch3,0,0
04:46:12,root.bursty1,102,621568
04:46:12,root.bursty2,137,811008
04:46:12,root.bursty0,154,941056
04:46:12,root.batch0,3,-1024
04:46:13,root.default,0,0
04:46:13,root.batch6,0,0
04:46:13,root.batch7,0,0
04:46:13,root.batch1,0,0
04:46:13,root.batch4,0,0
04:46:13,root.batch5,0,0
04:46:13,root.batch2,0,0
04:46:13,root.batch3,0,0
04:46:13,root.bursty1,119,726016
04:46:13,root.bursty2,126,743424
04:46:13,root.bursty0,155,947200
04:46:13,root.batch0,3,-1024
04:46:14,root.default,0,0
04:46:14,root.batch6,0,0
04:46:14,root.batch7,0,0
04:46:14,root.batch1,0,0
04:46:14,root.batch4,0,0
04:46:14,root.batch5,0,0
04:46:14,root.batch2,0,0
04:46:14,root.batch3,0,0
04:46:14,root.bursty2,109,638976
04:46:14,root.bursty1,137,836608
04:46:14,root.bursty0,155,947200
04:46:14,root.batch0,3,-1024
04:46:15,root.default,0,0
04:46:15,root.batch6,0,0
04:46:15,root.batch7,0,0
04:46:15,root.batch1,0,0
04:46:15,root.batch4,0,0
04:46:15,root.batch5,0,0
04:46:15,root.batch2,0,0
04:46:15,root.batch3,0,0
04:46:15,root.bursty2,127,610304
04:46:15,root.bursty1,143,873472
04:46:15,root.bursty0,155,947200
04:46:15,root.batch0,3,-1024
04:46:16,root.default,0,0
04:46:16,root.batch6,0,0
04:46:16,root.batch7,0,0
04:46:16,root.batch1,0,0
04:46:16,root.batch4,0,0
04:46:16,root.batch5,0,0
04:46:16,root.batch2,0,0
04:46:16,root.batch3,0,0
04:46:16,root.bursty2,183,643072
04:46:16,root.bursty1,144,879616
04:46:16,root.bursty0,155,947200
04:46:16,root.batch0,3,-1024
04:46:17,root.default,0,0
04:46:17,root.batch6,0,0
04:46:17,root.batch7,0,0
04:46:17,root.batch1,0,0
04:46:17,root.batch4,0,0
04:46:17,root.batch5,0,0
04:46:17,root.batch2,0,0
04:46:17,root.batch3,0,0
04:46:17,root.bursty2,232,641024
04:46:17,root.bursty1,145,885760
04:46:17,root.bursty0,150,916480
04:46:17,root.batch0,3,-1024
04:46:18,root.default,0,0
04:46:18,root.batch6,0,0
04:46:18,root.batch7,0,0
04:46:18,root.batch1,0,0
04:46:18,root.batch4,0,0
04:46:18,root.batch5,0,0
04:46:18,root.batch2,0,0
04:46:18,root.batch3,0,0
04:46:18,root.bursty2,270,661504
04:46:18,root.bursty0,137,836608
04:46:18,root.bursty1,144,879616
04:46:18,root.batch0,3,-1024
04:46:19,root.default,0,0
04:46:19,root.batch6,0,0
04:46:19,root.batch7,0,0
04:46:19,root.batch1,0,0
04:46:19,root.batch4,0,0
04:46:19,root.batch5,0,0
04:46:19,root.batch2,0,0
04:46:19,root.batch3,0,0
04:46:19,root.bursty2,256,755712
04:46:19,root.bursty0,122,744448
04:46:19,root.bursty1,144,879616
04:46:19,root.batch0,3,-1024
04:46:20,root.default,0,0
04:46:20,root.batch6,0,0
04:46:20,root.batch7,0,0
04:46:20,root.batch1,0,0
04:46:20,root.batch4,0,0
04:46:20,root.batch5,0,0
04:46:20,root.batch2,0,0
04:46:20,root.batch3,0,0
04:46:20,root.bursty0,132,658432
04:46:20,root.bursty2,242,800768
04:46:20,root.bursty1,144,879616
04:46:20,root.batch0,3,-1024
04:46:21,root.default,0,0
04:46:21,root.batch6,0,0
04:46:21,root.batch7,0,0
04:46:21,root.batch1,0,0
04:46:21,root.batch4,0,0
04:46:21,root.batch5,0,0
04:46:21,root.batch2,0,0
04:46:21,root.batch3,0,0
04:46:21,root.bursty0,178,678912
04:46:21,root.bursty2,247,831488
04:46:21,root.bursty1,144,879616
04:46:21,root.batch0,3,-1024
04:46:22,root.default,0,0
04:46:22,root.batch6,0,0
04:46:22,root.batch7,0,0
04:46:22,root.batch1,0,0
04:46:22,root.batch4,0,0
04:46:22,root.batch5,0,0
04:46:22,root.batch2,0,0
04:46:22,root.batch3,0,0
04:46:22,root.bursty0,240,691200
04:46:22,root.bursty2,216,804864
04:46:22,root.bursty1,144,879616
04:46:22,root.batch0,3,-1024
04:46:23,root.default,0,0
04:46:23,root.batch6,0,0
04:46:23,root.batch7,0,0
04:46:23,root.batch1,0,0
04:46:23,root.batch4,0,0
04:46:23,root.batch5,0,0
04:46:23,root.batch2,0,0
04:46:23,root.batch3,0,0
04:46:23,root.bursty0,263,693248
04:46:23,root.bursty2,182,792576
04:46:23,root.bursty1,144,879616
04:46:23,root.batch0,3,-1024
04:46:24,root.default,0,0
04:46:24,root.batch6,0,0
04:46:24,root.batch7,0,0
04:46:24,root.batch1,0,0
04:46:24,root.batch4,0,0
04:46:24,root.batch5,0,0
04:46:24,root.batch2,0,0
04:46:24,root.batch3,0,0
04:46:24,root.bursty0,192,519168
04:46:24,root.bursty1,146,891904
04:46:24,root.bursty2,174,890880
04:46:24,root.batch0,3,-1024
04:46:25,root.default,0,0
04:46:25,root.batch6,0,0
04:46:25,root.batch7,0,0
04:46:25,root.batch1,0,0
04:46:25,root.batch4,0,0
04:46:25,root.batch5,0,0
04:46:25,root.batch2,0,0
04:46:25,root.batch3,0,0
04:46:25,root.bursty0,186,482304
04:46:25,root.bursty2,164,952320
04:46:25,root.bursty1,156,953344
04:46:25,root.batch0,3,-1024
04:46:26,root.default,0,0
04:46:26,root.batch6,0,0
04:46:26,root.batch7,0,0
04:46:26,root.batch1,0,0
04:46:26,root.batch4,0,0
04:46:26,root.batch5,0,0
04:46:26,root.batch2,0,0
04:46:26,root.batch3,0,0
04:46:26,root.bursty0,180,445440
04:46:26,root.bursty2,168,1001472
04:46:26,root.bursty1,165,1008640
04:46:26,root.batch0,3,-1024
04:46:27,root.default,0,0
04:46:27,root.batch6,0,0
04:46:27,root.batch7,0,0
04:46:27,root.batch1,0,0
04:46:27,root.batch4,0,0
04:46:27,root.batch5,0,0
04:46:27,root.batch2,0,0
04:46:27,root.batch3,0,0
04:46:27,root.bursty0,155,373760
04:46:27,root.bursty1,171,1045504
04:46:27,root.bursty2,176,1050624
04:46:27,root.batch0,3,-1024
04:46:28,root.default,0,0
04:46:28,root.batch6,0,0
04:46:28,root.batch7,0,0
04:46:28,root.batch1,0,0
04:46:28,root.batch4,0,0
04:46:28,root.batch5,0,0
04:46:28,root.batch2,0,0
04:46:28,root.batch3,0,0
04:46:28,root.bursty0,111,267264
04:46:28,root.bursty1,177,1082368
04:46:28,root.bursty2,182,1087488
04:46:28,root.batch0,3,-1024
04:46:29,root.default,0,0
04:46:29,root.batch6,0,0
04:46:29,root.batch7,0,0
04:46:29,root.batch1,0,0
04:46:29,root.batch4,0,0
04:46:29,root.batch5,0,0
04:46:29,root.batch2,0,0
04:46:29,root.batch3,0,0
04:46:29,root.bursty0,69,181248
04:46:29,root.bursty2,187,1118208
04:46:29,root.bursty1,187,1143808
04:46:29,root.batch0,3,-1024
04:46:30,root.default,0,0
04:46:30,root.batch6,0,0
04:46:30,root.batch7,0,0
04:46:30,root.batch1,0,0
04:46:30,root.batch4,0,0
04:46:30,root.batch5,0,0
04:46:30,root.batch2,0,0
04:46:30,root.batch3,0,0
04:46:30,root.bursty0,38,113664
04:46:30,root.bursty2,194,1161216
04:46:30,root.bursty1,192,1174528
04:46:30,root.batch0,3,-1024
04:46:31,root.default,0,0
04:46:31,root.batch6,0,0
04:46:31,root.batch7,0,0
04:46:31,root.batch1,0,0
04:46:31,root.batch4,0,0
04:46:31,root.batch5,0,0
04:46:31,root.batch2,0,0
04:46:31,root.batch3,0,0
04:46:31,root.bursty0,20,76800
04:46:31,root.bursty2,199,1191936
04:46:31,root.bursty1,194,1186816
04:46:31,root.batch0,3,-1024
04:46:32,root.default,0,0
04:46:32,root.batch6,0,0
04:46:32,root.batch7,0,0
04:46:32,root.batch1,0,0
04:46:32,root.batch4,0,0
04:46:32,root.batch5,0,0
04:46:32,root.batch2,0,0
04:46:32,root.batch3,0,0
04:46:32,root.bursty0,8,44032
04:46:32,root.bursty1,195,1192960
04:46:32,root.bursty2,204,1222656
04:46:32,root.batch0,3,-1024
04:46:33,root.default,0,0
04:46:33,root.batch6,0,0
04:46:33,root.batch7,0,0
04:46:33,root.batch1,0,0
04:46:33,root.batch4,0,0
04:46:33,root.batch5,0,0
04:46:33,root.batch2,0,0
04:46:33,root.batch3,0,0
04:46:33,root.bursty0,8,44032
04:46:33,root.bursty1,194,1186816
04:46:33,root.bursty2,206,1234944
04:46:33,root.batch0,3,-1024
04:46:34,root.default,0,0
04:46:34,root.batch6,0,0
04:46:34,root.batch7,0,0
04:46:34,root.batch1,0,0
04:46:34,root.batch4,0,0
04:46:34,root.batch5,0,0
04:46:34,root.batch2,0,0
04:46:34,root.batch3,0,0
04:46:34,root.bursty0,7,37888
04:46:34,root.bursty1,189,1156096
04:46:34,root.bursty2,211,1265664
04:46:34,root.batch0,3,-1024
04:46:35,root.default,0,0
04:46:35,root.batch6,0,0
04:46:35,root.batch7,0,0
04:46:35,root.batch1,0,0
04:46:35,root.batch4,0,0
04:46:35,root.batch5,0,0
04:46:35,root.batch2,0,0
04:46:35,root.batch3,0,0
04:46:35,root.bursty0,6,31744
04:46:35,root.bursty1,188,1149952
04:46:35,root.bursty2,213,1277952
04:46:35,root.batch0,3,-1024
04:46:36,root.default,0,0
04:46:36,root.batch6,0,0
04:46:36,root.batch7,0,0
04:46:36,root.batch1,0,0
04:46:36,root.batch4,0,0
04:46:36,root.batch5,0,0
04:46:36,root.batch2,0,0
04:46:36,root.batch3,0,0
04:46:36,root.bursty0,5,25600
04:46:36,root.bursty1,186,1137664
04:46:36,root.bursty2,216,1296384
04:46:36,root.batch0,3,-1024
04:46:37,root.default,0,0
04:46:37,root.batch6,0,0
04:46:37,root.batch7,0,0
04:46:37,root.batch1,0,0
04:46:37,root.batch4,0,0
04:46:37,root.batch5,0,0
04:46:37,root.batch2,0,0
04:46:37,root.batch3,0,0
04:46:37,root.bursty0,4,19456
04:46:37,root.bursty1,183,1119232
04:46:37,root.bursty2,218,1308672
04:46:37,root.batch0,3,-1024
04:46:38,root.default,0,0
04:46:38,root.batch6,0,0
04:46:38,root.batch7,0,0
04:46:38,root.batch1,0,0
04:46:38,root.batch4,0,0
04:46:38,root.batch5,0,0
04:46:38,root.batch2,0,0
04:46:38,root.batch3,0,0
04:46:38,root.bursty0,3,13312
04:46:38,root.bursty1,177,1082368
04:46:38,root.bursty2,222,1333248
04:46:38,root.batch0,3,-1024
04:46:39,root.default,0,0
04:46:39,root.batch6,0,0
04:46:39,root.batch7,0,0
04:46:39,root.batch1,0,0
04:46:39,root.batch4,0,0
04:46:39,root.batch5,0,0
04:46:39,root.batch2,0,0
04:46:39,root.batch3,0,0
04:46:39,root.bursty0,3,13312
04:46:39,root.bursty1,174,1063936
04:46:39,root.bursty2,225,1351680
04:46:39,root.batch0,3,-1024
04:46:40,root.default,0,0
04:46:40,root.batch6,0,0
04:46:40,root.batch7,0,0
04:46:40,root.batch1,0,0
04:46:40,root.batch4,0,0
04:46:40,root.batch5,0,0
04:46:40,root.batch2,0,0
04:46:40,root.batch3,0,0
04:46:40,root.bursty0,2,7168
04:46:40,root.bursty1,175,1070080
04:46:40,root.bursty2,226,1357824
04:46:40,root.batch0,3,-1024
04:46:41,root.default,0,0
04:46:41,root.batch6,0,0
04:46:41,root.batch7,0,0
04:46:41,root.batch1,0,0
04:46:41,root.batch4,0,0
04:46:41,root.batch5,0,0
04:46:41,root.batch2,0,0
04:46:41,root.batch3,0,0
04:46:41,root.bursty0,2,7168
04:46:41,root.bursty1,171,1045504
04:46:41,root.bursty2,228,1370112
04:46:41,root.batch0,3,-1024
04:46:42,root.default,0,0
04:46:42,root.batch6,0,0
04:46:42,root.batch7,0,0
04:46:42,root.batch1,0,0
04:46:42,root.batch4,0,0
04:46:42,root.batch5,0,0
04:46:42,root.batch2,0,0
04:46:42,root.batch3,0,0
04:46:42,root.bursty0,1,1024
04:46:42,root.bursty1,172,1051648
04:46:42,root.bursty2,228,1370112
04:46:42,root.batch0,3,-1024
04:46:43,root.default,0,0
04:46:43,root.batch6,0,0
04:46:43,root.batch7,0,0
04:46:43,root.batch1,0,0
04:46:43,root.batch4,0,0
04:46:43,root.batch5,0,0
04:46:43,root.batch2,0,0
04:46:43,root.batch3,0,0
04:46:43,root.bursty0,1,1024
04:46:43,root.bursty1,174,1063936
04:46:43,root.bursty2,224,1345536
04:46:43,root.batch0,3,-1024
04:46:44,root.default,0,0
04:46:44,root.batch6,0,0
04:46:44,root.batch7,0,0
04:46:44,root.batch1,0,0
04:46:44,root.batch4,0,0
04:46:44,root.batch5,0,0
04:46:44,root.batch2,0,0
04:46:44,root.batch3,0,0
04:46:44,root.bursty0,1,1024
04:46:44,root.bursty1,175,1070080
04:46:44,root.bursty2,220,1320960
04:46:44,root.batch0,3,-1024
04:46:45,root.default,0,0
04:46:45,root.batch6,0,0
04:46:45,root.batch7,0,0
04:46:45,root.batch1,0,0
04:46:45,root.batch4,0,0
04:46:45,root.batch5,0,0
04:46:45,root.batch2,0,0
04:46:45,root.batch3,0,0
04:46:45,root.bursty0,1,1024
04:46:45,root.bursty1,186,1137664
04:46:45,root.bursty2,218,1308672
04:46:45,root.batch0,3,-1024
04:46:46,root.default,0,0
04:46:46,root.batch6,0,0
04:46:46,root.batch7,0,0
04:46:46,root.batch1,0,0
04:46:46,root.batch4,0,0
04:46:46,root.batch5,0,0
04:46:46,root.batch2,0,0
04:46:46,root.batch3,0,0
04:46:46,root.bursty0,1,1024
04:46:46,root.bursty1,189,1156096
04:46:46,root.bursty2,218,1308672
04:46:46,root.batch0,3,-1024
04:46:48,root.bursty0,0,0
04:46:48,root.default,0,0
04:46:48,root.batch6,0,0
04:46:48,root.batch7,0,0
04:46:48,root.batch1,0,0
04:46:48,root.batch4,0,0
04:46:48,root.batch5,0,0
04:46:48,root.batch2,0,0
04:46:48,root.batch3,0,0
04:46:48,root.bursty1,189,1156096
04:46:48,root.bursty2,218,1308672
04:46:48,root.batch0,3,-1024
04:46:49,root.bursty0,0,0
04:46:49,root.default,0,0
04:46:49,root.batch6,0,0
04:46:49,root.batch7,0,0
04:46:49,root.batch1,0,0
04:46:49,root.batch4,0,0
04:46:49,root.batch5,0,0
04:46:49,root.batch2,0,0
04:46:49,root.batch3,0,0
04:46:49,root.bursty1,190,1162240
04:46:49,root.bursty2,210,1259520
04:46:49,root.batch0,3,-1024
04:46:50,root.bursty0,0,0
04:46:50,root.default,0,0
04:46:50,root.batch6,0,0
04:46:50,root.batch7,0,0
04:46:50,root.batch1,0,0
04:46:50,root.batch4,0,0
04:46:50,root.batch5,0,0
04:46:50,root.batch2,0,0
04:46:50,root.batch3,0,0
04:46:50,root.bursty1,200,1223680
04:46:50,root.bursty2,184,1099776
04:46:50,root.batch0,3,-1024
04:46:51,root.bursty0,0,0
04:46:51,root.default,0,0
04:46:51,root.batch6,0,0
04:46:51,root.batch7,0,0
04:46:51,root.batch1,0,0
04:46:51,root.batch4,0,0
04:46:51,root.batch5,0,0
04:46:51,root.batch2,0,0
04:46:51,root.batch3,0,0
04:46:51,root.bursty2,167,995328
04:46:51,root.bursty1,215,1315840
04:46:51,root.batch0,3,-1024
04:46:52,root.bursty0,0,0
04:46:52,root.default,0,0
04:46:52,root.batch6,0,0
04:46:52,root.batch7,0,0
04:46:52,root.batch1,0,0
04:46:52,root.batch4,0,0
04:46:52,root.batch5,0,0
04:46:52,root.batch2,0,0
04:46:52,root.batch3,0,0
04:46:52,root.bursty2,176,1055744
04:46:52,root.bursty1,217,1328128
04:46:52,root.batch0,3,-1024
04:46:53,root.bursty0,0,0
04:46:53,root.default,0,0
04:46:53,root.batch6,0,0
04:46:53,root.batch7,0,0
04:46:53,root.batch1,0,0
04:46:53,root.batch4,0,0
04:46:53,root.batch5,0,0
04:46:53,root.batch2,0,0
04:46:53,root.batch3,0,0
04:46:53,root.bursty2,191,1147904
04:46:53,root.bursty1,205,1254400
04:46:53,root.batch0,3,-1024
04:46:54,root.bursty0,0,0
04:46:54,root.default,0,0
04:46:54,root.batch6,0,0
04:46:54,root.batch7,0,0
04:46:54,root.batch1,0,0
04:46:54,root.batch4,0,0
04:46:54,root.batch5,0,0
04:46:54,root.batch2,0,0
04:46:54,root.batch3,0,0
04:46:54,root.bursty2,188,1129472
04:46:54,root.bursty1,205,1254400
04:46:54,root.batch0,3,-1024
04:46:55,root.bursty0,0,0
04:46:55,root.default,0,0
04:46:55,root.batch6,0,0
04:46:55,root.batch7,0,0
04:46:55,root.batch1,0,0
04:46:55,root.batch4,0,0
04:46:55,root.batch5,0,0
04:46:55,root.batch2,0,0
04:46:55,root.batch3,0,0
04:46:55,root.bursty2,182,1092608
04:46:55,root.bursty1,205,1254400
04:46:55,root.batch0,3,-1024
04:46:56,root.bursty0,0,0
04:46:56,root.default,0,0
04:46:56,root.batch6,0,0
04:46:56,root.batch7,0,0
04:46:56,root.batch1,0,0
04:46:56,root.batch4,0,0
04:46:56,root.batch5,0,0
04:46:56,root.batch2,0,0
04:46:56,root.batch3,0,0
04:46:56,root.bursty1,207,1217536
04:46:56,root.bursty2,194,1166336
04:46:56,root.batch0,3,-1024
04:46:57,root.bursty0,0,0
04:46:57,root.default,0,0
04:46:57,root.batch6,0,0
04:46:57,root.batch7,0,0
04:46:57,root.batch1,0,0
04:46:57,root.batch4,0,0
04:46:57,root.batch5,0,0
04:46:57,root.batch2,0,0
04:46:57,root.batch3,0,0
04:46:57,root.bursty2,193,1160192
04:46:57,root.bursty1,237,1246208
04:46:57,root.batch0,3,-1024
04:46:58,root.bursty0,0,0
04:46:58,root.default,0,0
04:46:58,root.batch6,0,0
04:46:58,root.batch7,0,0
04:46:58,root.batch1,0,0
04:46:58,root.batch4,0,0
04:46:58,root.batch5,0,0
04:46:58,root.batch2,0,0
04:46:58,root.batch3,0,0
04:46:58,root.bursty2,199,1197056
04:46:58,root.bursty1,254,1235968
04:46:58,root.batch0,3,-1024
04:46:59,root.bursty0,0,0
04:46:59,root.default,0,0
04:46:59,root.batch6,0,0
04:46:59,root.batch7,0,0
04:46:59,root.batch1,0,0
04:46:59,root.batch4,0,0
04:46:59,root.batch5,0,0
04:46:59,root.batch2,0,0
04:46:59,root.batch3,0,0
04:46:59,root.bursty2,203,1221632
04:46:59,root.bursty1,285,1262592
04:46:59,root.batch0,3,-1024
04:47:00,root.bursty0,0,0
04:47:00,root.default,0,0
04:47:00,root.batch6,0,0
04:47:00,root.batch7,0,0
04:47:00,root.batch1,0,0
04:47:00,root.batch4,0,0
04:47:00,root.batch5,0,0
04:47:00,root.batch2,0,0
04:47:00,root.batch3,0,0
04:47:00,root.bursty1,305,1254400
04:47:00,root.bursty2,207,1246208
04:47:00,root.batch0,3,-1024
04:47:01,root.bursty0,0,0
04:47:01,root.default,0,0
04:47:01,root.batch6,0,0
04:47:01,root.batch7,0,0
04:47:01,root.batch1,0,0
04:47:01,root.batch4,0,0
04:47:01,root.batch5,0,0
04:47:01,root.batch2,0,0
04:47:01,root.batch3,0,0
04:47:01,root.bursty2,203,1221632
04:47:01,root.bursty1,324,1272832
04:47:01,root.batch0,3,-1024
04:47:02,root.default,0,0
04:47:02,root.batch6,0,0
04:47:02,root.batch7,0,0
04:47:02,root.batch1,0,0
04:47:02,root.batch4,0,0
04:47:02,root.batch5,0,0
04:47:02,root.batch2,0,0
04:47:02,root.batch3,0,0
04:47:02,root.bursty0,1,1024
04:47:02,root.bursty1,312,1243136
04:47:02,root.bursty2,208,1252352
04:47:02,root.batch0,3,-1024
04:47:03,root.default,0,0
04:47:03,root.batch6,0,0
04:47:03,root.batch7,0,0
04:47:03,root.batch1,0,0
04:47:03,root.batch4,0,0
04:47:03,root.batch5,0,0
04:47:03,root.batch2,0,0
04:47:03,root.batch3,0,0
04:47:03,root.bursty0,1,1024
04:47:03,root.bursty1,284,1177600
04:47:03,root.bursty2,218,1313792
04:47:03,root.batch0,3,-1024
04:47:04,root.default,0,0
04:47:04,root.batch6,0,0
04:47:04,root.batch7,0,0
04:47:04,root.batch1,0,0
04:47:04,root.batch4,0,0
04:47:04,root.batch5,0,0
04:47:04,root.batch2,0,0
04:47:04,root.batch3,0,0
04:47:04,root.bursty0,1,1024
04:47:04,root.bursty1,262,1124352
04:47:04,root.bursty2,225,1356800
04:47:04,root.batch0,3,-1024
04:47:05,root.default,0,0
04:47:05,root.batch6,0,0
04:47:05,root.batch7,0,0
04:47:05,root.batch1,0,0
04:47:05,root.batch4,0,0
04:47:05,root.batch5,0,0
04:47:05,root.batch2,0,0
04:47:05,root.batch3,0,0
04:47:05,root.bursty0,1,1024
04:47:05,root.bursty1,240,1071104
04:47:05,root.bursty2,234,1412096
04:47:05,root.batch0,3,-1024
04:47:06,root.default,0,0
04:47:06,root.batch6,0,0
04:47:06,root.batch7,0,0
04:47:06,root.batch1,0,0
04:47:06,root.batch4,0,0
04:47:06,root.batch5,0,0
04:47:06,root.batch2,0,0
04:47:06,root.batch3,0,0
04:47:06,root.bursty0,1,1024
04:47:06,root.bursty1,206,993280
04:47:06,root.bursty2,247,1491968
04:47:06,root.batch0,3,-1024
04:47:07,root.default,0,0
04:47:07,root.batch6,0,0
04:47:07,root.batch7,0,0
04:47:07,root.batch1,0,0
04:47:07,root.batch4,0,0
04:47:07,root.batch5,0,0
04:47:07,root.batch2,0,0
04:47:07,root.batch3,0,0
04:47:07,root.bursty0,1,1024
04:47:07,root.bursty1,175,901120
04:47:07,root.bursty2,256,1547264
04:47:07,root.batch0,3,-1024
04:47:08,root.default,0,0
04:47:08,root.batch6,0,0
04:47:08,root.batch7,0,0
04:47:08,root.batch1,0,0
04:47:08,root.batch4,0,0
04:47:08,root.batch5,0,0
04:47:08,root.batch2,0,0
04:47:08,root.batch3,0,0
04:47:08,root.bursty0,1,1024
04:47:08,root.bursty1,156,841728
04:47:08,root.bursty2,271,1639424
04:47:08,root.batch0,3,-1024
04:47:09,root.default,0,0
04:47:09,root.batch6,0,0
04:47:09,root.batch7,0,0
04:47:09,root.batch1,0,0
04:47:09,root.batch4,0,0
04:47:09,root.batch5,0,0
04:47:09,root.batch2,0,0
04:47:09,root.batch3,0,0
04:47:09,root.bursty0,1,1024
04:47:09,root.bursty1,147,778240
04:47:09,root.bursty2,283,1713152
04:47:09,root.batch0,3,-1024
04:47:10,root.default,0,0
04:47:10,root.batch6,0,0
04:47:10,root.batch7,0,0
04:47:10,root.batch1,0,0
04:47:10,root.batch4,0,0
04:47:10,root.batch5,0,0
04:47:10,root.batch2,0,0
04:47:10,root.batch3,0,0
04:47:10,root.bursty0,1,1024
04:47:10,root.bursty1,129,684032
04:47:10,root.bursty2,308,1760256
04:47:10,root.batch0,3,-1024
04:47:11,root.default,0,0
04:47:11,root.batch6,0,0
04:47:11,root.batch7,0,0
04:47:11,root.batch1,0,0
04:47:11,root.batch4,0,0
04:47:11,root.batch5,0,0
04:47:11,root.batch2,0,0
04:47:11,root.batch3,0,0
04:47:11,root.bursty0,1,1024
04:47:11,root.bursty1,117,634880
04:47:11,root.bursty2,347,1803264
04:47:11,root.batch0,3,-1024
04:47:12,root.default,0,0
04:47:12,root.batch6,0,0
04:47:12,root.batch7,0,0
04:47:12,root.batch1,0,0
04:47:12,root.batch4,0,0
04:47:12,root.batch5,0,0
04:47:12,root.batch2,0,0
04:47:12,root.batch3,0,0
04:47:12,root.bursty0,16,93184
04:47:12,root.bursty1,104,563200
04:47:12,root.bursty2,361,1831936
04:47:12,root.batch0,3,-1024
04:47:13,root.default,0,0
04:47:13,root.batch6,0,0
04:47:13,root.batch7,0,0
04:47:13,root.batch1,0,0
04:47:13,root.batch4,0,0
04:47:13,root.batch5,0,0
04:47:13,root.batch2,0,0
04:47:13,root.batch3,0,0
04:47:13,root.bursty0,42,252928
04:47:13,root.bursty1,81,438272
04:47:13,root.bursty2,333,1774592
04:47:13,root.batch0,3,-1024
04:47:14,root.default,0,0
04:47:14,root.batch6,0,0
04:47:14,root.batch7,0,0
04:47:14,root.batch1,0,0
04:47:14,root.batch4,0,0
04:47:14,root.batch5,0,0
04:47:14,root.batch2,0,0
04:47:14,root.batch3,0,0
04:47:14,root.bursty1,70,387072
04:47:14,root.bursty0,63,381952
04:47:14,root.bursty2,333,1774592
04:47:14,root.batch0,3,-1024
04:47:15,root.default,0,0
04:47:15,root.batch6,0,0
04:47:15,root.batch7,0,0
04:47:15,root.batch1,0,0
04:47:15,root.batch4,0,0
04:47:15,root.batch5,0,0
04:47:15,root.batch2,0,0
04:47:15,root.batch3,0,0
04:47:15,root.bursty1,53,307200
04:47:15,root.bursty0,78,474112
04:47:15,root.bursty2,333,1774592
04:47:15,root.batch0,3,-1024
04:47:16,root.default,0,0
04:47:16,root.batch6,0,0
04:47:16,root.batch7,0,0
04:47:16,root.batch1,0,0
04:47:16,root.batch4,0,0
04:47:16,root.batch5,0,0
04:47:16,root.batch2,0,0
04:47:16,root.batch3,0,0
04:47:16,root.bursty1,48,284672
04:47:16,root.bursty0,81,492544
04:47:16,root.bursty2,309,1725440
04:47:16,root.batch0,3,-1024
04:47:17,root.default,0,0
04:47:17,root.batch6,0,0
04:47:17,root.batch7,0,0
04:47:17,root.batch1,0,0
04:47:17,root.batch4,0,0
04:47:17,root.batch5,0,0
04:47:17,root.batch2,0,0
04:47:17,root.batch3,0,0
04:47:17,root.bursty1,50,296960
04:47:17,root.bursty0,81,492544
04:47:17,root.bursty2,275,1655808
04:47:17,root.batch0,3,-1024
04:47:18,root.default,0,0
04:47:18,root.batch6,0,0
04:47:18,root.batch7,0,0
04:47:18,root.batch1,0,0
04:47:18,root.batch4,0,0
04:47:18,root.batch5,0,0
04:47:18,root.batch2,0,0
04:47:18,root.batch3,0,0
04:47:18,root.bursty1,51,303104
04:47:18,root.bursty0,83,504832
04:47:18,root.bursty2,273,1651712
04:47:18,root.batch0,3,-1024
04:47:19,root.default,0,0
04:47:19,root.batch6,0,0
04:47:19,root.batch7,0,0
04:47:19,root.batch1,0,0
04:47:19,root.batch4,0,0
04:47:19,root.batch5,0,0
04:47:19,root.batch2,0,0
04:47:19,root.batch3,0,0
04:47:19,root.bursty1,51,303104
04:47:19,root.bursty0,84,510976
04:47:19,root.bursty2,273,1651712
04:47:19,root.batch0,3,-1024
04:47:20,root.default,0,0
04:47:20,root.batch6,0,0
04:47:20,root.batch7,0,0
04:47:20,root.batch1,0,0
04:47:20,root.batch4,0,0
04:47:20,root.batch5,0,0
04:47:20,root.batch2,0,0
04:47:20,root.batch3,0,0
04:47:20,root.bursty1,50,296960
04:47:20,root.bursty0,85,517120
04:47:20,root.bursty2,262,1584128
04:47:20,root.batch0,3,-1024
04:47:21,root.default,0,0
04:47:21,root.batch6,0,0
04:47:21,root.batch7,0,0
04:47:21,root.batch1,0,0
04:47:21,root.batch4,0,0
04:47:21,root.batch5,0,0
04:47:21,root.batch2,0,0
04:47:21,root.batch3,0,0
04:47:21,root.bursty1,61,364544
04:47:21,root.bursty0,85,517120
04:47:21,root.bursty2,243,1467392
04:47:21,root.batch0,3,-1024
04:47:22,root.default,0,0
04:47:22,root.batch6,0,0
04:47:22,root.batch7,0,0
04:47:22,root.batch1,0,0
04:47:22,root.batch4,0,0
04:47:22,root.batch5,0,0
04:47:22,root.batch2,0,0
04:47:22,root.batch3,0,0
04:47:22,root.bursty1,81,487424
04:47:22,root.bursty0,85,517120
04:47:22,root.bursty2,223,1344512
04:47:22,root.batch0,3,-1024
04:47:23,root.default,0,0
04:47:23,root.batch6,0,0
04:47:23,root.batch7,0,0
04:47:23,root.batch1,0,0
04:47:23,root.batch4,0,0
04:47:23,root.batch5,0,0
04:47:23,root.batch2,0,0
04:47:23,root.batch3,0,0
04:47:23,root.bursty0,87,529408
04:47:23,root.bursty1,98,591872
04:47:23,root.bursty2,212,1276928
04:47:23,root.batch0,3,-1024
04:47:24,root.default,0,0
04:47:24,root.batch6,0,0
04:47:24,root.batch7,0,0
04:47:24,root.batch1,0,0
04:47:24,root.batch4,0,0
04:47:24,root.batch5,0,0
04:47:24,root.batch2,0,0
04:47:24,root.batch3,0,0
04:47:24,root.bursty0,95,578560
04:47:24,root.bursty1,102,616448
04:47:24,root.bursty2,197,1184768
04:47:24,root.batch0,3,-1024
04:47:25,root.default,0,0
04:47:25,root.batch6,0,0
04:47:25,root.batch7,0,0
04:47:25,root.batch1,0,0
04:47:25,root.batch4,0,0
04:47:25,root.batch5,0,0
04:47:25,root.batch2,0,0
04:47:25,root.batch3,0,0
04:47:25,root.bursty1,104,633856
04:47:25,root.bursty0,110,670720
04:47:25,root.bursty2,172,1031168
04:47:25,root.batch0,3,-1024
04:47:26,root.default,0,0
04:47:26,root.batch6,0,0
04:47:26,root.batch7,0,0
04:47:26,root.batch1,0,0
04:47:26,root.batch4,0,0
04:47:26,root.batch5,0,0
04:47:26,root.batch2,0,0
04:47:26,root.batch3,0,0
04:47:26,root.bursty0,118,719872
04:47:26,root.bursty1,119,726016
04:47:26,root.bursty2,152,908288
04:47:26,root.batch0,3,-1024
04:47:27,root.default,0,0
04:47:27,root.batch6,0,0
04:47:27,root.batch7,0,0
04:47:27,root.batch1,0,0
04:47:27,root.batch4,0,0
04:47:27,root.batch5,0,0
04:47:27,root.batch2,0,0
04:47:27,root.batch3,0,0
04:47:27,root.bursty0,127,775168
04:47:27,root.bursty1,131,799744
04:47:27,root.bursty2,135,803840
04:47:27,root.batch0,3,-1024
04:47:28,root.default,0,0
04:47:28,root.batch6,0,0
04:47:28,root.batch7,0,0
04:47:28,root.batch1,0,0
04:47:28,root.batch4,0,0
04:47:28,root.batch5,0,0
04:47:28,root.batch2,0,0
04:47:28,root.batch3,0,0
04:47:28,root.bursty2,132,752640
04:47:28,root.bursty1,133,812032
04:47:28,root.bursty0,140,855040
04:47:28,root.batch0,3,-1024
04:47:29,root.default,0,0
04:47:29,root.batch6,0,0
04:47:29,root.batch7,0,0
04:47:29,root.batch1,0,0
04:47:29,root.batch4,0,0
04:47:29,root.batch5,0,0
04:47:29,root.batch2,0,0
04:47:29,root.batch3,0,0
04:47:29,root.bursty2,146,756736
04:47:29,root.bursty1,137,836608
04:47:29,root.bursty0,144,879616
04:47:29,root.batch0,3,-1024
04:47:30,root.default,0,0
04:47:30,root.batch6,0,0
04:47:30,root.batch7,0,0
04:47:30,root.batch1,0,0
04:47:30,root.batch4,0,0
04:47:30,root.batch5,0,0
04:47:30,root.batch2,0,0
04:47:30,root.batch3,0,0
04:47:30,root.bursty2,160,744448
04:47:30,root.bursty1,137,836608
04:47:30,root.bursty0,147,898048
04:47:30,root.batch0,3,-1024
04:47:31,root.default,0,0
04:47:31,root.batch6,0,0
04:47:31,root.batch7,0,0
04:47:31,root.batch1,0,0
04:47:31,root.batch4,0,0
04:47:31,root.batch5,0,0
04:47:31,root.batch2,0,0
04:47:31,root.batch3,0,0
04:47:31,root.bursty2,175,754688
04:47:31,root.bursty1,138,842752
04:47:31,root.bursty0,147,898048
04:47:31,root.batch0,3,-1024
04:47:32,root.default,0,0
04:47:32,root.batch6,0,0
04:47:32,root.batch7,0,0
04:47:32,root.batch1,0,0
04:47:32,root.batch4,0,0
04:47:32,root.batch5,0,0
04:47:32,root.batch2,0,0
04:47:32,root.batch3,0,0
04:47:32,root.bursty2,182,707584
04:47:32,root.bursty1,138,842752
04:47:32,root.bursty0,148,904192
04:47:32,root.batch0,3,-1024
04:47:33,root.default,0,0
04:47:33,root.batch6,0,0
04:47:33,root.batch7,0,0
04:47:33,root.batch1,0,0
04:47:33,root.batch4,0,0
04:47:33,root.batch5,0,0
04:47:33,root.batch2,0,0
04:47:33,root.batch3,0,0
04:47:33,root.bursty2,201,693248
04:47:33,root.bursty1,139,848896
04:47:33,root.bursty0,150,916480
04:47:33,root.batch0,3,-1024
04:47:34,root.default,0,0
04:47:34,root.batch6,0,0
04:47:34,root.batch7,0,0
04:47:34,root.batch1,0,0
04:47:34,root.batch4,0,0
04:47:34,root.batch5,0,0
04:47:34,root.batch2,0,0
04:47:34,root.batch3,0,0
04:47:34,root.bursty2,180,637952
04:47:34,root.bursty1,140,855040
04:47:34,root.bursty0,152,928768
04:47:34,root.batch0,3,-1024
04:47:35,root.default,0,0
04:47:35,root.batch6,0,0
04:47:35,root.batch7,0,0
04:47:35,root.batch1,0,0
04:47:35,root.batch4,0,0
04:47:35,root.batch5,0,0
04:47:35,root.batch2,0,0
04:47:35,root.batch3,0,0
04:47:35,root.bursty2,167,631808
04:47:35,root.bursty1,140,855040
04:47:35,root.bursty0,154,941056
04:47:35,root.batch0,3,-1024
04:47:36,root.default,0,0
04:47:36,root.batch6,0,0
04:47:36,root.batch7,0,0
04:47:36,root.batch1,0,0
04:47:36,root.batch4,0,0
04:47:36,root.batch5,0,0
04:47:36,root.batch2,0,0
04:47:36,root.batch3,0,0
04:47:36,root.bursty2,149,611328
04:47:36,root.bursty1,140,855040
04:47:36,root.bursty0,154,941056
04:47:36,root.batch0,3,-1024
04:47:37,root.default,0,0
04:47:37,root.batch6,0,0
04:47:37,root.batch7,0,0
04:47:37,root.batch1,0,0
04:47:37,root.batch4,0,0
04:47:37,root.batch5,0,0
04:47:37,root.batch2,0,0
04:47:37,root.batch3,0,0
04:47:37,root.bursty2,131,582656
04:47:37,root.bursty1,141,861184
04:47:37,root.bursty0,155,947200
04:47:37,root.batch0,3,-1024
04:47:38,root.default,0,0
04:47:38,root.batch6,0,0
04:47:38,root.batch7,0,0
04:47:38,root.batch1,0,0
04:47:38,root.batch4,0,0
04:47:38,root.batch5,0,0
04:47:38,root.batch2,0,0
04:47:38,root.batch3,0,0
04:47:38,root.bursty2,117,586752
04:47:38,root.bursty1,142,867328
04:47:38,root.bursty0,155,947200
04:47:38,root.batch0,3,-1024
04:47:39,root.default,0,0
04:47:39,root.batch6,0,0
04:47:39,root.batch7,0,0
04:47:39,root.batch1,0,0
04:47:39,root.batch4,0,0
04:47:39,root.batch5,0,0
04:47:39,root.batch2,0,0
04:47:39,root.batch3,0,0
04:47:39,root.bursty2,114,642048
04:47:39,root.bursty1,142,867328
04:47:39,root.bursty0,155,947200
04:47:39,root.batch0,3,-1024
04:47:41,root.default,0,0
04:47:41,root.batch6,0,0
04:47:41,root.batch7,0,0
04:47:41,root.batch1,0,0
04:47:41,root.batch4,0,0
04:47:41,root.batch5,0,0
04:47:41,root.batch2,0,0
04:47:41,root.batch3,0,0
04:47:41,root.bursty2,112,654336
04:47:41,root.bursty1,142,867328
04:47:41,root.bursty0,155,947200
04:47:41,root.batch0,3,-1024
04:47:42,root.default,0,0
04:47:42,root.batch6,0,0
04:47:42,root.batch7,0,0
04:47:42,root.batch1,0,0
04:47:42,root.batch4,0,0
04:47:42,root.batch5,0,0
04:47:42,root.batch2,0,0
04:47:42,root.batch3,0,0
04:47:42,root.bursty2,111,656384
04:47:42,root.bursty1,140,855040
04:47:42,root.bursty0,155,947200
04:47:42,root.batch0,3,-1024
04:47:43,root.default,0,0
04:47:43,root.batch6,0,0
04:47:43,root.batch7,0,0
04:47:43,root.batch1,0,0
04:47:43,root.batch4,0,0
04:47:43,root.batch5,0,0
04:47:43,root.batch2,0,0
04:47:43,root.batch3,0,0
04:47:43,root.bursty2,126,748544
04:47:43,root.bursty1,132,805888
04:47:43,root.bursty0,146,891904
04:47:43,root.batch0,3,-1024
04:47:44,root.default,0,0
04:47:44,root.batch6,0,0
04:47:44,root.batch7,0,0
04:47:44,root.batch1,0,0
04:47:44,root.batch4,0,0
04:47:44,root.batch5,0,0
04:47:44,root.batch2,0,0
04:47:44,root.batch3,0,0
04:47:44,root.bursty0,128,781312
04:47:44,root.bursty1,132,805888
04:47:44,root.bursty2,145,865280
04:47:44,root.batch0,3,-1024
04:47:45,root.default,0,0
04:47:45,root.batch6,0,0
04:47:45,root.batch7,0,0
04:47:45,root.batch1,0,0
04:47:45,root.batch4,0,0
04:47:45,root.batch5,0,0
04:47:45,root.batch2,0,0
04:47:45,root.batch3,0,0
04:47:45,root.bursty0,122,744448
04:47:45,root.bursty1,126,769024
04:47:45,root.bursty2,154,920576
04:47:45,root.batch0,3,-1024
04:47:46,root.default,0,0
04:47:46,root.batch6,0,0
04:47:46,root.batch7,0,0
04:47:46,root.batch1,0,0
04:47:46,root.batch4,0,0
04:47:46,root.batch5,0,0
04:47:46,root.batch2,0,0
04:47:46,root.batch3,0,0
04:47:46,root.bursty1,122,744448
04:47:46,root.bursty0,127,775168
04:47:46,root.bursty2,155,926720
04:47:46,root.batch0,3,-1024
04:47:47,root.default,0,0
04:47:47,root.batch6,0,0
04:47:47,root.batch7,0,0
04:47:47,root.batch1,0,0
04:47:47,root.batch4,0,0
04:47:47,root.batch5,0,0
04:47:47,root.batch2,0,0
04:47:47,root.batch3,0,0
04:47:47,root.bursty1,119,726016
04:47:47,root.bursty0,129,787456
04:47:47,root.bursty2,155,931840
04:47:47,root.batch0,3,-1024
04:47:48,root.default,0,0
04:47:48,root.batch6,0,0
04:47:48,root.batch7,0,0
04:47:48,root.batch1,0,0
04:47:48,root.batch4,0,0
04:47:48,root.batch5,0,0
04:47:48,root.batch2,0,0
04:47:48,root.batch3,0,0
04:47:48,root.bursty1,121,738304
04:47:48,root.bursty0,130,793600
04:47:48,root.bursty2,155,931840
04:47:48,root.batch0,3,-1024
04:47:49,root.default,0,0
04:47:49,root.batch6,0,0
04:47:49,root.batch7,0,0
04:47:49,root.batch1,0,0
04:47:49,root.batch4,0,0
04:47:49,root.batch5,0,0
04:47:49,root.batch2,0,0
04:47:49,root.batch3,0,0
04:47:49,root.bursty1,119,726016
04:47:49,root.bursty0,130,793600
04:47:49,root.bursty2,155,931840
04:47:49,root.batch0,3,-1024
04:47:50,root.default,0,0
04:47:50,root.batch6,0,0
04:47:50,root.batch7,0,0
04:47:50,root.batch1,0,0
04:47:50,root.batch4,0,0
04:47:50,root.batch5,0,0
04:47:50,root.batch2,0,0
04:47:50,root.batch3,0,0
04:47:50,root.bursty1,116,707584
04:47:50,root.bursty0,132,805888
04:47:50,root.bursty2,155,931840
04:47:50,root.batch0,3,-1024
04:47:51,root.default,0,0
04:47:51,root.batch6,0,0
04:47:51,root.batch7,0,0
04:47:51,root.batch1,0,0
04:47:51,root.batch4,0,0
04:47:51,root.batch5,0,0
04:47:51,root.batch2,0,0
04:47:51,root.batch3,0,0
04:47:51,root.bursty1,116,707584
04:47:51,root.bursty0,132,805888
04:47:51,root.bursty2,155,931840
04:47:51,root.batch0,3,-1024
04:47:52,root.default,0,0
04:47:52,root.batch6,0,0
04:47:52,root.batch7,0,0
04:47:52,root.batch1,0,0
04:47:52,root.batch4,0,0
04:47:52,root.batch5,0,0
04:47:52,root.batch2,0,0
04:47:52,root.batch3,0,0
04:47:52,root.bursty1,112,683008
04:47:52,root.bursty0,133,812032
04:47:52,root.bursty2,155,931840
04:47:52,root.batch0,3,-1024
04:47:53,root.default,0,0
04:47:53,root.batch6,0,0
04:47:53,root.batch7,0,0
04:47:53,root.batch1,0,0
04:47:53,root.batch4,0,0
04:47:53,root.batch5,0,0
04:47:53,root.batch2,0,0
04:47:53,root.batch3,0,0
04:47:53,root.bursty1,113,689152
04:47:53,root.bursty0,132,805888
04:47:53,root.bursty2,155,931840
04:47:53,root.batch0,3,-1024
04:47:54,root.default,0,0
04:47:54,root.batch6,0,0
04:47:54,root.batch7,0,0
04:47:54,root.batch1,0,0
04:47:54,root.batch4,0,0
04:47:54,root.batch5,0,0
04:47:54,root.batch2,0,0
04:47:54,root.batch3,0,0
04:47:54,root.bursty1,117,713728
04:47:54,root.bursty0,132,805888
04:47:54,root.bursty2,155,931840
04:47:54,root.batch0,3,-1024
04:47:55,root.default,0,0
04:47:55,root.batch6,0,0
04:47:55,root.batch7,0,0
04:47:55,root.batch1,0,0
04:47:55,root.batch4,0,0
04:47:55,root.batch5,0,0
04:47:55,root.batch2,0,0
04:47:55,root.batch3,0,0
04:47:55,root.bursty0,110,670720
04:47:55,root.bursty1,128,781312
04:47:55,root.bursty2,155,931840
04:47:55,root.batch0,3,-1024
04:47:56,root.default,0,0
04:47:56,root.batch6,0,0
04:47:56,root.batch7,0,0
04:47:56,root.batch1,0,0
04:47:56,root.batch4,0,0
04:47:56,root.batch5,0,0
04:47:56,root.batch2,0,0
04:47:56,root.batch3,0,0
04:47:56,root.bursty0,104,633856
04:47:56,root.bursty1,132,805888
04:47:56,root.bursty2,155,931840
04:47:56,root.batch0,3,-1024
04:47:57,root.default,0,0
04:47:57,root.batch6,0,0
04:47:57,root.batch7,0,0
04:47:57,root.batch1,0,0
04:47:57,root.batch4,0,0
04:47:57,root.batch5,0,0
04:47:57,root.batch2,0,0
04:47:57,root.batch3,0,0
04:47:57,root.bursty0,109,664576
04:47:57,root.bursty1,123,750592
04:47:57,root.bursty2,155,931840
04:47:57,root.batch0,3,-1024
04:47:58,root.default,0,0
04:47:58,root.batch6,0,0
04:47:58,root.batch7,0,0
04:47:58,root.batch1,0,0
04:47:58,root.batch4,0,0
04:47:58,root.batch5,0,0
04:47:58,root.batch2,0,0
04:47:58,root.batch3,0,0
04:47:58,root.bursty0,114,695296
04:47:58,root.bursty1,126,769024
04:47:58,root.bursty2,155,931840
04:47:58,root.batch0,3,-1024
04:47:59,root.default,0,0
04:47:59,root.batch6,0,0
04:47:59,root.batch7,0,0
04:47:59,root.batch1,0,0
04:47:59,root.batch4,0,0
04:47:59,root.batch5,0,0
04:47:59,root.batch2,0,0
04:47:59,root.batch3,0,0
04:47:59,root.bursty1,124,756736
04:47:59,root.bursty0,122,744448
04:47:59,root.bursty2,155,931840
04:47:59,root.batch0,3,-1024
04:48:00,root.default,0,0
04:48:00,root.batch6,0,0
04:48:00,root.batch7,0,0
04:48:00,root.batch1,0,0
04:48:00,root.batch4,0,0
04:48:00,root.batch5,0,0
04:48:00,root.batch2,0,0
04:48:00,root.batch3,0,0
04:48:00,root.bursty1,122,744448
04:48:00,root.bursty0,125,762880
04:48:00,root.bursty2,155,931840
04:48:00,root.batch0,3,-1024
04:48:01,root.default,0,0
04:48:01,root.batch6,0,0
04:48:01,root.batch7,0,0
04:48:01,root.batch1,0,0
04:48:01,root.batch4,0,0
04:48:01,root.batch5,0,0
04:48:01,root.batch2,0,0
04:48:01,root.batch3,0,0
04:48:01,root.bursty1,123,750592
04:48:01,root.bursty0,128,781312
04:48:01,root.bursty2,155,931840
04:48:01,root.batch0,3,-1024
04:48:02,root.default,0,0
04:48:02,root.batch6,0,0
04:48:02,root.batch7,0,0
04:48:02,root.batch1,0,0
04:48:02,root.batch4,0,0
04:48:02,root.batch5,0,0
04:48:02,root.batch2,0,0
04:48:02,root.batch3,0,0
04:48:02,root.bursty1,123,750592
04:48:02,root.bursty0,127,775168
04:48:02,root.bursty2,155,931840
04:48:02,root.batch0,3,-1024
04:48:03,root.default,0,0
04:48:03,root.batch6,0,0
04:48:03,root.batch7,0,0
04:48:03,root.batch1,0,0
04:48:03,root.batch4,0,0
04:48:03,root.batch5,0,0
04:48:03,root.batch2,0,0
04:48:03,root.batch3,0,0
04:48:03,root.bursty1,122,744448
04:48:03,root.bursty0,127,775168
04:48:03,root.bursty2,155,931840
04:48:03,root.batch0,3,-1024
04:48:04,root.default,0,0
04:48:04,root.batch6,0,0
04:48:04,root.batch7,0,0
04:48:04,root.batch1,0,0
04:48:04,root.batch4,0,0
04:48:04,root.batch5,0,0
04:48:04,root.batch2,0,0
04:48:04,root.batch3,0,0
04:48:04,root.bursty1,123,750592
04:48:04,root.bursty0,128,781312
04:48:04,root.bursty2,152,913408
04:48:04,root.batch0,3,-1024
04:48:05,root.default,0,0
04:48:05,root.batch6,0,0
04:48:05,root.batch7,0,0
04:48:05,root.batch1,0,0
04:48:05,root.batch4,0,0
04:48:05,root.batch5,0,0
04:48:05,root.batch2,0,0
04:48:05,root.batch3,0,0
04:48:05,root.bursty1,132,805888
04:48:05,root.bursty0,129,787456
04:48:05,root.bursty2,142,851968
04:48:05,root.batch0,3,-1024
04:48:06,root.default,0,0
04:48:06,root.batch6,0,0
04:48:06,root.batch7,0,0
04:48:06,root.batch1,0,0
04:48:06,root.batch4,0,0
04:48:06,root.batch5,0,0
04:48:06,root.batch2,0,0
04:48:06,root.batch3,0,0
04:48:06,root.bursty2,130,778240
04:48:06,root.bursty0,134,818176
04:48:06,root.bursty1,139,848896
04:48:06,root.batch0,3,-1024
04:48:07,root.default,0,0
04:48:07,root.batch6,0,0
04:48:07,root.batch7,0,0
04:48:07,root.batch1,0,0
04:48:07,root.batch4,0,0
04:48:07,root.batch5,0,0
04:48:07,root.batch2,0,0
04:48:07,root.batch3,0,0
04:48:07,root.bursty2,117,698368
04:48:07,root.bursty0,140,855040
04:48:07,root.bursty1,144,879616
04:48:07,root.batch0,3,-1024
04:48:08,root.default,0,0
04:48:08,root.batch6,0,0
04:48:08,root.batch7,0,0
04:48:08,root.batch1,0,0
04:48:08,root.batch4,0,0
04:48:08,root.batch5,0,0
04:48:08,root.batch2,0,0
04:48:08,root.batch3,0,0
04:48:08,root.bursty2,114,679936
04:48:08,root.bursty0,142,867328
04:48:08,root.bursty1,148,904192
04:48:08,root.batch0,3,-1024
04:48:09,root.default,0,0
04:48:09,root.batch6,0,0
04:48:09,root.batch7,0,0
04:48:09,root.batch1,0,0
04:48:09,root.batch4,0,0
04:48:09,root.batch5,0,0
04:48:09,root.batch2,0,0
04:48:09,root.batch3,0,0
04:48:09,root.bursty2,111,661504
04:48:09,root.bursty0,142,867328
04:48:09,root.bursty1,149,910336
04:48:09,root.batch0,3,-1024
04:48:10,root.default,0,0
04:48:10,root.batch6,0,0
04:48:10,root.batch7,0,0
04:48:10,root.batch1,0,0
04:48:10,root.batch4,0,0
04:48:10,root.batch5,0,0
04:48:10,root.batch2,0,0
04:48:10,root.batch3,0,0
04:48:10,root.bursty2,114,679936
04:48:10,root.bursty0,142,867328
04:48:10,root.bursty1,149,910336
04:48:10,root.batch0,3,-1024
04:48:11,root.default,0,0
04:48:11,root.batch6,0,0
04:48:11,root.batch7,0,0
04:48:11,root.batch1,0,0
04:48:11,root.batch4,0,0
04:48:11,root.batch5,0,0
04:48:11,root.batch2,0,0
04:48:11,root.batch3,0,0
04:48:11,root.bursty2,115,686080
04:48:11,root.bursty0,142,867328
04:48:11,root.bursty1,149,910336
04:48:11,root.batch0,3,-1024
04:48:12,root.default,0,0
04:48:12,root.batch6,0,0
04:48:12,root.batch7,0,0
04:48:12,root.batch1,0,0
04:48:12,root.batch4,0,0
04:48:12,root.batch5,0,0
04:48:12,root.batch2,0,0
04:48:12,root.batch3,0,0
04:48:12,root.bursty2,115,686080
04:48:12,root.bursty0,142,867328
04:48:12,root.bursty1,149,910336
04:48:12,root.batch0,3,-1024
04:48:13,root.default,0,0
04:48:13,root.batch6,0,0
04:48:13,root.batch7,0,0
04:48:13,root.batch1,0,0
04:48:13,root.batch4,0,0
04:48:13,root.batch5,0,0
04:48:13,root.batch2,0,0
04:48:13,root.batch3,0,0
04:48:13,root.bursty2,114,679936
04:48:13,root.bursty0,133,812032
04:48:13,root.bursty1,150,916480
04:48:13,root.batch0,3,-1024
04:48:14,root.default,0,0
04:48:14,root.batch6,0,0
04:48:14,root.batch7,0,0
04:48:14,root.batch1,0,0
04:48:14,root.batch4,0,0
04:48:14,root.batch5,0,0
04:48:14,root.batch2,0,0
04:48:14,root.batch3,0,0
04:48:14,root.bursty0,117,713728
04:48:14,root.bursty2,122,729088
04:48:14,root.bursty1,150,916480
04:48:14,root.batch0,3,-1024
04:48:15,root.default,0,0
04:48:15,root.batch6,0,0
04:48:15,root.batch7,0,0
04:48:15,root.batch1,0,0
04:48:15,root.batch4,0,0
04:48:15,root.batch5,0,0
04:48:15,root.batch2,0,0
04:48:15,root.batch3,0,0
04:48:15,root.bursty0,101,615424
04:48:15,root.bursty2,132,790528
04:48:15,root.bursty1,150,916480
04:48:15,root.batch0,3,-1024
04:48:16,root.default,0,0
04:48:16,root.batch6,0,0
04:48:16,root.batch7,0,0
04:48:16,root.batch1,0,0
04:48:16,root.batch4,0,0
04:48:16,root.batch5,0,0
04:48:16,root.batch2,0,0
04:48:16,root.batch3,0,0
04:48:16,root.bursty0,119,726016
04:48:16,root.bursty2,134,802816
04:48:16,root.bursty1,146,891904
04:48:16,root.batch0,3,-1024
04:48:17,root.default,0,0
04:48:17,root.batch6,0,0
04:48:17,root.batch7,0,0
04:48:17,root.batch1,0,0
04:48:17,root.batch4,0,0
04:48:17,root.batch5,0,0
04:48:17,root.batch2,0,0
04:48:17,root.batch3,0,0
04:48:17,root.bursty0,128,781312
04:48:17,root.bursty2,135,808960
04:48:17,root.bursty1,140,855040
04:48:17,root.batch0,3,-1024
04:48:18,root.default,0,0
04:48:18,root.batch6,0,0
04:48:18,root.batch7,0,0
04:48:18,root.batch1,0,0
04:48:18,root.batch4,0,0
04:48:18,root.batch5,0,0
04:48:18,root.batch2,0,0
04:48:18,root.batch3,0,0
04:48:18,root.bursty0,129,787456
04:48:18,root.bursty2,135,808960
04:48:18,root.bursty1,139,848896
04:48:18,root.batch0,3,-1024
04:48:19,root.default,0,0
04:48:19,root.batch6,0,0
04:48:19,root.batch7,0,0
04:48:19,root.batch1,0,0
04:48:19,root.batch4,0,0
04:48:19,root.batch5,0,0
04:48:19,root.batch2,0,0
04:48:19,root.batch3,0,0
04:48:19,root.bursty2,135,808960
04:48:19,root.bursty0,133,812032
04:48:19,root.bursty1,135,824320
04:48:19,root.batch0,3,-1024
04:48:20,root.default,0,0
04:48:20,root.batch6,0,0
04:48:20,root.batch7,0,0
04:48:20,root.batch1,0,0
04:48:20,root.batch4,0,0
04:48:20,root.batch5,0,0
04:48:20,root.batch2,0,0
04:48:20,root.batch3,0,0
04:48:20,root.bursty1,126,769024
04:48:20,root.bursty2,138,827392
04:48:20,root.bursty0,141,861184
04:48:20,root.batch0,3,-1024
04:48:21,root.default,0,0
04:48:21,root.batch6,0,0
04:48:21,root.batch7,0,0
04:48:21,root.batch1,0,0
04:48:21,root.batch4,0,0
04:48:21,root.batch5,0,0
04:48:21,root.batch2,0,0
04:48:21,root.batch3,0,0
04:48:21,root.bursty1,119,726016
04:48:21,root.bursty2,138,827392
04:48:21,root.bursty0,147,898048
04:48:21,root.batch0,3,-1024
04:48:22,root.default,0,0
04:48:22,root.batch6,0,0
04:48:22,root.batch7,0,0
04:48:22,root.batch1,0,0
04:48:22,root.batch4,0,0
04:48:22,root.batch5,0,0
04:48:22,root.batch2,0,0
04:48:22,root.batch3,0,0
04:48:22,root.bursty1,112,683008
04:48:22,root.bursty2,138,827392
04:48:22,root.bursty0,155,947200
04:48:22,root.batch0,3,-1024
04:48:23,root.default,0,0
04:48:23,root.batch6,0,0
04:48:23,root.batch7,0,0
04:48:23,root.batch1,0,0
04:48:23,root.batch4,0,0
04:48:23,root.batch5,0,0
04:48:23,root.batch2,0,0
04:48:23,root.batch3,0,0
04:48:23,root.bursty1,107,652288
04:48:23,root.bursty2,138,827392
04:48:23,root.bursty0,159,971776
04:48:23,root.batch0,3,-1024
04:48:24,root.default,0,0
04:48:24,root.batch6,0,0
04:48:24,root.batch7,0,0
04:48:24,root.batch1,0,0
04:48:24,root.batch4,0,0
04:48:24,root.batch5,0,0
04:48:24,root.batch2,0,0
04:48:24,root.batch3,0,0
04:48:24,root.bursty1,105,640000
04:48:24,root.bursty2,138,827392
04:48:24,root.bursty0,163,996352
04:48:24,root.batch0,3,-1024
04:48:25,root.default,0,0
04:48:25,root.batch6,0,0
04:48:25,root.batch7,0,0
04:48:25,root.batch1,0,0
04:48:25,root.batch4,0,0
04:48:25,root.batch5,0,0
04:48:25,root.batch2,0,0
04:48:25,root.batch3,0,0
04:48:25,root.bursty1,105,640000
04:48:25,root.bursty2,138,827392
04:48:25,root.bursty0,160,977920
04:48:25,root.batch0,3,-1024
04:48:26,root.default,0,0
04:48:26,root.batch6,0,0
04:48:26,root.batch7,0,0
04:48:26,root.batch1,0,0
04:48:26,root.batch4,0,0
04:48:26,root.batch5,0,0
04:48:26,root.batch2,0,0
04:48:26,root.batch3,0,0
04:48:26,root.bursty1,110,670720
04:48:26,root.bursty2,138,827392
04:48:26,root.bursty0,146,891904
04:48:26,root.batch0,3,-1024
04:48:27,root.default,0,0
04:48:27,root.batch6,0,0
04:48:27,root.batch7,0,0
04:48:27,root.batch1,0,0
04:48:27,root.batch4,0,0
04:48:27,root.batch5,0,0
04:48:27,root.batch2,0,0
04:48:27,root.batch3,0,0
04:48:27,root.bursty1,123,750592
04:48:27,root.bursty2,138,827392
04:48:27,root.bursty0,130,793600
04:48:27,root.batch0,3,-1024
04:48:28,root.default,0,0
04:48:28,root.batch6,0,0
04:48:28,root.batch7,0,0
04:48:28,root.batch1,0,0
04:48:28,root.batch4,0,0
04:48:28,root.batch5,0,0
04:48:28,root.batch2,0,0
04:48:28,root.batch3,0,0
04:48:28,root.bursty0,120,732160
04:48:28,root.bursty1,136,830464
04:48:28,root.bursty2,138,827392
04:48:28,root.batch0,3,-1024
04:48:29,root.default,0,0
04:48:29,root.batch6,0,0
04:48:29,root.batch7,0,0
04:48:29,root.batch1,0,0
04:48:29,root.batch4,0,0
04:48:29,root.batch5,0,0
04:48:29,root.batch2,0,0
04:48:29,root.batch3,0,0
04:48:29,root.bursty0,122,744448
04:48:29,root.bursty2,138,827392
04:48:29,root.bursty1,141,861184
04:48:29,root.batch0,3,-1024
04:48:30,root.default,0,0
04:48:30,root.batch6,0,0
04:48:30,root.batch7,0,0
04:48:30,root.batch1,0,0
04:48:30,root.batch4,0,0
04:48:30,root.batch5,0,0
04:48:30,root.batch2,0,0
04:48:30,root.batch3,0,0
04:48:30,root.bursty0,125,762880
04:48:30,root.bursty2,138,827392
04:48:30,root.bursty1,143,873472
04:48:30,root.batch0,3,-1024
04:48:31,root.default,0,0
04:48:31,root.batch6,0,0
04:48:31,root.batch7,0,0
04:48:31,root.batch1,0,0
04:48:31,root.batch4,0,0
04:48:31,root.batch5,0,0
04:48:31,root.batch2,0,0
04:48:31,root.batch3,0,0
04:48:31,root.bursty0,125,762880
04:48:31,root.bursty2,138,827392
04:48:31,root.bursty1,143,873472
04:48:31,root.batch0,3,-1024
04:48:32,root.default,0,0
04:48:32,root.batch6,0,0
04:48:32,root.batch7,0,0
04:48:32,root.batch1,0,0
04:48:32,root.batch4,0,0
04:48:32,root.batch5,0,0
04:48:32,root.batch2,0,0
04:48:32,root.batch3,